詞頻序號	詞目	出現頻次	累積頻次	累積百分比
1	我們	2613	2613	0.492599
2	臺灣	2298	4911	0.925814
3	可以	1733	6644	1.252517
4	自己	1580	8224	1.550376
5	他們	1433	9657	1.820523
6	沒有	1409	11066	2.086146
7	因為	1219	12285	2.315950
8	可能	1104	13389	2.524074
9	如果	1033	14422	2.718814
10	問題	1004	15426	2.908087
11	因此	928	16354	3.083032
12	生活	924	17278	3.257223
13	什麼	913	18191	3.429340
14	工作	897	19088	3.598441
15	孩子	884	19972	3.765091
16	美國	876	20848	3.930233
17	廣告	865	21713	4.093301
18	經濟	859	22572	4.255238
19	社會	858	23430	4.416987
20	活動	857	24287	4.578547
21	開始	832	25119	4.735394
22	大陸	831	25950	4.892053
23	世界	826	26776	5.047769
24	日本	824	27600	5.203108
25	國小	810	28410	5.355808
26	但是	798	29208	5.506246
27	發展	784	29992	5.654044
28	時間	782	30774	5.801465
29	市場	769	31543	5.946436
30	朋友	763	32306	6.090276
31	公司	750	33056	6.231665
32	電影	748	33804	6.372677
33	兒童	744	34548	6.512935
34	中國	732	35280	6.650931
35	小朋友	701	35981	6.783082
36	由於	701	36682	6.915233
37	所以	701	37383	7.047384
38	知道	699	38082	7.179158
39	現在	695	38777	7.310178
40	許多	678	39455	7.437994
41	政府	670	40125	7.564301
42	發現	670	40795	7.690608
43	成為	656	41451	7.814276
44	教育	653	42104	7.937379
45	雖然	635	42739	8.057088
46	認為	615	43354	8.173027
47	企業	605	43959	8.287081
48	地方	597	44556	8.399627
49	必須	596	45152	8.511984
50	如何	586	45738	8.622456
51	目前	578	46316	8.731420
52	不過	571	46887	8.839064
53	影響	571	47458	8.946708
54	已經	565	48023	9.053221
55	政治	563	48586	9.159357
56	投資	548	49134	9.262665
57	就是	543	49677	9.365031
58	關係	543	50220	9.467397
59	未來	542	50762	9.569574
60	重要	541	51303	9.671562
61	出現	530	51833	9.771477
62	引擎	529	52362	9.871203
63	希望	527	52889	9.970552
64	研究	525	53414	10.069524
65	北市	522	53936	10.167931
66	學生	512	54448	10.264452
67	設計	499	54947	10.358523
68	時候	497	55444	10.452217
69	文化	495	55939	10.545534
70	表現	494	56433	10.638662
71	國家	491	56924	10.731225
72	發生	491	57415	10.823788
73	安全	482	57897	10.914654
74	進行	480	58377	11.005143
75	其他	479	58856	11.095443
76	環境	477	59333	11.185366
77	表示	475	59808	11.274912
78	無法	475	60283	11.364458
79	方式	474	60757	11.453816
80	需要	473	61230	11.542985
81	國內	472	61702	11.631966
82	老師	461	62163	11.718873
83	方面	458	62621	11.805214
84	使用	458	63079	11.891555
85	甚至	457	63536	11.977708
86	今天	454	63990	12.063295
87	國際	448	64438	12.147751
88	一樣	447	64885	12.232019
89	同時	447	65332	12.316287
90	而且	447	65779	12.400555
91	非常	441	66220	12.483692
92	這樣	439	66659	12.566452
93	成長	436	67095	12.648646
94	一定	432	67527	12.730086
95	一般	431	67958	12.811337
96	歷史	431	68389	12.892588
97	相當	430	68819	12.973651
98	當時	429	69248	13.054525
99	過去	428	69676	13.135211
100	舉行	428	70104	13.215897
101	然而	425	70529	13.296017
102	應該	425	70954	13.376137
103	臺北	421	71375	13.455503
104	故事	417	71792	13.534115
105	總統	417	72209	13.612727
106	電腦	413	72622	13.690585
107	空間	412	73034	13.768255
108	大家	411	73445	13.845736
109	媽媽	410	73855	13.923029
110	如此	409	74264	14.000133
111	作品	402	74666	14.075917
112	結果	400	75066	14.151324
113	部分	395	75461	14.225789
114	土地	394	75855	14.300065
115	今年	392	76247	14.373964
116	主要	392	76639	14.447863
117	自然	389	77028	14.521197
118	特別	387	77415	14.594154
119	學校	382	77797	14.666168
120	其中	381	78178	14.737994
121	產生	380	78558	14.809631
122	傳統	380	78938	14.881268
123	增加	380	79318	14.952905
124	為什麼	379	79697	15.024354
125	產品	379	80076	15.095803
126	提供	374	80450	15.166309
127	舉辦	374	80824	15.236815
128	中心	373	81197	15.307132
129	比賽	372	81569	15.377261
130	決定	369	81938	15.446824
131	最後	369	82307	15.516387
132	情況	367	82674	15.585573
133	參加	364	83038	15.654194
134	這些	364	83402	15.722815
135	喜歡	364	83766	15.791436
136	系統	362	84128	15.859680
137	方法	361	84489	15.927735
138	健康	361	84850	15.995790
139	只有	358	85208	16.063280
140	以及	354	85562	16.130016
141	生命	353	85915	16.196563
142	家庭	353	86268	16.263110
143	比較	350	86618	16.329091
144	能力	350	86968	16.395072
145	經驗	350	87318	16.461053
146	時代	349	87667	16.526846
147	造成	349	88016	16.592639
148	技術	347	88363	16.658055
149	藝術	347	88710	16.723471
150	世紀	340	89050	16.787567
151	是否	339	89389	16.851475
152	地球	338	89727	16.915194
153	出來	337	90064	16.978725
154	管理	337	90401	17.042256
155	快樂	336	90737	17.105598
156	容易	336	91073	17.168940
157	地區	334	91407	17.231905
158	汽車	334	91741	17.294870
159	運動	334	92075	17.357835
160	成功	330	92405	17.420046
161	怎麼	330	92735	17.482257
162	機會	328	93063	17.544091
163	只是	327	93390	17.605737
164	完全	326	93716	17.667194
165	這個	326	94042	17.728651
166	選擇	326	94368	17.790108
167	事實	323	94691	17.850999
168	人員	322	95013	17.911702
169	覺得	322	95335	17.972405
170	先生	319	95654	18.032542
171	開發	319	95973	18.092679
172	經過	319	96292	18.152816
173	東西	318	96610	18.212765
174	感覺	317	96927	18.272525
175	對於	317	97244	18.332285
176	改變	316	97560	18.391857
177	香港	315	97875	18.451240
178	所有	314	98189	18.510435
179	當然	314	98503	18.569630
180	利用	313	98816	18.628636
181	個人	313	99129	18.687642
182	之後	309	99438	18.745894
183	然後	309	99747	18.804146
184	真正	306	100053	18.861833
185	推出	306	100359	18.919520
186	過程	306	100665	18.977207
187	環保	304	100969	19.034517
188	不斷	303	101272	19.091638
189	服務	303	101575	19.148759
190	接受	302	101877	19.205692
191	這種	301	102178	19.262436
192	可是	300	102478	19.318992
193	中共	299	102777	19.375359
194	進入	299	103076	19.431726
195	告訴	298	103374	19.487905
196	一直	297	103671	19.543895
197	其實	296	103967	19.599696
198	動物	295	104262	19.655309
199	經營	293	104555	19.710545
200	人民	292	104847	19.765592
201	另外	291	105138	19.820451
202	一些	289	105427	19.874933
203	包括	288	105715	19.929226
204	去年	287	106002	19.983331
205	於是	287	106289	20.037436
206	注意	287	106576	20.091541
207	組織	287	106863	20.145646
208	開放	287	107150	20.199751
209	父親	285	107435	20.253479
210	年代	285	107720	20.307207
211	生產	283	108003	20.360558
212	形成	282	108285	20.413720
213	政策	282	108567	20.466882
214	新加坡	282	108849	20.520044
215	十分	279	109128	20.572641
216	只要	279	109407	20.625238
217	計畫	278	109685	20.677646
218	現象	277	109962	20.729866
219	歐洲	277	110239	20.782086
220	那麼	276	110515	20.834117
221	原因	276	110791	20.886148
222	人類	274	111065	20.937802
223	音樂	273	111338	20.989268
224	精神	273	111611	21.040734
225	一起	272	111883	21.092011
226	成立	272	112155	21.143288
227	教學	272	112427	21.194565
228	要求	271	112698	21.245654
229	任何	267	112965	21.295988
230	指出	267	113232	21.346322
231	嚴重	267	113499	21.396656
232	繼續	267	113766	21.446990
233	處理	266	114032	21.497136
234	父母	265	114297	21.547093
235	例如	265	114562	21.597050
236	學習	265	114827	21.647007
237	品質	263	115090	21.696587
238	國民黨	262	115352	21.745979
239	選舉	261	115613	21.795182
240	以後	260	115873	21.844197
241	民眾	260	116133	21.893212
242	現代	260	116393	21.942227
243	觀念	260	116653	21.991242
244	女性	259	116912	22.040068
245	人生	258	117170	22.088706
246	代表	258	117428	22.137344
247	科學	255	117683	22.185416
248	擁有	255	117938	22.233488
249	功能	254	118192	22.281372
250	了解	253	118445	22.329067
251	似乎	252	118697	22.376574
252	治療	252	118949	22.424081
253	相信	252	119201	22.471588
254	幾乎	252	119453	22.519095
255	制度	251	119704	22.566413
256	標準	251	119955	22.613731
257	解決	250	120205	22.660861
258	引起	249	120454	22.707802
259	完成	249	120703	22.754743
260	認識	249	120952	22.801684
261	即使	248	121200	22.848437
262	交通	247	121447	22.895001
263	高市	247	121694	22.941565
264	逐漸	247	121941	22.988129
265	電視	247	122188	23.034693
266	壓力	246	122434	23.081069
267	病人	245	122679	23.127256
268	目標	244	122923	23.173255
269	努力	244	123167	23.219254
270	競爭	243	123410	23.265064
271	建立	242	123652	23.310685
272	根據	242	123894	23.356306
273	都是	241	124135	23.401739
274	臺北市	241	124376	23.447172
275	影片	240	124616	23.492416
276	終於	239	124855	23.537472
277	歡迎	238	125093	23.582339
278	母親	237	125330	23.627018
279	保護	236	125566	23.671508
280	獲得	236	125802	23.715998
281	醫生	236	126038	23.760488
282	人們	235	126273	23.804790
283	準備	235	126508	23.849092
284	大學	233	126741	23.893017
285	一切	232	126973	23.936753
286	女人	232	127205	23.980489
287	自由	232	127437	24.024225
288	尤其	231	127668	24.067773
289	英國	231	127899	24.111321
290	幫助	231	128130	24.154869
291	也許	230	128360	24.198228
292	後來	230	128590	24.241587
293	合作	228	128818	24.284569
294	還有	228	129046	24.327551
295	身體	227	129273	24.370345
296	美元	227	129500	24.413139
297	面對	227	129727	24.455933
298	提出	227	129954	24.498727
299	提高	227	130181	24.541521
300	業者	226	130407	24.584126
301	價值	223	130630	24.626166
302	專業	222	130852	24.668017
303	不僅	221	131073	24.709680
304	車型	221	131294	24.751343
305	看到	221	131515	24.793006
306	上市	220	131735	24.834480
307	反應	220	131955	24.875954
308	支持	220	132175	24.917428
309	科技	220	132395	24.958902
310	變化	219	132614	25.000188
311	銀行	218	132832	25.041285
312	才能	217	133049	25.082194
313	北縣	217	133266	25.123103
314	單位	217	133483	25.164012
315	調查	217	133700	25.204921
316	變成	217	133917	25.245830
317	心理	216	134133	25.286550
318	分析	214	134347	25.326893
319	此外	214	134561	25.367236
320	長期	214	134775	25.407579
321	減少	214	134989	25.447922
322	還是	214	135203	25.488265
323	民主	212	135415	25.528231
324	別人	212	135627	25.568197
325	也是	211	135838	25.607974
326	值得	211	136049	25.647751
327	電話	211	136260	25.687528
328	力量	210	136470	25.727117
329	充滿	210	136680	25.766706
330	觀眾	210	136890	25.806295
331	展開	209	137099	25.845695
332	資金	209	137308	25.885095
333	爸爸	208	137516	25.924307
334	人物	207	137723	25.963330
335	策略	207	137930	26.002353
336	廠商	207	138137	26.041376
337	民間	206	138343	26.080211
338	事業	206	138549	26.119046
339	超過	206	138755	26.157881
340	聲音	206	138961	26.196716
341	同樣	205	139166	26.235362
342	青少年	205	139371	26.274008
343	信託	205	139576	26.312654
344	配備	205	139781	26.351300
345	實際	204	139985	26.389758
346	全國	202	140187	26.427839
347	並且	202	140389	26.465920
348	法國	202	140591	26.504001
349	方向	201	140792	26.541893
350	以前	201	140993	26.579785
351	因素	201	141194	26.617677
352	宇宙	201	141395	26.655569
353	專家	201	141596	26.693461
354	創作	201	141797	26.731353
355	存在	200	141997	26.769057
356	作用	200	142197	26.806761
357	建設	200	142397	26.844465
358	痛苦	200	142597	26.882169
359	加強	199	142796	26.919684
360	食物	199	142995	26.957199
361	觀察	199	143194	26.994714
362	全球	197	143391	27.031852
363	至於	197	143588	27.068990
364	城市	197	143785	27.106128
365	演出	197	143982	27.143266
366	改革	196	144178	27.180216
367	附近	196	144374	27.217166
368	原來	196	144570	27.254116
369	產業	196	144766	27.291066
370	距離	196	144962	27.328016
371	顯示	196	145158	27.364966
372	起來	195	145353	27.401727
373	意義	195	145548	27.438488
374	民進黨	194	145742	27.475061
375	直接	194	145936	27.511634
376	重視	193	146129	27.548018
377	資料	193	146322	27.584402
378	性能	192	146514	27.620598
379	高雄	192	146706	27.656794
380	報導	192	146898	27.692990
381	製造	191	147089	27.728997
382	銷售	191	147280	27.765004
383	角色	190	147470	27.800823
384	教授	190	147660	27.836642
385	不再	189	147849	27.872272
386	旅遊	189	148038	27.907902
387	控制	189	148227	27.943532
388	積極	189	148416	27.979162
389	親子	189	148605	28.014792
390	仍然	188	148793	28.050233
391	建議	188	148981	28.085674
392	太陽	187	149168	28.120927
393	智慧	187	149355	28.156180
394	資源	187	149542	28.191433
395	遊戲	186	149728	28.226497
396	說明	186	149914	28.261561
397	你們	185	150099	28.296437
398	改善	185	150284	28.331313
399	或許	185	150469	28.366189
400	建築	185	150654	28.401065
401	教師	185	150839	28.435941
402	媒體	185	151024	28.470817
403	系列	184	151208	28.505504
404	員工	184	151392	28.540191
405	基本	184	151576	28.574878
406	成本	183	151759	28.609377
407	有關	183	151942	28.643876
408	明顯	183	152125	28.678375
409	共同	182	152307	28.712685
410	具有	182	152489	28.746995
411	資訊	182	152671	28.781305
412	男人	180	152851	28.815238
413	股市	180	153031	28.849171
414	得到	180	153211	28.883104
415	醫院	180	153391	28.917037
416	成績	179	153570	28.950782
417	速度	179	153749	28.984527
418	景氣	179	153928	29.018272
419	實在	179	154107	29.052017
420	避免	179	154286	29.085762
421	形象	178	154464	29.119318
422	條件	178	154642	29.152874
423	規劃	178	154820	29.186430
424	會議	178	154998	29.219986
425	態度	178	155176	29.253542
426	導演	178	155354	29.287098
427	行為	177	155531	29.320466
428	兩岸	177	155708	29.353834
429	美麗	177	155885	29.387202
430	重新	177	156062	29.420570
431	檢查	177	156239	29.453938
432	多少	176	156415	29.487117
433	令人	175	156590	29.520108
434	左右	175	156765	29.553099
435	招生	175	156940	29.586090
436	狀況	175	157115	29.619081
437	設備	175	157290	29.652072
438	內容	174	157464	29.684874
439	各種	173	157637	29.717488
440	客戶	173	157810	29.750102
441	時期	173	157983	29.782716
442	掌握	173	158156	29.815330
443	曾經	173	158329	29.847944
444	自我	172	158501	29.880369
445	車身	172	158673	29.912794
446	享受	172	158845	29.945219
447	婦女	172	159017	29.977644
448	價格	172	159189	30.010069
449	立委	171	159360	30.042306
450	死亡	171	159531	30.074543
451	往往	171	159702	30.106780
452	表演	171	159873	30.139017
453	效果	171	160044	30.171254
454	眼睛	171	160215	30.203491
455	大量	170	160385	30.235539
456	正式	170	160555	30.267587
457	有些	170	160725	30.299635
458	車系	170	160895	30.331683
459	能夠	170	161065	30.363731
460	推動	170	161235	30.395779
461	醫師	170	161405	30.427827
462	雜誌	170	161575	30.459875
463	通常	169	161744	30.491735
464	人口	168	161912	30.523406
465	公里	168	162080	30.555077
466	保持	168	162248	30.586748
467	降低	168	162416	30.618419
468	這裡	167	162583	30.649902
469	德國	167	162750	30.681385
470	調整	167	162917	30.712868
471	考慮	166	163083	30.744162
472	配合	166	163249	30.775456
473	愛滋病	166	163415	30.806750
474	辦法	166	163581	30.838044
475	小時	165	163746	30.869150
476	行動	165	163911	30.900256
477	情形	165	164076	30.931362
478	集團	165	164241	30.962468
479	感染	165	164406	30.993574
480	獨立	165	164571	31.024680
481	簡單	165	164736	31.055786
482	那些	164	164900	31.086703
483	每天	163	165063	31.117432
484	業務	163	165226	31.148161
485	所謂	162	165388	31.178701
486	動力	162	165550	31.209241
487	參與	162	165712	31.239781
488	唯一	162	165874	31.270321
489	工程	161	166035	31.300672
490	不論	161	166196	31.331023
491	公尺	161	166357	31.361374
492	事件	161	166518	31.391725
493	狀態	161	166679	31.422076
494	維持	161	166840	31.452427
495	上海	160	167000	31.482590
496	年輕	160	167160	31.512753
497	家長	160	167320	31.542916
498	結束	160	167480	31.573079
499	製作	160	167640	31.603242
500	加入	159	167799	31.633216
501	永遠	159	167958	31.663190
502	經堂	159	168117	31.693164
503	趨勢	159	168276	31.723138
504	知識	158	168434	31.752924
505	不但	157	168591	31.782521
506	星系	157	168748	31.812118
507	特殊	157	168905	31.841715
508	結構	157	169062	31.871312
509	有效	156	169218	31.900721
510	負責	156	169374	31.930130
511	訓練	156	169530	31.959539
512	強調	156	169686	31.988948
513	期間	156	169842	32.018357
514	介紹	155	169997	32.047577
515	以為	155	170152	32.076797
516	兒子	155	170307	32.106017
517	計劃	155	170462	32.135237
518	面臨	155	170617	32.164457
519	患者	155	170772	32.193677
520	新聞	155	170927	32.222897
521	工業	154	171081	32.251929
522	困難	154	171235	32.280961
523	突然	154	171389	32.309993
524	追求	154	171543	32.339025
525	實施	154	171697	32.368057
526	機構	154	171851	32.397089
527	謝謝	154	172005	32.426121
528	小孩	153	172158	32.454964
529	分別	153	172311	32.483807
530	吸引	153	172464	32.512650
531	官員	153	172617	32.541493
532	相同	153	172770	32.570336
533	女兒	152	172922	32.598991
534	成熟	152	173074	32.627646
535	缺乏	152	173226	32.656301
536	離開	152	173378	32.684956
537	少年	151	173529	32.713422
538	地位	151	173680	32.741888
539	利益	151	173831	32.770354
540	事情	151	173982	32.798820
541	根本	151	174133	32.827286
542	創造	151	174284	32.855752
543	報告	151	174435	32.884218
544	失去	150	174585	32.912496
545	申請	150	174735	32.940774
546	持續	150	174885	32.969052
547	校園	150	175035	32.997330
548	創意	150	175185	33.025608
549	運用	150	175335	33.053886
550	讀者	150	175485	33.082164
551	生存	149	175634	33.110253
552	安排	149	175783	33.138342
553	明年	149	175932	33.166431
554	基礎	149	176081	33.194520
555	統一	149	176230	33.222609
556	提升	149	176379	33.250698
557	整個	149	176528	33.278787
558	中央	148	176676	33.306688
559	文學	148	176824	33.334589
560	平均	148	176972	33.362490
561	都市	148	177120	33.390391
562	發揮	148	177268	33.418292
563	程度	148	177416	33.446193
564	需求	148	177564	33.474094
565	呈現	147	177711	33.501806
566	冠軍	147	177858	33.529518
567	大約	146	178004	33.557042
568	消費者	146	178150	33.584566
569	清楚	146	178296	33.612090
570	規定	146	178442	33.639614
571	肯定	144	178586	33.666761
572	森林	144	178730	33.693908
573	登場	144	178874	33.721055
574	人才	143	179017	33.748013
575	品牌	143	179160	33.774971
576	看見	143	179303	33.801929
577	疾病	143	179446	33.828887
578	人士	142	179588	33.855657
579	今日	142	179730	33.882427
580	水準	142	179872	33.909197
581	目的	142	180014	33.935967
582	名單	142	180156	33.962737
583	階段	142	180298	33.989507
584	擴大	142	180440	34.016277
585	心情	141	180581	34.042858
586	生物	141	180722	34.069439
587	校長	141	180863	34.096020
588	畢業	141	181004	34.122601
589	這是	141	181145	34.149182
590	團體	141	181286	34.175763
591	公布	140	181426	34.202156
592	全部	140	181566	34.228549
593	玻璃	140	181706	34.254942
594	習慣	140	181846	34.281335
595	證明	140	181986	34.307728
596	正確	139	182125	34.333932
597	民國	139	182264	34.360136
598	全面	139	182403	34.386340
599	空氣	139	182542	34.412544
600	特色	139	182681	34.438748
601	感受	139	182820	34.464952
602	不可	138	182958	34.490968
603	本身	138	183096	34.516984
604	正常	138	183234	34.543000
605	回家	138	183372	34.569016
606	如今	138	183510	34.595032
607	西方	138	183648	34.621048
608	那裡	138	183786	34.647064
609	相關	138	183924	34.673080
610	風格	138	184062	34.699096
611	透過	138	184200	34.725112
612	絕對	138	184338	34.751128
613	豐富	138	184476	34.777144
614	反而	137	184613	34.802971
615	參觀	137	184750	34.828798
616	國中	137	184887	34.854625
617	理想	137	185024	34.880452
618	達到	137	185161	34.906279
619	學者	137	185298	34.932106
620	一旦	136	185434	34.957745
621	明天	136	185570	34.983384
622	發表	136	185706	35.009023
623	中國人	135	185841	35.034473
624	印象	135	185976	35.059923
625	良好	135	186111	35.085373
626	當地	135	186246	35.110823
627	公開	134	186380	35.136084
628	好像	134	186514	35.161345
629	屬於	134	186648	35.186606
630	有趣	133	186781	35.211679
631	利率	133	186914	35.236752
632	首先	133	187047	35.261825
633	規模	133	187180	35.286898
634	擔心	133	187313	35.311971
635	車種	132	187445	35.336855
636	恐龍	132	187577	35.361739
637	接觸	132	187709	35.386623
638	大眾	131	187840	35.411319
639	主管	131	187971	35.436015
640	採用	131	188102	35.460711
641	垃圾	130	188232	35.485218
642	金融	130	188362	35.509725
643	思想	130	188492	35.534232
644	研習	130	188622	35.558739
645	討論	130	188752	35.583246
646	輕鬆	130	188882	35.607753
647	導致	130	189012	35.632260
648	內部	129	189141	35.656579
649	來自	129	189270	35.680898
650	小學	128	189398	35.705028
651	教室	128	189526	35.729158
652	這麼	128	189654	35.753288
653	解釋	128	189782	35.777418
654	道路	128	189910	35.801548
655	整體	128	190038	35.825678
656	北京	127	190165	35.849620
657	色彩	127	190292	35.873562
658	行銷	127	190419	35.897504
659	花蓮	127	190546	35.921446
660	消失	127	190673	35.945388
661	結合	127	190800	35.969330
662	總經理	127	190927	35.993272
663	挑戰	126	191053	36.017025
664	堅持	126	191179	36.040778
665	部門	126	191305	36.064531
666	興趣	126	191431	36.088284
667	總是	126	191557	36.112037
668	丈夫	125	191682	36.135602
669	回來	125	191807	36.159167
670	法律	125	191932	36.182732
671	原本	125	192057	36.206297
672	從事	125	192182	36.229862
673	獲利	125	192307	36.253427
674	怎樣	124	192431	36.276803
675	高中	124	192555	36.300179
676	數學	124	192679	36.323555
677	公園	123	192802	36.346743
678	方案	123	192925	36.369931
679	流行	123	193048	36.393119
680	常常	123	193171	36.416307
681	教部	123	193294	36.439495
682	尋找	123	193417	36.462683
683	貿易	123	193540	36.485871
684	進口	123	193663	36.509059
685	煩惱	123	193786	36.532247
686	擔任	123	193909	36.555435
687	角度	122	194031	36.578434
688	思考	122	194153	36.601433
689	無論	122	194275	36.624432
690	對象	122	194397	36.647431
691	休閒	121	194518	36.670242
692	植物	121	194639	36.693053
693	適合	121	194760	36.715864
694	它們	120	194880	36.738486
695	我國	120	195000	36.761108
696	消費	120	195120	36.783730
697	情緒	120	195240	36.806352
698	報紙	120	195360	36.828974
699	緊張	120	195480	36.851596
700	模式	120	195600	36.874218
701	有時	119	195719	36.896652
702	李登輝	119	195838	36.919086
703	亞洲	119	195957	36.941520
704	或者	119	196076	36.963954
705	原則	119	196195	36.986388
706	馬力	119	196314	37.008822
707	國外	119	196433	37.031256
708	意見	119	196552	37.053690
709	鼓勵	119	196671	37.076124
710	範圍	119	196790	37.098558
711	大部分	118	196908	37.120803
712	充分	118	197026	37.143048
713	限制	118	197144	37.165293
714	辦理	118	197262	37.187538
715	聰明	118	197380	37.209783
716	重大	117	197497	37.231840
717	海外	117	197614	37.253897
718	輔導	117	197731	37.275954
719	人體	116	197847	37.297822
720	危機	116	197963	37.319690
721	青年	116	198079	37.341558
722	相對	116	198195	37.363426
723	接近	116	198311	37.385294
724	採取	116	198427	37.407162
725	暑假	116	198543	37.429030
726	競賽	116	198659	37.450898
727	顯然	116	198775	37.472766
728	快速	115	198890	37.494446
729	皇帝	115	199005	37.516126
730	執行	115	199120	37.537806
731	溝通	115	199235	37.559486
732	確定	115	199350	37.581166
733	大自然	114	199464	37.602657
734	歡樂	114	199578	37.624148
735	小心	113	199691	37.645451
736	幼稚園	113	199804	37.666754
737	名字	113	199917	37.688057
738	穩定	113	200030	37.709360
739	轎車	113	200143	37.730663
740	自殺	112	200255	37.751777
741	迅速	112	200367	37.772891
742	到底	112	200479	37.794005
743	家人	112	200591	37.815119
744	破壞	112	200703	37.836233
745	動作	112	200815	37.857347
746	商品	112	200927	37.878461
747	訪問	112	201039	37.899575
748	儘管	112	201151	37.920689
749	下來	111	201262	37.941615
750	比例	111	201373	37.962541
751	立即	111	201484	37.983467
752	再度	111	201595	38.004393
753	回收	111	201706	38.025319
754	西元	111	201817	38.046245
755	星期	111	201928	38.067171
756	陽光	111	202039	38.088097
757	預算	111	202150	38.109023
758	購買	111	202261	38.129949
759	關鍵	111	202372	38.150875
760	願意	111	202483	38.171801
761	大多數	110	202593	38.192538
762	幼兒	110	202703	38.213275
763	至少	110	202813	38.234012
764	否則	110	202923	38.254749
765	刺激	110	203033	38.275486
766	爭取	110	203143	38.296223
767	恢復	110	203253	38.316960
768	展現	110	203363	38.337697
769	時刻	110	203473	38.358434
770	症狀	110	203583	38.379171
771	商業	110	203693	38.399908
772	意識	110	203803	38.420645
773	愛情	110	203913	38.441382
774	語言	110	204023	38.462119
775	顏色	110	204133	38.482856
776	老人	109	204242	38.503405
777	差異	109	204351	38.523954
778	針對	109	204460	38.544503
779	措施	109	204569	38.565052
780	晚上	109	204678	38.585601
781	報名	109	204787	38.606150
782	發行	109	204896	38.626699
783	照片	109	205005	38.647248
784	臺北縣	109	205114	38.667797
785	類似	109	205223	38.688346
786	天下	108	205331	38.708706
787	出國	108	205439	38.729066
788	同意	108	205547	38.749426
789	背景	108	205655	38.769786
790	數字	108	205763	38.790146
791	確實	108	205871	38.810506
792	觀點	108	205979	38.830866
793	加速	107	206086	38.851037
794	正是	107	206193	38.871208
795	而已	107	206300	38.891379
796	車款	107	206407	38.911550
797	或是	107	206514	38.931721
798	長大	107	206621	38.951892
799	看法	107	206728	38.972063
800	博士	107	206835	38.992234
801	對方	107	206942	39.012405
802	臺商	107	207049	39.032576
803	權力	107	207156	39.052747
804	不錯	106	207262	39.072730
805	危險	106	207368	39.092713
806	回答	106	207474	39.112696
807	投入	106	207580	39.132679
808	股票	106	207686	39.152662
809	信心	106	207792	39.172645
810	節目	106	207898	39.192628
811	臺中	106	208004	39.212611
812	澳洲	106	208110	39.232594
813	各地	105	208215	39.252388
814	成果	105	208320	39.272182
815	考試	105	208425	39.291976
816	免費	105	208530	39.311770
817	受到	105	208635	39.331564
818	妻子	105	208740	39.351358
819	昨天	105	208845	39.371152
820	現實	105	208950	39.390946
821	跑車	105	209055	39.410740
822	瞭解	105	209160	39.430534
823	繪畫	105	209265	39.450328
824	關心	105	209370	39.470122
825	只能	104	209474	39.489728
826	民族	104	209578	39.509334
827	取得	104	209682	39.528940
828	房地產	104	209786	39.548546
829	突破	104	209890	39.568152
830	尊重	104	209994	39.587758
831	普遍	104	210098	39.607364
832	辦公室	104	210202	39.626970
833	嬰兒	104	210306	39.646576
834	工廠	103	210409	39.665993
835	失敗	103	210512	39.685410
836	房子	103	210615	39.704827
837	物質	103	210718	39.724244
838	旅行	103	210821	39.743661
839	訊息	103	210924	39.763078
840	感情	103	211027	39.782495
841	一生	102	211129	39.801724
842	工具	102	211231	39.820953
843	自動	102	211333	39.840182
844	身上	102	211435	39.859411
845	咖啡	102	211537	39.878640
846	裡面	102	211639	39.897869
847	農民	102	211741	39.917098
848	衛生	102	211843	39.936327
849	分鐘	101	211944	39.955367
850	至今	101	212045	39.974407
851	家族	101	212146	39.993447
852	記者	101	212247	40.012487
853	培養	101	212348	40.031527
854	貸款	101	212449	40.050567
855	進步	101	212550	40.069607
856	實驗	101	212651	40.088647
857	複雜	101	212752	40.107687
858	收入	100	212852	40.126539
859	形式	100	212952	40.145391
860	找到	100	213052	40.164243
861	投資人	100	213152	40.183095
862	男性	100	213252	40.201947
863	依然	100	213352	40.220799
864	夏天	100	213452	40.239651
865	著名	100	213552	40.258503
866	愛心	100	213652	40.277355
867	經費	100	213752	40.296207
868	人數	99	213851	40.314870
869	小姐	99	213950	40.333533
870	交易	99	214049	40.352196
871	老闆	99	214148	40.370859
872	呼吸	99	214247	40.389522
873	彼此	99	214346	40.408185
874	計算	99	214445	40.426848
875	氣氛	99	214544	40.445511
876	採訪	99	214643	40.464174
877	暴力	99	214742	40.482837
878	器官	99	214841	40.501500
879	大幅	98	214939	40.519975
880	子女	98	215037	40.538450
881	主題	98	215135	40.556925
882	合理	98	215233	40.575400
883	車子	98	215331	40.593875
884	協助	98	215429	40.612350
885	英文	98	215527	40.630825
886	執政黨	98	215625	40.649300
887	符合	98	215723	40.667775
888	演員	98	215821	40.686250
889	之前	97	215918	40.704536
890	位置	97	216015	40.722822
891	保險	97	216112	40.741108
892	紛紛	97	216209	40.759394
893	設立	97	216306	40.777680
894	整合	97	216403	40.795966
895	禮物	97	216500	40.814252
896	不管	96	216596	40.832350
897	牙齒	96	216692	40.850448
898	扭力	96	216788	40.868546
899	玩具	96	216884	40.886644
900	高雄市	96	216980	40.904742
901	深入	96	217076	40.922840
902	戲劇	96	217172	40.940938
903	關懷	96	217268	40.959036
904	嚴格	96	217364	40.977134
905	反映	95	217459	40.995043
906	立刻	95	217554	41.012952
907	年齡	95	217649	41.030861
908	行政	95	217744	41.048770
909	衣服	95	217839	41.066679
910	每年	95	217934	41.084588
911	始終	95	218029	41.102497
912	明白	95	218124	41.120406
913	東京	95	218219	41.138315
914	面積	95	218314	41.156224
915	區域	95	218409	41.174133
916	畫面	95	218504	41.192042
917	想像	95	218599	41.209951
918	董事長	95	218694	41.227860
919	預測	95	218789	41.245769
920	演講	95	218884	41.263678
921	慶祝	95	218979	41.281587
922	操作	95	219074	41.299496
923	營養	95	219169	41.317405
924	職棒	95	219264	41.335314
925	下降	94	219358	41.353035
926	大概	94	219452	41.370756
927	反對	94	219546	41.388477
928	主人	94	219640	41.406198
929	同學	94	219734	41.423919
930	即將	94	219828	41.441640
931	吸收	94	219922	41.459361
932	飛機	94	220016	41.477082
933	組合	94	220110	41.494803
934	造型	94	220204	41.512524
935	項目	94	220298	41.530245
936	意外	94	220392	41.547966
937	照顧	94	220486	41.565687
938	達成	94	220580	41.583408
939	實力	94	220674	41.601129
940	主任	93	220767	41.618661
941	全省	93	220860	41.636193
942	地點	93	220953	41.653725
943	拍攝	93	221046	41.671257
944	明星	93	221139	41.688789
945	表面	93	221232	41.706321
946	家裡	93	221325	41.723853
947	概念	93	221418	41.741385
948	當年	93	221511	41.758917
949	藥物	93	221604	41.776449
950	互相	92	221696	41.793793
951	必要	92	221788	41.811137
952	欣賞	92	221880	41.828481
953	股價	92	221972	41.845825
954	表達	92	222064	41.863169
955	前往	92	222156	41.880513
956	記得	92	222248	41.897857
957	偉大	92	222340	41.915201
958	義大利	92	222432	41.932545
959	補助	92	222524	41.949889
960	滿足	92	222616	41.967233
961	心靈	91	222707	41.984388
962	打開	91	222798	42.001543
963	成就	91	222889	42.018698
964	早期	91	222980	42.035853
965	並非	91	223071	42.053008
966	命運	91	223162	42.070163
967	星星	91	223253	42.087318
968	重點	91	223344	42.104473
969	氣門	91	223435	42.121628
970	馬上	91	223526	42.138783
971	強烈	91	223617	42.155938
972	障礙	91	223708	42.173093
973	激烈	91	223799	42.190248
974	聯合國	91	223890	42.207403
975	關於	91	223981	42.224558
976	少數	90	224071	42.241525
977	巨大	90	224161	42.258492
978	本來	90	224251	42.275459
979	回憶	90	224341	42.292426
980	批評	90	224431	42.309393
981	究竟	90	224521	42.326360
982	教廳	90	224611	42.343327
983	深刻	90	224701	42.360294
984	組成	90	224791	42.377261
985	圖書館	90	224881	42.394228
986	領域	90	224971	42.411195
987	引進	89	225060	42.427973
988	心中	89	225149	42.444751
989	作者	89	225238	42.461529
990	作業	89	225327	42.478307
991	防止	89	225416	42.495085
992	科學家	89	225505	42.511863
993	預防	89	225594	42.528641
994	舞蹈	89	225683	42.545419
995	熱鬧	89	225772	42.562197
996	懸掛	89	225861	42.578975
997	小說	88	225949	42.595565
998	以往	88	226037	42.612155
999	平衡	88	226125	42.628745
1000	彷彿	88	226213	42.645335
1001	車廠	88	226301	42.661925
1002	海洋	88	226389	42.678515
1003	婚姻	88	226477	42.695105
1004	帶來	88	226565	42.711695
1005	創業	88	226653	42.728285
1006	領導有方	88	226741	42.744875
1007	機器	88	226829	42.761465
1008	不如	87	226916	42.777866
1009	血液	87	227003	42.794267
1010	例子	87	227090	42.810668
1011	紀錄	87	227177	42.827069
1012	革命	87	227264	42.843470
1013	將來	87	227351	42.859871
1014	現場	87	227438	42.876272
1015	責任	87	227525	42.892673
1016	評估	87	227612	42.909074
1017	進一步	87	227699	42.925475
1018	工人	86	227785	42.941688
1019	心態	86	227871	42.957901
1020	出版	86	227957	42.974114
1021	作家	86	228043	42.990327
1022	技巧	86	228129	43.006540
1023	尚未	86	228215	43.022753
1024	真的	86	228301	43.038966
1025	高級	86	228387	43.055179
1026	理論	86	228473	43.071392
1027	答案	86	228559	43.087605
1028	課程	86	228645	43.103818
1029	鄧小平	86	228731	43.120031
1030	戰爭	86	228817	43.136244
1031	隨時	86	228903	43.152457
1032	公平	85	228988	43.168481
1033	手術	85	229073	43.184505
1034	日子	85	229158	43.200529
1035	火車	85	229243	43.216553
1036	皮膚	85	229328	43.232577
1037	取代	85	229413	43.248601
1038	恐怕	85	229498	43.264625
1039	病患	85	229583	43.280649
1040	真實	85	229668	43.296673
1041	參考	85	229753	43.312697
1042	理念	85	229838	43.328721
1043	童年	85	229923	43.344745
1044	漂亮	85	230008	43.360769
1045	舞臺	85	230093	43.376793
1046	文字	84	230177	43.392629
1047	文章	84	230261	43.408465
1048	以來	84	230345	43.424301
1049	仔細	84	230429	43.440137
1050	本土	84	230513	43.455973
1051	休息	84	230597	43.471809
1052	居住	84	230681	43.487645
1053	拒絕	84	230765	43.503481
1054	哥倫布	84	230849	43.519317
1055	基金	84	230933	43.535153
1056	等待	84	231017	43.550989
1057	超越	84	231101	43.566825
1058	醫療	84	231185	43.582661
1059	龐大	84	231269	43.598497
1060	天氣	83	231352	43.614144
1061	心算	83	231435	43.629791
1062	生病	83	231518	43.645438
1063	負擔	83	231601	43.661085
1064	候選人	83	231684	43.676732
1065	財產	83	231767	43.692379
1066	高度	83	231850	43.708026
1067	景觀	83	231933	43.723673
1068	象徵	83	232016	43.739320
1069	漫畫	83	232099	43.754967
1070	稱為	83	232182	43.770614
1071	懷疑	83	232265	43.786261
1072	女子	82	232347	43.801720
1073	中學	82	232429	43.817179
1074	心裡	82	232511	43.832638
1075	市長	82	232593	43.848097
1076	保障	82	232675	43.863556
1077	期待	82	232757	43.879015
1078	誕生	82	232839	43.894474
1079	人民幣	81	232920	43.909744
1080	多數	81	233001	43.925014
1081	完整	81	233082	43.940284
1082	男女	81	233163	43.955554
1083	效率	81	233244	43.970824
1084	提前	81	233325	43.986094
1085	輸出	81	233406	44.001364
1086	優勢	81	233487	44.016634
1087	雙方	81	233568	44.031904
1088	上面	80	233648	44.046985
1089	太空	80	233728	44.062066
1090	心臟	80	233808	44.077147
1091	主張	80	233888	44.092228
1092	汙染	80	233968	44.107309
1093	利潤	80	234048	44.122390
1094	宜縣	80	234128	44.137471
1095	的確	80	234208	44.152552
1096	春天	80	234288	44.167633
1097	病毒	80	234368	44.182714
1098	記載	80	234448	44.197795
1099	高興	80	234528	44.212876
1100	得獎	80	234608	44.227957
1101	理由	80	234688	44.243038
1102	移民	80	234768	44.258119
1103	連續	80	234848	44.273200
1104	揭曉	80	234928	44.288281
1105	結婚	80	235008	44.303362
1106	意思	80	235088	44.318443
1107	意願	80	235168	44.333524
1108	聯考	80	235248	44.348605
1109	女孩	79	235327	44.363498
1110	出生	79	235406	44.378391
1111	可愛	79	235485	44.393284
1112	生涯	79	235564	44.408177
1113	全新	79	235643	44.423070
1114	有人	79	235722	44.437963
1115	來源	79	235801	44.452856
1116	指導	79	235880	44.467749
1117	風險	79	235959	44.482642
1118	消息	79	236038	44.497535
1119	教育部	79	236117	44.512428
1120	悲哀	79	236196	44.527321
1121	廣告人	79	236275	44.542214
1122	影像	79	236354	44.557107
1123	選民	79	236433	44.572000
1124	攝影	79	236512	44.586893
1125	體育	79	236591	44.601786
1126	少女	78	236669	44.616490
1127	判斷	78	236747	44.631194
1128	其它	78	236825	44.645898
1129	金額	78	236903	44.660602
1130	特性	78	236981	44.675306
1131	從此	78	237059	44.690010
1132	累積	78	237137	44.704714
1133	陸續	78	237215	44.719418
1134	竟然	78	237293	44.734122
1135	殘障	78	237371	44.748826
1136	費用	78	237449	44.763530
1137	超級	78	237527	44.778234
1138	集中	78	237605	44.792938
1139	順利	78	237683	44.807642
1140	傷害	78	237761	44.822346
1141	經理	78	237839	44.837050
1142	小津	77	237916	44.851566
1143	午餐	77	237993	44.866082
1144	好處	77	238070	44.880598
1145	肌肉	77	238147	44.895114
1146	決策	77	238224	44.909630
1147	柯林頓	77	238301	44.924146
1148	原先	77	238378	44.938662
1149	記憶	77	238455	44.953178
1150	教局	77	238532	44.967694
1151	統計	77	238609	44.982210
1152	無聊	77	238686	44.996726
1153	等於	77	238763	45.011242
1154	運作	77	238840	45.025758
1155	過來	77	238917	45.040274
1156	預期	77	238994	45.054790
1157	對不起	77	239071	45.069306
1158	魅力	77	239148	45.083822
1159	操控	77	239225	45.098338
1160	機車	77	239302	45.112854
1161	錯誤	77	239379	45.127370
1162	體驗	77	239456	45.141886
1163	大型	76	239532	45.156213
1164	天空	76	239608	45.170540
1165	出口	76	239684	45.184867
1166	全身	76	239760	45.199194
1167	扮演	76	239836	45.213521
1168	明確	76	239912	45.227848
1169	初期	76	239988	45.242175
1170	怎麼辦	76	240064	45.256502
1171	眼前	76	240140	45.270829
1172	黑暗	76	240216	45.285156
1173	當初	76	240292	45.299483
1174	構成	76	240368	45.313810
1175	說法	76	240444	45.328137
1176	優良	76	240520	45.342464
1177	醫學	76	240596	45.356791
1178	顧客	76	240672	45.371118
1179	大師	75	240747	45.385257
1180	方便	75	240822	45.399396
1181	出發	75	240897	45.413535
1182	有限	75	240972	45.427674
1183	完美	75	241047	45.441813
1184	保守	75	241122	45.455952
1185	保證	75	241197	45.470091
1186	美好	75	241272	45.484230
1187	院長	75	241347	45.498369
1188	喜愛	75	241422	45.512508
1189	想法	75	241497	45.526647
1190	夢想	75	241572	45.540786
1191	徹底	75	241647	45.554925
1192	說話	75	241722	45.569064
1193	熱情	75	241797	45.583203
1194	下午	74	241871	45.597153
1195	太太	74	241945	45.611103
1196	主角	74	242019	45.625053
1197	召開	74	242093	45.639003
1198	生態	74	242167	45.652953
1199	印度	74	242241	45.666903
1200	牠們	74	242315	45.680853
1201	那樣	74	242389	45.694803
1202	定期	74	242463	45.708753
1203	居民	74	242537	45.722703
1204	房間	74	242611	45.736653
1205	社區	74	242685	45.750603
1206	英語	74	242759	45.764553
1207	記錄	74	242833	45.778503
1208	軟體	74	242907	45.792453
1209	寒假	74	242981	45.806403
1210	給予	74	243055	45.820353
1211	慢慢	74	243129	45.834303
1212	幫忙	74	243203	45.848253
1213	檢討	74	243277	45.862203
1214	聯想	74	243351	45.876153
1215	寶貝	74	243425	45.890103
1216	議員	74	243499	45.904053
1217	體制	74	243573	45.918003
1218	可惜	73	243646	45.931765
1219	年輕人	73	243719	45.945527
1220	走向	73	243792	45.959289
1221	到達	73	243865	45.973051
1222	幸福	73	243938	45.986813
1223	宣傳	73	244011	46.000575
1224	政黨	73	244084	46.014337
1225	首次	73	244157	46.028099
1226	大人	72	244229	46.041672
1227	中華	72	244301	46.055245
1228	古代	72	244373	46.068818
1229	正在	72	244445	46.082391
1230	男子	72	244517	46.095964
1231	放棄	72	244589	46.109537
1232	財務	72	244661	46.123110
1233	探討	72	244733	46.136683
1234	游泳	72	244805	46.150256
1235	發明	72	244877	46.163829
1236	電子	72	244949	46.177402
1237	質量	72	245021	46.190975
1238	興建	72	245093	46.204548
1239	遺址	72	245165	46.218121
1240	體會	72	245237	46.231694
1241	人間	71	245308	46.245079
1242	大樓	71	245379	46.258464
1243	月球	71	245450	46.271849
1244	外國	71	245521	46.285234
1245	生日	71	245592	46.298619
1246	考量	71	245663	46.312004
1247	考察	71	245734	46.325389
1248	決心	71	245805	46.338774
1249	男孩	71	245876	46.352159
1250	宣布	71	245947	46.365544
1251	食品	71	246018	46.378929
1252	修正	71	246089	46.392314
1253	售價	71	246160	46.405699
1254	都會	71	246231	46.419084
1255	感到	71	246302	46.432469
1256	感謝	71	246373	46.445854
1257	臺灣人	71	246444	46.459239
1258	樂趣	71	246515	46.472624
1259	熟悉	71	246586	46.486009
1260	衝突	71	246657	46.499394
1261	頭髮	71	246728	46.512779
1262	驚人	71	246799	46.526164
1263	人家	70	246869	46.539360
1264	中文	70	246939	46.552556
1265	她們	70	247009	46.565752
1266	行政院	70	247079	46.578948
1267	前面	70	247149	46.592144
1268	型態	70	247219	46.605340
1269	時空	70	247289	46.618536
1270	氣體	70	247359	46.631732
1271	國會	70	247429	46.644928
1272	規畫	70	247499	46.658124
1273	郵票	70	247569	46.671320
1274	裝置	70	247639	46.684516
1275	人性	69	247708	46.697524
1276	內心	69	247777	46.710532
1277	公頃	69	247846	46.723540
1278	文明	69	247915	46.736548
1279	任務	69	247984	46.749556
1280	形容	69	248053	46.762564
1281	來臨	69	248122	46.775572
1282	和平	69	248191	46.788580
1283	奇怪	69	248260	46.801588
1284	花縣	69	248329	46.814596
1285	近年	69	248398	46.827604
1286	威脅	69	248467	46.840612
1287	研發	69	248536	46.853620
1288	貪汙	69	248605	46.866628
1289	連戰	69	248674	46.879636
1290	搭配	69	248743	46.892644
1291	經由	69	248812	46.905652
1292	腳步	69	248881	46.918660
1293	運動會	69	248950	46.931668
1294	豪華	69	249019	46.944676
1295	鏡頭	69	249088	46.957684
1296	十足	68	249156	46.970503
1297	夫妻	68	249224	46.983322
1298	生長	68	249292	46.996141
1299	宗教	68	249360	47.008960
1300	長久	68	249428	47.021779
1301	指示	68	249496	47.034598
1302	假期	68	249564	47.047417
1303	推展	68	249632	47.060236
1304	閱讀	68	249700	47.073055
1305	應用	68	249768	47.085874
1306	讀書	68	249836	47.098693
1307	必然	67	249903	47.111324
1308	打破	67	249970	47.123955
1309	因應	67	250037	47.136586
1310	作文	67	250104	47.149217
1311	星球	67	250171	47.161848
1312	英雄	67	250238	47.174479
1313	停止	67	250305	47.187110
1314	移動	67	250372	47.199741
1315	細胞	67	250439	47.212372
1316	術數	67	250506	47.225003
1317	焦點	67	250573	47.237634
1318	傳播	67	250640	47.250265
1319	維護	67	250707	47.262896
1320	臺幣	67	250774	47.275527
1321	彈性	67	250841	47.288158
1322	數量	67	250908	47.300789
1323	編輯	67	250975	47.313420
1324	趣味	67	251042	47.326051
1325	機械	67	251109	47.338682
1326	膨脹	67	251176	47.351313
1327	邀請	67	251243	47.363944
1328	觀光	67	251310	47.376575
1329	下去	66	251376	47.389017
1330	外銷	66	251442	47.401459
1331	立法院	66	251508	47.413901
1332	因而	66	251574	47.426343
1333	此時	66	251640	47.438785
1334	行駛	66	251706	47.451227
1335	宜蘭	66	251772	47.463669
1336	承認	66	251838	47.476111
1337	法令	66	251904	47.488553
1338	重量	66	251970	47.500995
1339	差距	66	252036	47.513437
1340	特徵	66	252102	47.525879
1341	紐約	66	252168	47.538321
1342	退休	66	252234	47.550763
1343	乾淨	66	252300	47.563205
1344	移植	66	252366	47.575647
1345	畫家	66	252432	47.588089
1346	新生	66	252498	47.600531
1347	認同	66	252564	47.612973
1348	選手	66	252630	47.625415
1349	戲院	66	252696	47.637857
1350	職業	66	252762	47.650299
1351	丹妮芙	65	252827	47.662553
1352	兄弟	65	252892	47.674807
1353	央行	65	252957	47.687061
1354	估計	65	253022	47.699315
1355	到處	65	253087	47.711569
1356	背後	65	253152	47.723823
1357	書法	65	253217	47.736077
1358	祕密	65	253282	47.748331
1359	教堂	65	253347	47.760585
1360	短期	65	253412	47.772839
1361	評審	65	253477	47.785093
1362	實現	65	253542	47.797347
1363	管道	65	253607	47.809601
1364	獨特	65	253672	47.821855
1365	興奮	65	253737	47.834109
1366	加拿大	64	253801	47.846174
1367	自信	64	253865	47.858239
1368	抗議	64	253929	47.870304
1369	果然	64	253993	47.882369
1370	保健	64	254057	47.894434
1371	美術	64	254121	47.906499
1372	個性	64	254185	47.918564
1373	夏令營	64	254249	47.930629
1374	財政	64	254313	47.942694
1375	創新	64	254377	47.954759
1376	減肥	64	254441	47.966824
1377	童話	64	254505	47.978889
1378	開幕	64	254569	47.990954
1379	新年	64	254633	48.003019
1380	新竹	64	254697	48.015084
1381	溫馨	64	254761	48.027149
1382	經歷	64	254825	48.039214
1383	資本	64	254889	48.051279
1384	資產	64	254953	48.063344
1385	管制	64	255017	48.075409
1386	熱烈	64	255081	48.087474
1387	噪音	64	255145	48.099539
1388	體系	64	255209	48.111604
1389	中小企業	63	255272	48.123481
1390	日記	63	255335	48.135358
1391	主流	63	255398	48.147235
1392	北方	63	255461	48.159112
1393	只好	63	255524	48.170989
1394	市區	63	255587	48.182866
1395	申報	63	255650	48.194743
1396	交流	63	255713	48.206620
1397	光明	63	255776	48.218497
1398	地震	63	255839	48.230374
1399	成人	63	255902	48.242251
1400	成員	63	255965	48.254128
1401	自行	63	256028	48.266005
1402	身心	63	256091	48.277882
1403	東南亞	63	256154	48.289759
1404	爭議	63	256217	48.301636
1405	金錢	63	256280	48.313513
1406	恐懼	63	256343	48.325390
1407	國王	63	256406	48.337267
1408	陰莖	63	256469	48.349144
1409	博物館	63	256532	48.361021
1410	舒適	63	256595	48.372898
1411	飲食	63	256658	48.384775
1412	樂觀	63	256721	48.396652
1413	學童	63	256784	48.408529
1414	轉速	63	256847	48.420406
1415	人事	62	256909	48.432094
1416	下面	62	256971	48.443782
1417	中間	62	257033	48.455470
1418	分享	62	257095	48.467158
1419	夫婦	62	257157	48.478846
1420	可怕	62	257219	48.490534
1421	平常	62	257281	48.502222
1422	再見	62	257343	48.513910
1423	具備	62	257405	48.525598
1424	青春	62	257467	48.537286
1425	前進	62	257529	48.548974
1426	訂定	62	257591	48.560662
1427	展出	62	257653	48.572350
1428	能量	62	257715	48.584038
1429	動物園	62	257777	48.595726
1430	期望	62	257839	48.607414
1431	傾向	62	257901	48.619102
1432	想到	62	257963	48.630790
1433	歲月	62	258025	48.642478
1434	臺中市	62	258087	48.654166
1435	寫作	62	258149	48.665854
1436	樂園	62	258211	48.677542
1437	遭遇	62	258273	48.689230
1438	中小學	61	258334	48.700730
1439	中市	61	258395	48.712230
1440	公告	61	258456	48.723730
1441	冬天	61	258517	48.735230
1442	正面	61	258578	48.746730
1443	而是	61	258639	48.758230
1444	西瓜	61	258700	48.769730
1445	形狀	61	258761	48.781230
1446	見到	61	258822	48.792730
1447	紀念	61	258883	48.804230
1448	埃及	61	258944	48.815730
1449	核心	61	259005	48.827230
1450	海水	61	259066	48.838730
1451	財富	61	259127	48.850230
1452	高達	61	259188	48.861730
1453	從前	61	259249	48.873230
1454	規則	61	259310	48.884730
1455	部份	61	259371	48.896230
1456	都有	61	259432	48.907730
1457	提醒	61	259493	48.919230
1458	鄉鎮	61	259554	48.930730
1459	傳說	61	259615	48.942230
1460	奧運	61	259676	48.953730
1461	路線	61	259737	48.965230
1462	頒獎	61	259798	48.976730
1463	漸漸	61	259859	48.988230
1464	樣子	61	259920	48.999730
1465	虧損	61	259981	49.011230
1466	題材	61	260042	49.022730
1467	月亮	60	260102	49.034041
1468	立場	60	260162	49.045352
1469	年底	60	260222	49.056663
1470	行業	60	260282	49.067974
1471	困擾	60	260342	49.079285
1472	私立	60	260402	49.090596
1473	那個	60	260462	49.101907
1474	俄羅斯	60	260522	49.113218
1475	卻是	60	260582	49.124529
1476	指數	60	260642	49.135840
1477	相互	60	260702	49.147151
1478	娛樂	60	260762	49.158462
1479	假如	60	260822	49.169773
1480	傳奇	60	260882	49.181084
1481	轉變	60	260942	49.192395
1482	類型	60	261002	49.203706
1483	顧問	60	261062	49.215017
1484	驅動	60	261122	49.226328
1485	體溫	60	261182	49.237639
1486	不幸	59	261241	49.248762
1487	日常	59	261300	49.259885
1488	包裝	59	261359	49.271008
1489	民俗	59	261418	49.282131
1490	生氣	59	261477	49.293254
1491	吃飯	59	261536	49.304377
1492	攻擊	59	261595	49.315500
1493	每次	59	261654	49.326623
1494	防治	59	261713	49.337746
1495	事務	59	261772	49.348869
1496	供應	59	261831	49.359992
1497	典型	59	261890	49.371115
1498	直到	59	261949	49.382238
1499	挖掘	59	262008	49.393361
1500	原始	59	262067	49.404484
1501	桃園	59	262126	49.415607
1502	浪費	59	262185	49.426730
1503	逐步	59	262244	49.437853
1504	部長	59	262303	49.448976
1505	尊嚴	59	262362	49.460099
1506	提昇	59	262421	49.471222
1507	發出	59	262480	49.482345
1508	發育	59	262539	49.493468
1509	勢力	59	262598	49.504591
1510	微笑	59	262657	49.515714
1511	感動	59	262716	49.526837
1512	爺爺	59	262775	49.537960
1513	當天	59	262834	49.549083
1514	駕駛	59	262893	49.560206
1515	賺錢	59	262952	49.571329
1516	權利	59	263011	49.582452
1517	不得不	58	263069	49.593386
1518	水果	58	263127	49.604320
1519	古老	58	263185	49.615254
1520	巨人	58	263243	49.626188
1521	白色	58	263301	49.637122
1522	地面	58	263359	49.648056
1523	成效	58	263417	49.658990
1524	味道	58	263475	49.669924
1525	招牌	58	263533	49.680858
1526	哪裡	58	263591	49.691792
1527	展示	58	263649	49.702726
1528	國人	58	263707	49.713660
1529	常見	58	263765	49.724594
1530	描述	58	263823	49.735528
1531	集體	58	263881	49.746462
1532	滿意	58	263939	49.757396
1533	撞擊	58	263997	49.768330
1534	潮流	58	264055	49.779264
1535	機場	58	264113	49.790198
1536	聽到	58	264171	49.801132
1537	上課	57	264228	49.811878
1538	上學	57	264285	49.822624
1539	也有	57	264342	49.833370
1540	不滿	57	264399	49.844116
1541	付出	57	264456	49.854862
1542	外界	57	264513	49.865608
1543	打算	57	264570	49.876354
1544	全力	57	264627	49.887100
1545	各國	57	264684	49.897846
1546	老婆	57	264741	49.908592
1547	見面	57	264798	49.919338
1548	身分	57	264855	49.930084
1549	周圍	57	264912	49.940830
1550	定位	57	264969	49.951576
1551	忽然	57	265026	49.962322
1552	所得	57	265083	49.973068
1553	抵達	57	265140	49.983814
1554	物品	57	265197	49.994560
1555	非洲	57	265254	50.005306
1556	保留	57	265311	50.016052
1557	春節	57	265368	50.026798
1558	軌道	57	265425	50.037544
1559	面貌	57	265482	50.048290
1560	情感	57	265539	50.059036
1561	喜悅	57	265596	50.069782
1562	就業	57	265653	50.080528
1563	悲劇	57	265710	50.091274
1564	提到	57	265767	50.102020
1565	棒球	57	265824	50.112766
1566	黑洞	57	265881	50.123512
1567	新車	57	265938	50.134258
1568	當局	57	265995	50.145004
1569	落實	57	266052	50.155750
1570	綠色	57	266109	50.166496
1571	暫時	57	266166	50.177242
1572	縣市	57	266223	50.187988
1573	引發	56	266279	50.198545
1574	他人	56	266335	50.209102
1575	回去	56	266391	50.219659
1576	年度	56	266447	50.230216
1577	老鼠	56	266503	50.240773
1578	辛苦	56	266559	50.251330
1579	典禮	56	266615	50.261887
1580	東方	56	266671	50.272444
1581	南部	56	266727	50.283001
1582	指標	56	266783	50.293558
1583	某些	56	266839	50.304115
1584	風光	56	266895	50.314672
1585	特質	56	266951	50.325229
1586	貢獻	56	267007	50.335786
1587	做事	56	267063	50.346343
1588	國片	56	267119	50.356900
1589	國民	56	267175	50.367457
1590	異常	56	267231	50.378014
1591	減輕	56	267287	50.388571
1592	無限	56	267343	50.399128
1593	視覺	56	267399	50.409685
1594	禁止	56	267455	50.420242
1595	預估	56	267511	50.430799
1596	澎湖	56	267567	50.441356
1597	檢驗	56	267623	50.451913
1598	營運	56	267679	50.462470
1599	一致	55	267734	50.472839
1600	大小	55	267789	50.483208
1601	大地	55	267844	50.493577
1602	主動	55	267899	50.503946
1603	主辦	55	267954	50.514315
1604	出去	55	268009	50.524684
1605	外資	55	268064	50.535053
1606	企圖	55	268119	50.545422
1607	合格	55	268174	50.555791
1608	有利	55	268229	50.566160
1609	自願	55	268284	50.576529
1610	弟弟	55	268339	50.586898
1611	協調	55	268394	50.597267
1612	性格	55	268449	50.607636
1613	金門	55	268504	50.618005
1614	便宜	55	268559	50.628374
1615	個案	55	268614	50.638743
1616	馬來西亞	55	268669	50.649112
1617	執政	55	268724	50.659481
1618	教材	55	268779	50.669850
1619	現代化	55	268834	50.680219
1620	統治	55	268889	50.690588
1621	貨幣	55	268944	50.700957
1622	場面	55	268999	50.711326
1623	普通	55	269054	50.721695
1624	無數	55	269109	50.732064
1625	發作	55	269164	50.742433
1626	結論	55	269219	50.752802
1627	買賣	55	269274	50.763171
1628	運轉	55	269329	50.773540
1629	實用	55	269384	50.783909
1630	適應	55	269439	50.794278
1631	一會兒	54	269493	50.804458
1632	內在	54	269547	50.814638
1633	出爐	54	269601	50.824818
1634	打電話	54	269655	50.834998
1635	多年	54	269709	50.845178
1636	安全氣囊	54	269763	50.855358
1637	考驗	54	269817	50.865538
1638	否認	54	269871	50.875718
1639	忘記	54	269925	50.885898
1640	取消	54	269979	50.896078
1641	官方	54	270033	50.906258
1642	既然	54	270087	50.916438
1643	盈餘	54	270141	50.926618
1644	旁邊	54	270195	50.936798
1645	病情	54	270249	50.946978
1646	國防	54	270303	50.957158
1647	專題	54	270357	50.967338
1648	畢竟	54	270411	50.977518
1649	移轉	54	270465	50.987698
1650	傑出	54	270519	50.997878
1651	單純	54	270573	51.008058
1652	對手	54	270627	51.018238
1653	甄選	54	270681	51.028418
1654	語文	54	270735	51.038598
1655	儀式	54	270789	51.048778
1656	蝴蝶	54	270843	51.058958
1657	適當	54	270897	51.069138
1658	縣長	54	270951	51.079318
1659	頻道	54	271005	51.089498
1660	千萬	53	271058	51.099489
1661	土耳其	53	271111	51.109480
1662	大會	53	271164	51.119471
1663	中國大陸	53	271217	51.129462
1664	分裂	53	271270	51.139453
1665	手法	53	271323	51.149444
1666	支撐	53	271376	51.159435
1667	水平	53	271429	51.169426
1668	世人	53	271482	51.179417
1669	同事	53	271535	51.189408
1670	托兒所	53	271588	51.199399
1671	收穫	53	271641	51.209390
1672	投票	53	271694	51.219381
1673	具體	53	271747	51.229372
1674	架構	53	271800	51.239363
1675	為何	53	271853	51.249354
1676	哲學	53	271906	51.259345
1677	展覽	53	271959	51.269336
1678	氣候	53	272012	51.279327
1679	疼痛	53	272065	51.289318
1680	神祕	53	272118	51.299309
1681	衰退	53	272171	51.309300
1682	商人	53	272224	51.319291
1683	採購	53	272277	51.329282
1684	排名	53	272330	51.339273
1685	啟示	53	272383	51.349264
1686	設施	53	272436	51.359255
1687	麻煩	53	272489	51.369246
1688	尋求	53	272542	51.379237
1689	越南	53	272595	51.389228
1690	過度	53	272648	51.399219
1691	種種	53	272701	51.409210
1692	精緻	53	272754	51.419201
1693	潛力	53	272807	51.429192
1694	衝擊	53	272860	51.439183
1695	優秀	53	272913	51.449174
1696	營業	53	272966	51.459165
1697	難忘	53	273019	51.469156
1698	警察	53	273072	51.479147
1699	鐵路	53	273125	51.489138
1700	觀賞	53	273178	51.499129
1701	引導	52	273230	51.508932
1702	早上	52	273282	51.518735
1703	住宅	52	273334	51.528538
1704	作法	52	273386	51.538341
1705	依賴	52	273438	51.548144
1706	花園	52	273490	51.557947
1707	保存	52	273542	51.567750
1708	相反	52	273594	51.577553
1709	風箏	52	273646	51.587356
1710	乘坐	52	273698	51.597159
1711	座椅	52	273750	51.606962
1712	密集	52	273802	51.616765
1713	接見	52	273854	51.626568
1714	理性	52	273906	51.636371
1715	設定	52	273958	51.646174
1716	凱瑟琳	52	274010	51.655977
1717	無奈	52	274062	51.665780
1718	登陸	52	274114	51.675583
1719	街頭	52	274166	51.685386
1720	訴求	52	274218	51.695189
1721	詳細	52	274270	51.704992
1722	遊客	52	274322	51.714795
1723	實質	52	274374	51.724598
1724	臺大	52	274426	51.734401
1725	認真	52	274478	51.744204
1726	銀河	52	274530	51.754007
1727	譬如	52	274582	51.763810
1728	不只	51	274633	51.773424
1729	分配	51	274684	51.783038
1730	天地	51	274735	51.792652
1731	天然	51	274786	51.802266
1732	支出	51	274837	51.811880
1733	石頭	51	274888	51.821494
1734	回饋	51	274939	51.831108
1735	改進	51	274990	51.840722
1736	事物	51	275041	51.850336
1737	軍事	51	275092	51.859950
1738	消化	51	275143	51.869564
1739	高速	51	275194	51.879178
1740	理解	51	275245	51.888792
1741	惡化	51	275296	51.898406
1742	登記	51	275347	51.908020
1743	發達	51	275398	51.917634
1744	診斷	51	275449	51.927248
1745	溫度	51	275500	51.936862
1746	農村	51	275551	51.946476
1747	領先	51	275602	51.956090
1748	線條	51	275653	51.965704
1749	應付	51	275704	51.975318
1750	營收	51	275755	51.984932
1751	靈魂	51	275806	51.994546
1752	公務員	50	275856	52.003972
1753	代理	50	275906	52.013398
1754	犯罪	50	275956	52.022824
1755	生意	50	276006	52.032250
1756	好萊塢	50	276056	52.041676
1757	存款	50	276106	52.051102
1758	年紀	50	276156	52.060528
1759	年畫	50	276206	52.069954
1760	耳朵	50	276256	52.079380
1761	肌膚	50	276306	52.088806
1762	行情	50	276356	52.098232
1763	那兒	50	276406	52.107658
1764	其次	50	276456	52.117084
1765	受傷	50	276506	52.126510
1766	固定	50	276556	52.135936
1767	奇蹟	50	276606	52.145362
1768	放鬆	50	276656	52.154788
1769	星占學	50	276706	52.164214
1770	害怕	50	276756	52.173640
1771	時機	50	276806	52.183066
1772	財團	50	276856	52.192492
1773	密切	50	276906	52.201918
1774	捷運	50	276956	52.211344
1775	推廣	50	277006	52.220770
1776	畢業生	50	277056	52.230196
1777	場所	50	277106	52.239622
1778	廁所	50	277156	52.249048
1779	飲料	50	277206	52.258474
1780	塑膠	50	277256	52.267900
1781	幹部	50	277306	52.277326
1782	溫暖	50	277356	52.286752
1783	群眾	50	277406	52.296178
1784	福利	50	277456	52.305604
1785	臺省	50	277506	52.315030
1786	趕快	50	277556	52.324456
1787	餐廳	50	277606	52.333882
1788	賽車	50	277656	52.343308
1789	轉向	50	277706	52.352734
1790	爆發	50	277756	52.362160
1791	贊成	50	277806	52.371586
1792	競選	50	277856	52.381012
1793	犧牲	50	277906	52.390438
1794	靈活	50	277956	52.399864
1795	上升	49	278005	52.409101
1796	小組	49	278054	52.418338
1797	元旦	49	278103	52.427575
1798	巴黎	49	278152	52.436812
1799	手段	49	278201	52.446049
1800	日圓	49	278250	52.455286
1801	主席	49	278299	52.464523
1802	出身	49	278348	52.473760
1803	平時	49	278397	52.482997
1804	全世界	49	278446	52.492234
1805	回國	49	278495	52.501471
1806	早晨	49	278544	52.510708
1807	有意	49	278593	52.519945
1808	希臘	49	278642	52.529182
1809	材料	49	278691	52.538419
1810	身材	49	278740	52.547656
1811	房車	49	278789	52.556893
1812	昆蟲	49	278838	52.566130
1813	表揚	49	278887	52.575367
1814	修改	49	278936	52.584604
1815	浪漫	49	278985	52.593841
1816	強化	49	279034	52.603078
1817	球場	49	279083	52.612315
1818	盛行	49	279132	52.621552
1819	眼光	49	279181	52.630789
1820	第一	49	279230	52.640026
1821	勞動	49	279279	52.649263
1822	循環	49	279328	52.658500
1823	登山	49	279377	52.667737
1824	黑色	49	279426	52.676974
1825	新鮮	49	279475	52.686211
1826	煞車	49	279524	52.695448
1827	落後	49	279573	52.704685
1828	圖案	49	279622	52.713922
1829	影響力	49	279671	52.723159
1830	衛星	49	279720	52.732396
1831	輪胎	49	279769	52.741633
1832	諾斯	49	279818	52.750870
1833	優惠	49	279867	52.760107
1834	擴張	49	279916	52.769344
1835	藍色	49	279965	52.778581
1836	寶寶	49	280014	52.787818
1837	變更	49	280063	52.797055
1838	不利	48	280111	52.806104
1839	公斤	48	280159	52.815153
1840	打擊	48	280207	52.824202
1841	矛盾	48	280255	52.833251
1842	立院	48	280303	52.842300
1843	住院	48	280351	52.851349
1844	身邊	48	280399	52.860398
1845	車輛	48	280447	52.869447
1846	呼籲	48	280495	52.878496
1847	妹妹	48	280543	52.887545
1848	保育	48	280591	52.896594
1849	促進	48	280639	52.905643
1850	後面	48	280687	52.914692
1851	毒品	48	280735	52.923741
1852	面前	48	280783	52.932790
1853	首長	48	280831	52.941839
1854	乘客	48	280879	52.950888
1855	原料	48	280927	52.959937
1856	哥哥	48	280975	52.968986
1857	哪兒	48	281023	52.978035
1858	旅館	48	281071	52.987084
1859	神奇	48	281119	52.996133
1860	草原	48	281167	53.005182
1861	高職	48	281215	53.014231
1862	做法	48	281263	53.023280
1863	彩色	48	281311	53.032329
1864	望遠鏡	48	281359	53.041378
1865	這次	48	281407	53.050427
1866	黃昏	48	281455	53.059476
1867	嘗試	48	281503	53.068525
1868	睡覺	48	281551	53.077574
1869	領袖	48	281599	53.086623
1870	廣大	48	281647	53.095672
1871	觀影人	48	281695	53.104721
1872	矚目	48	281743	53.113770
1873	才藝	47	281790	53.122630
1874	及時	47	281837	53.131490
1875	日本人	47	281884	53.140350
1876	主力	47	281931	53.149210
1877	代價	47	281978	53.158070
1878	外交	47	282025	53.166930
1879	外商	47	282072	53.175790
1880	外匯	47	282119	53.184650
1881	百貨	47	282166	53.193510
1882	西班牙	47	282213	53.202370
1883	宋楚瑜	47	282260	53.211230
1884	肚子	47	282307	53.220090
1885	足夠	47	282354	53.228950
1886	夜晚	47	282401	53.237810
1887	忽略	47	282448	53.246670
1888	承受	47	282495	53.255530
1889	保戶	47	282542	53.264390
1890	保險公司	47	282589	53.273250
1891	客人	47	282636	53.282110
1892	看出	47	282683	53.290970
1893	紅山文化	47	282730	53.299830
1894	紅色	47	282777	53.308690
1895	俱樂部	47	282824	53.317550
1896	泰國	47	282871	53.326410
1897	高峰	47	282918	53.335270
1898	國校	47	282965	53.344130
1899	國語	47	283012	53.352990
1900	專門	47	283059	53.361850
1901	彩虹	47	283106	53.370710
1902	排氣量	47	283153	53.379570
1903	淡水河	47	283200	53.388430
1904	眾生	47	283247	53.397290
1905	眾多	47	283294	53.406150
1906	規範	47	283341	53.415010
1907	連接	47	283388	53.423870
1908	勞工	47	283435	53.432730
1909	揭幕	47	283482	53.441590
1910	著手	47	283529	53.450450
1911	開車	47	283576	53.459310
1912	試辦	47	283623	53.468170
1913	運動員	47	283670	53.477030
1914	遇到	47	283717	53.485890
1915	綜合	47	283764	53.494750
1916	臺南	47	283811	53.503610
1917	徵文	47	283858	53.512470
1918	質疑	47	283905	53.521330
1919	講話	47	283952	53.530190
1920	簡直	47	283999	53.539050
1921	轉移	47	284046	53.547910
1922	一向	46	284092	53.556582
1923	人力	46	284138	53.565254
1924	上帝	46	284184	53.573926
1925	支援	46	284230	53.582598
1926	充實	46	284276	53.591270
1927	先進	46	284322	53.599942
1928	地上	46	284368	53.608614
1929	百貨公司	46	284414	53.617286
1930	竹市	46	284460	53.625958
1931	自從	46	284506	53.634630
1932	性質	46	284552	53.643302
1933	拍片	46	284598	53.651974
1934	冒險	46	284644	53.660646
1935	宣導	46	284690	53.669318
1936	施政	46	284736	53.677990
1937	活潑	46	284782	53.686662
1938	秋天	46	284828	53.695334
1939	重建	46	284874	53.704006
1940	陌生	46	284920	53.712678
1941	除非	46	284966	53.721350
1942	馬路	46	285012	53.730022
1943	高縣	46	285058	53.738694
1944	做為	46	285104	53.747366
1945	推薦	46	285150	53.756038
1946	球員	46	285196	53.764710
1947	細菌	46	285242	53.773382
1948	意味	46	285288	53.782054
1949	新連線	46	285334	53.790726
1950	當中	46	285380	53.799398
1951	詩人	46	285426	53.808070
1952	誠實	46	285472	53.816742
1953	種類	46	285518	53.825414
1954	算命	46	285564	53.834086
1955	優異	46	285610	53.842758
1956	優點	46	285656	53.851430
1957	環保署	46	285702	53.860102
1958	擺脫	46	285748	53.868774
1959	轉換	46	285794	53.877446
1960	證實	46	285840	53.886118
1961	難題	46	285886	53.894790
1962	蘇聯	46	285932	53.903462
1963	一天	45	285977	53.911945
1964	一時	45	286022	53.920428
1965	人工	45	286067	53.928911
1966	上班	45	286112	53.937394
1967	內閣	45	286157	53.945877
1968	公分	45	286202	53.954360
1969	升學	45	286247	53.962843
1970	少棒	45	286292	53.971326
1971	手中	45	286337	53.979809
1972	代替	45	286382	53.988292
1973	包含	45	286427	53.996775
1974	市民	45	286472	54.005258
1975	母乳	45	286517	54.013741
1976	合併	45	286562	54.022224
1977	直選	45	286607	54.030707
1978	迎接	45	286652	54.039190
1979	活力	45	286697	54.047673
1980	個人電腦	45	286742	54.056156
1981	特定	45	286787	54.064639
1982	區運	45	286832	54.073122
1983	清晨	45	286877	54.081605
1984	測試	45	286922	54.090088
1985	週年	45	286967	54.098571
1986	勢必	45	287012	54.107054
1987	想起	45	287057	54.115537
1988	當選	45	287102	54.124020
1989	落幕	45	287147	54.132503
1990	路面	45	287192	54.140986
1991	圖書	45	287237	54.149469
1992	演變	45	287282	54.157952
1993	緊急	45	287327	54.166435
1994	遠離	45	287372	54.174918
1995	銀河系	45	287417	54.183401
1996	學術	45	287462	54.191884
1997	學會	45	287507	54.200367
1998	縣市長	45	287552	54.208850
1999	聯合	45	287597	54.217333
2000	難得	45	287642	54.225816
2001	觀測	45	287687	54.234299
2002	一般人	44	287731	54.242594
2003	人格	44	287775	54.250889
2004	大致	44	287819	54.259184
2005	不安	44	287863	54.267479
2006	內裝	44	287907	54.275774
2007	公立	44	287951	54.284069
2008	公共	44	287995	54.292364
2009	火山	44	288039	54.300659
2010	主導	44	288083	54.308954
2011	四季	44	288127	54.317249
2012	用心	44	288171	54.325544
2013	白天	44	288215	54.333839
2014	交通安全	44	288259	54.342134
2015	共識	44	288303	54.350429
2016	收縮	44	288347	54.358724
2017	自身	44	288391	54.367019
2018	自述	44	288435	54.375314
2019	季節	44	288479	54.383609
2020	往來	44	288523	54.391904
2021	忽視	44	288567	54.400199
2022	放寬	44	288611	54.408494
2023	服飾	44	288655	54.416789
2024	炒作	44	288699	54.425084
2025	表情	44	288743	54.433379
2026	保費	44	288787	54.441674
2027	促銷	44	288831	54.449969
2028	屏東	44	288875	54.458264
2029	珍貴	44	288919	54.466559
2030	相似	44	288963	54.474854
2031	突出	44	289007	54.483149
2032	風氣	44	289051	54.491444
2033	風景	44	289095	54.499739
2034	倘若	44	289139	54.508034
2035	高山	44	289183	54.516329
2036	唱歌	44	289227	54.524624
2037	從來	44	289271	54.532919
2038	探索	44	289315	54.541214
2039	現行	44	289359	54.549509
2040	眼中	44	289403	54.557804
2041	票房	44	289447	54.566099
2042	脫離	44	289491	54.574394
2043	速讀	44	289535	54.582689
2044	透露	44	289579	54.590984
2045	部位	44	289623	54.599279
2046	喪失	44	289667	54.607574
2047	就學	44	289711	54.615869
2048	幅度	44	289755	54.624164
2049	渴望	44	289799	54.632459
2050	舒服	44	289843	54.640754
2051	飯店	44	289887	54.649049
2052	黃金	44	289931	54.657344
2053	圓滿	44	289975	54.665639
2054	塑造	44	290019	54.673934
2055	葉子	44	290063	54.682229
2056	葡萄	44	290107	54.690524
2057	裕隆	44	290151	54.698819
2058	農業	44	290195	54.707114
2059	道德	44	290239	54.715409
2060	種子	44	290283	54.723704
2061	領導人	44	290327	54.731999
2062	廣告主	44	290371	54.740294
2063	廣場	44	290415	54.748589
2064	蔬菜	44	290459	54.756884
2065	據說	44	290503	54.765179
2066	贈送	44	290547	54.773474
2067	邊緣	44	290591	54.781769
2068	女生	43	290634	54.789875
2069	分類	43	290677	54.797981
2070	天堂	43	290720	54.806087
2071	日後	43	290763	54.814193
2072	玉山	43	290806	54.822299
2073	同情	43	290849	54.830405
2074	如同	43	290892	54.838511
2075	委員	43	290935	54.846617
2076	物價	43	290978	54.854723
2077	知名	43	291021	54.862829
2078	前後	43	291064	54.870935
2079	政壇	43	291107	54.879041
2080	故鄉	43	291150	54.887147
2081	珍惜	43	291193	54.895253
2082	相繼	43	291236	54.903359
2083	家屬	43	291279	54.911465
2084	座談會	43	291322	54.919571
2085	海峽兩岸	43	291365	54.927677
2086	神經	43	291408	54.935783
2087	偶爾	43	291451	54.943889
2088	基隆	43	291494	54.951995
2089	強大	43	291537	54.960101
2090	淡水	43	291580	54.968207
2091	清潔	43	291623	54.976313
2092	混合	43	291666	54.984419
2093	最愛	43	291709	54.992525
2094	場地	43	291752	55.000631
2095	暑期	43	291795	55.008737
2096	滋味	43	291838	55.016843
2097	開心	43	291881	55.024949
2098	損失	43	291924	55.033055
2099	當前	43	291967	55.041161
2100	預計	43	292010	55.049267
2101	飾演	43	292053	55.057373
2102	臺塑	43	292096	55.065479
2103	認知	43	292139	55.073585
2104	鼻子	43	292182	55.081691
2105	整理	43	292225	55.089797
2106	機關	43	292268	55.097903
2107	環繞	43	292311	55.106009
2108	隱藏	43	292354	55.114115
2109	懷念	43	292397	55.122221
2110	願望	43	292440	55.130327
2111	嚴肅	43	292483	55.138433
2112	競爭力	43	292526	55.146539
2113	變動	43	292569	55.154645
2114	顯現	43	292612	55.162751
2115	一片	42	292654	55.170669
2116	口號	42	292696	55.178587
2117	不禁	42	292738	55.186505
2118	中華民國	42	292780	55.194423
2119	公車	42	292822	55.202341
2120	公路	42	292864	55.210259
2121	手指	42	292906	55.218177
2122	去世	42	292948	55.226095
2123	司機	42	292990	55.234013
2124	外觀	42	293032	55.241931
2125	本人	42	293074	55.249849
2126	全民	42	293116	55.257767
2127	安靜	42	293158	55.265685
2128	收費	42	293200	55.273603
2129	何況	42	293242	55.281521
2130	走出	42	293284	55.289439
2131	車禍	42	293326	55.297357
2132	亞倫派克	42	293368	55.305275
2133	抱怨	42	293410	55.313193
2134	前途	42	293452	55.321111
2135	前提	42	293494	55.329029
2136	品味	42	293536	55.336947
2137	看好	42	293578	55.344865
2138	家鄉	42	293620	55.352783
2139	座談	42	293662	55.360701
2140	海報	42	293704	55.368619
2141	假日	42	293746	55.376537
2142	偶然	42	293788	55.384455
2143	參賽	42	293830	55.392373
2144	商店	42	293872	55.400291
2145	基金會	42	293914	55.408209
2146	啟用	42	293956	55.416127
2147	痕跡	42	293998	55.424045
2148	陰影	42	294040	55.431963
2149	提早	42	294082	55.439881
2150	評價	42	294124	55.447799
2151	傳達	42	294166	55.455717
2152	園遊會	42	294208	55.463635
2153	預料	42	294250	55.471553
2154	實踐	42	294292	55.479471
2155	網路	42	294334	55.487389
2156	輕易	42	294376	55.495307
2157	談判	42	294418	55.503225
2158	親自	42	294460	55.511143
2159	錄影帶	42	294502	55.519061
2160	癌症	42	294544	55.526979
2161	韓國	42	294586	55.534897
2162	難道	42	294628	55.542815
2163	一方面	41	294669	55.550544
2164	一流	41	294710	55.558273
2165	小型	41	294751	55.566002
2166	不妨	41	294792	55.573731
2167	中型	41	294833	55.581460
2168	心聲	41	294874	55.589189
2169	以致	41	294915	55.596918
2170	出門	41	294956	55.604647
2171	生動	41	294997	55.612376
2172	自創	41	295038	55.620105
2173	改造	41	295079	55.627834
2174	車展	41	295120	55.635563
2175	例外	41	295161	55.643292
2176	抽獎	41	295202	55.651021
2177	門口	41	295243	55.658750
2178	青蛙	41	295284	55.666479
2179	前景	41	295325	55.674208
2180	勇氣	41	295366	55.681937
2181	客觀	41	295407	55.689666
2182	研討會	41	295448	55.697395
2183	海岸	41	295489	55.705124
2184	缺少	41	295530	55.712853
2185	情景	41	295571	55.720582
2186	現今	41	295612	55.728311
2187	愉快	41	295653	55.736040
2188	發覺	41	295694	55.743769
2189	貶值	41	295735	55.751498
2190	開辦	41	295776	55.759227
2191	催眠	41	295817	55.766956
2192	新黨	41	295858	55.774685
2193	業務員	41	295899	55.782414
2194	構想	41	295940	55.790143
2195	厲害	41	295981	55.797872
2196	親友	41	296022	55.805601
2197	頭痛	41	296063	55.813330
2198	優先	41	296104	55.821059
2199	聯盟	41	296145	55.828788
2200	轉型	41	296186	55.836517
2201	雛妓	41	296227	55.844246
2202	工藝	40	296267	55.851787
2203	中毒	40	296307	55.859328
2204	太平洋	40	296347	55.866869
2205	方向盤	40	296387	55.874410
2206	王國	40	296427	55.881951
2207	平等	40	296467	55.889492
2208	成長率	40	296507	55.897033
2209	宋非我	40	296547	55.904574
2210	局面	40	296587	55.912115
2211	抗爭	40	296627	55.919656
2212	足球	40	296667	55.927197
2213	車主	40	296707	55.934738
2214	其餘	40	296747	55.942279
2215	夜間	40	296787	55.949820
2216	奇妙	40	296827	55.957361
2217	姐姐	40	296867	55.964902
2218	延伸	40	296907	55.972443
2219	注射	40	296947	55.979984
2220	前輪	40	296987	55.987525
2221	南韓	40	297027	55.995066
2222	拜訪	40	297067	56.002607
2223	差別	40	297107	56.010148
2224	師生	40	297147	56.017689
2225	專案	40	297187	56.025230
2226	帶領	40	297227	56.032771
2227	球迷	40	297267	56.040312
2228	途徑	40	297307	56.047853
2229	測量	40	297347	56.055394
2230	筆者	40	297387	56.062935
2231	階級	40	297427	56.070476
2232	道理	40	297467	56.078017
2233	對抗	40	297507	56.085558
2234	綠化	40	297547	56.093099
2235	敵人	40	297587	56.100640
2236	鋼琴	40	297627	56.108181
2237	營業額	40	297667	56.115722
2238	繁榮	40	297707	56.123263
2239	購屋	40	297747	56.130804
2240	邁向	40	297787	56.138345
2241	藝術家	40	297827	56.145886
2242	護士	40	297867	56.153427
2243	聽說	40	297907	56.160968
2244	驕傲	40	297947	56.168509
2245	體重	40	297987	56.176050
2246	觀摩	40	298027	56.183591
2247	一半	39	298066	56.190943
2248	一個	39	298105	56.198295
2249	一番	39	298144	56.205647
2250	人人	39	298183	56.212999
2251	大選	39	298222	56.220351
2252	四周	39	298261	56.227703
2253	四處	39	298300	56.235055
2254	失望	39	298339	56.242407
2255	生理	39	298378	56.249759
2256	再次	39	298417	56.257111
2257	同胞	39	298456	56.264463
2258	多麼	39	298495	56.271815
2259	安心	39	298534	56.279167
2260	忙碌	39	298573	56.286519
2261	百姓	39	298612	56.293871
2262	扭曲	39	298651	56.301223
2263	改良	39	298690	56.308575
2264	協議	39	298729	56.315927
2265	命名	39	298768	56.323279
2266	固然	39	298807	56.330631
2267	房屋	39	298846	56.337983
2268	昔日	39	298885	56.345335
2269	近來	39	298924	56.352687
2270	勇敢	39	298963	56.360039
2271	建造	39	299002	56.367391
2272	柔軟	39	299041	56.374743
2273	看來	39	299080	56.382095
2274	看起來	39	299119	56.389447
2275	研討	39	299158	56.396799
2276	美化	39	299197	56.404151
2277	風情	39	299236	56.411503
2278	原有	39	299275	56.418855
2279	時光	39	299314	56.426207
2280	桌球	39	299353	56.433559
2281	氣溫	39	299392	56.440911
2282	脂肪	39	299431	56.448263
2283	迷你	39	299470	56.455615
2284	情勢	39	299509	56.462967
2285	旋轉	39	299548	56.470319
2286	閉幕	39	299587	56.477671
2287	發掘	39	299626	56.485023
2288	發燒	39	299665	56.492375
2289	視野	39	299704	56.499727
2290	進修	39	299743	56.507079
2291	匯率	39	299782	56.514431
2292	慈悲	39	299821	56.521783
2293	會場	39	299860	56.529135
2294	節省	39	299899	56.536487
2295	經貿	39	299938	56.543839
2296	義工	39	299977	56.551191
2297	資深	39	300016	56.558543
2298	資優	39	300055	56.565895
2299	夥伴	39	300094	56.573247
2300	構造	39	300133	56.580599
2301	認定	39	300172	56.587951
2302	廣泛	39	300211	56.595303
2303	廣播	39	300250	56.602655
2304	緣故	39	300289	56.610007
2305	糖尿病	39	300328	56.617359
2306	遺跡	39	300367	56.624711
2307	證券	39	300406	56.632063
2308	一再	38	300444	56.639227
2309	入學	38	300482	56.646391
2310	口腔	38	300520	56.653555
2311	大賽	38	300558	56.660719
2312	仍是	38	300596	56.667883
2313	分子	38	300634	56.675047
2314	化石	38	300672	56.682211
2315	尺寸	38	300710	56.689375
2316	心臟病	38	300748	56.696539
2317	主持	38	300786	56.703703
2318	主義	38	300824	56.710867
2319	功夫	38	300862	56.718031
2320	可見	38	300900	56.725195
2321	可能性	38	300938	56.732359
2322	外科	38	300976	56.739523
2323	外面	38	301014	56.746687
2324	本質	38	301052	56.753851
2325	民意	38	301090	56.761015
2326	用品	38	301128	56.768179
2327	由此	38	301166	56.775343
2328	示範	38	301204	56.782507
2329	全體	38	301242	56.789671
2330	名稱	38	301280	56.796835
2331	合資	38	301318	56.803999
2332	地毯	38	301356	56.811163
2333	收藏	38	301394	56.818327
2334	自在	38	301432	56.825491
2335	自排	38	301470	56.832655
2336	行星	38	301508	56.839819
2337	困境	38	301546	56.846983
2338	那時	38	301584	56.854147
2339	那種	38	301622	56.861311
2340	和諧	38	301660	56.868475
2341	延續	38	301698	56.875639
2342	性生活	38	301736	56.882803
2343	性教育	38	301774	56.889967
2344	承諾	38	301812	56.897131
2345	信任	38	301850	56.904295
2346	促使	38	301888	56.911459
2347	屍體	38	301926	56.918623
2348	律師	38	301964	56.925787
2349	後者	38	302002	56.932951
2350	急速	38	302040	56.940115
2351	按照	38	302078	56.947279
2352	看看	38	302116	56.954443
2353	美女	38	302154	56.961607
2354	致力	38	302192	56.968771
2355	要點	38	302230	56.975935
2356	重心	38	302268	56.983099
2357	倫敦	38	302306	56.990263
2358	真是	38	302344	56.997427
2359	祖先	38	302382	57.004591
2360	唯有	38	302420	57.011755
2361	帶動	38	302458	57.018919
2362	掙扎	38	302496	57.026083
2363	族群	38	302534	57.033247
2364	透明	38	302572	57.040411
2365	景象	38	302610	57.047575
2366	新臺幣	38	302648	57.054739
2367	會員	38	302686	57.061903
2368	業績	38	302724	57.069067
2369	瑞典	38	302762	57.076231
2370	話題	38	302800	57.083395
2371	睡眠	38	302838	57.090559
2372	精液	38	302876	57.097723
2373	銀幕	38	302914	57.104887
2374	請教	38	302952	57.112051
2375	遺憾	38	302990	57.119215
2376	儲蓄	38	303028	57.126379
2377	縮小	38	303066	57.133543
2378	聯招	38	303104	57.140707
2379	轉化	38	303142	57.147871
2380	寵物	38	303180	57.155035
2381	聽見	38	303218	57.162199
2382	一輩子	37	303255	57.169174
2383	大力	37	303292	57.176149
2384	中鋼	37	303329	57.183124
2385	介入	37	303366	57.190099
2386	反覆	37	303403	57.197074
2387	水源	37	303440	57.204049
2388	出色	37	303477	57.211024
2389	出售	37	303514	57.217999
2390	古典	37	303551	57.224974
2391	奶奶	37	303588	57.231949
2392	用力	37	303625	57.238924
2393	交換	37	303662	57.245899
2394	同業	37	303699	57.252874
2395	安定	37	303736	57.259849
2396	有線電視	37	303773	57.266824
2397	考古	37	303810	57.273799
2398	行列	37	303847	57.280774
2399	行程	37	303884	57.287749
2400	作風	37	303921	57.294724
2401	抑制	37	303958	57.301699
2402	汪精衛	37	303995	57.308674
2403	男生	37	304032	57.315649
2404	肝炎	37	304069	57.322624
2405	依據	37	304106	57.329599
2406	命令	37	304143	57.336574
2407	注重	37	304180	57.343549
2408	幽默	37	304217	57.350524
2409	後座	37	304254	57.357499
2410	計程車	37	304291	57.364474
2411	風味	37	304328	57.371449
2412	差不多	37	304365	57.378424
2413	振興	37	304402	57.385399
2414	偶像	37	304439	57.392374
2415	動人	37	304476	57.399349
2416	國立	37	304513	57.406324
2417	國語文	37	304550	57.413299
2418	從未	37	304587	57.420274
2419	眼鏡	37	304624	57.427249
2420	細節	37	304661	57.434224
2421	莫斯科	37	304698	57.441199
2422	處處	37	304735	57.448174
2423	陷入	37	304772	57.455149
2424	創立	37	304809	57.462124
2425	散步	37	304846	57.469099
2426	無疑	37	304883	57.476074
2427	程序	37	304920	57.483049
2428	週末	37	304957	57.490024
2429	進來	37	304994	57.496999
2430	進軍	37	305031	57.503974
2431	奧德修斯	37	305068	57.510949
2432	業界	37	305105	57.517924
2433	路上	37	305142	57.524899
2434	甄試	37	305179	57.531874
2435	種族	37	305216	57.538849
2436	層次	37	305253	57.545824
2437	歐美	37	305290	57.552799
2438	請問	37	305327	57.559774
2439	頭部	37	305364	57.566749
2440	警告	37	305401	57.573724
2441	權威	37	305438	57.580699
2442	一種	36	305474	57.587486
2443	人心	36	305510	57.594273
2444	人潮	36	305546	57.601060
2445	上揚	36	305582	57.607847
2446	小鎮	36	305618	57.614634
2447	反省	36	305654	57.621421
2448	心跳	36	305690	57.628208
2449	世代	36	305726	57.634995
2450	出擊	36	305762	57.641782
2451	北部	36	305798	57.648569
2452	半徑	36	305834	57.655356
2453	母語	36	305870	57.662143
2454	全家	36	305906	57.668930
2455	合唱	36	305942	57.675717
2456	地下	36	305978	57.682504
2457	地圖	36	306014	57.689291
2458	年俗	36	306050	57.696078
2459	有心	36	306086	57.702865
2460	江澤民	36	306122	57.709652
2461	克服	36	306158	57.716439
2462	抓住	36	306194	57.723226
2463	李懷錦	36	306230	57.730013
2464	每個	36	306266	57.736800
2465	角落	36	306302	57.743587
2466	言論	36	306338	57.750374
2467	巡迴	36	306374	57.757161
2468	並未	36	306410	57.763948
2469	叔叔	36	306446	57.770735
2470	周永剛	36	306482	57.777522
2471	周遭	36	306518	57.784309
2472	近期	36	306554	57.791096
2473	近視	36	306590	57.797883
2474	信用	36	306626	57.804670
2475	前世	36	306662	57.811457
2476	若干	36	306698	57.818244
2477	音樂會	36	306734	57.825031
2478	消除	36	306770	57.831818
2479	特點	36	306806	57.838605
2480	留學	36	306842	57.845392
2481	能源	36	306878	57.852179
2482	專用	36	306914	57.858966
2483	得意	36	306950	57.865753
2484	推行	36	306986	57.872540
2485	現金	36	307022	57.879327
2486	朝野	36	307058	57.886114
2487	發病	36	307094	57.892901
2488	著重	36	307130	57.899688
2489	進去	36	307166	57.906475
2490	資格	36	307202	57.913262
2491	輔助	36	307238	57.920049
2492	價位	36	307274	57.926836
2493	廢紙	36	307310	57.933623
2494	模型	36	307346	57.940410
2495	熱潮	36	307382	57.947197
2496	衛生署	36	307418	57.953984
2497	鄭義	36	307454	57.960771
2498	戰場	36	307490	57.967558
2499	濃厚	36	307526	57.974345
2500	燈光	36	307562	57.981132
2501	頭腦	36	307598	57.987919
2502	臨時	36	307634	57.994706
2503	證據	36	307670	58.001493
2504	權益	36	307706	58.008280
2505	一連串	35	307741	58.014878
2506	二氧化碳	35	307776	58.021476
2507	上任	35	307811	58.028074
2508	大門	35	307846	58.034672
2509	大海	35	307881	58.041270
2510	女士	35	307916	58.047868
2511	不然	35	307951	58.054466
2512	分發	35	307986	58.061064
2513	比喻	35	308021	58.067662
2514	刊物	35	308056	58.074260
2515	可口可樂	35	308091	58.080858
2516	古人	35	308126	58.087456
2517	外表	35	308161	58.094054
2518	末期	35	308196	58.100652
2519	各位	35	308231	58.107250
2520	各項	35	308266	58.113848
2521	回應	35	308301	58.120446
2522	地主	35	308336	58.127044
2523	成分	35	308371	58.133642
2524	自動化	35	308406	58.140240
2525	行李	35	308441	58.146838
2526	形態	35	308476	58.153436
2527	防範	35	308511	58.160034
2528	依照	35	308546	58.166632
2529	制定	35	308581	58.173230
2530	服用	35	308616	58.179828
2531	空中	35	308651	58.186426
2532	娃娃	35	308686	58.193024
2533	室內	35	308721	58.199622
2534	持有	35	308756	58.206220
2535	流浪	35	308791	58.212818
2536	洗澡	35	308826	58.219416
2537	負責人	35	308861	58.226014
2538	重複	35	308896	58.232612
2539	飛行	35	308931	58.239210
2540	效益	35	308966	58.245808
2541	海底	35	309001	58.252406
2542	海峽	35	309036	58.259004
2543	乾隆	35	309071	58.265602
2544	停留	35	309106	58.272200
2545	基因	35	309141	58.278798
2546	情節	35	309176	58.285396
2547	教育廳	35	309211	58.291994
2548	教科書	35	309246	58.298592
2549	敏感	35	309281	58.305190
2550	深圳	35	309316	58.311788
2551	理財	35	309351	58.318386
2552	陸地	35	309386	58.324984
2553	剩下	35	309421	58.331582
2554	測驗	35	309456	58.338180
2555	開創	35	309491	58.344778
2556	節奏	35	309526	58.351376
2557	解放	35	309561	58.357974
2558	試圖	35	309596	58.364572
2559	對策	35	309631	58.371170
2560	精確	35	309666	58.377768
2561	臺灣省	35	309701	58.384366
2562	蒙古	35	309736	58.390964
2563	颱風	35	309771	58.397562
2564	增強	35	309806	58.404160
2565	審查	35	309841	58.410758
2566	適用	35	309876	58.417356
2567	靠近	35	309911	58.423954
2568	興起	35	309946	58.430552
2569	選區	35	309981	58.437150
2570	離婚	35	310016	58.443748
2571	寶座	35	310051	58.450346
2572	三毛	34	310085	58.456756
2573	上午	34	310119	58.463166
2574	口味	34	310153	58.469576
2575	小時候	34	310187	58.475986
2576	工程師	34	310221	58.482396
2577	互動	34	310255	58.488806
2578	手冊	34	310289	58.495216
2579	手排	34	310323	58.501626
2580	主因	34	310357	58.508036
2581	以免	34	310391	58.514446
2582	伊朗	34	310425	58.520856
2583	收集	34	310459	58.527266
2584	西洋	34	310493	58.533676
2585	忍受	34	310527	58.540086
2586	抉擇	34	310561	58.546496
2587	底盤	34	310595	58.552906
2588	所在	34	310629	58.559316
2589	林洋港	34	310663	58.565726
2590	武器	34	310697	58.572136
2591	空調	34	310731	58.578546
2592	後果	34	310765	58.584956
2593	指定	34	310799	58.591366
2594	政權	34	310833	58.597776
2595	甚麼	34	310867	58.604186
2596	皇上	34	310901	58.610596
2597	相比	34	310935	58.617006
2598	風貌	34	310969	58.623416
2599	時速	34	311003	58.629826
2600	財政部	34	311037	58.636236
2601	參選	34	311071	58.642646
2602	寂寞	34	311105	58.649056
2603	情人	34	311139	58.655466
2604	淘汰	34	311173	58.661876
2605	第一次	34	311207	58.668286
2606	復活	34	311241	58.674696
2607	描寫	34	311275	58.681106
2608	椅子	34	311309	58.687516
2609	焦慮	34	311343	58.693926
2610	著色	34	311377	58.700336
2611	街道	34	311411	58.706746
2612	開拓	34	311445	58.713156
2613	園地	34	311479	58.719566
2614	當心	34	311513	58.725976
2615	補充	34	311547	58.732386
2616	裝飾	34	311581	58.738796
2617	解除	34	311615	58.745206
2618	遊行	34	311649	58.751616
2619	過年	34	311683	58.758026
2620	電動	34	311717	58.764436
2621	對待	34	311751	58.770846
2622	疑問	34	311785	58.777256
2623	精采	34	311819	58.783666
2624	製成	34	311853	58.790076
2625	調降	34	311887	58.796486
2626	輪迴	34	311921	58.802896
2627	遭到	34	311955	58.809306
2628	隨便	34	311989	58.815716
2629	關切	34	312023	58.822126
2630	難免	34	312057	58.828536
2631	難過	34	312091	58.834946
2632	一貫	33	312124	58.841167
2633	山坡地	33	312157	58.847388
2634	不動產	33	312190	58.853609
2635	內政部	33	312223	58.859830
2636	公演	33	312256	58.866051
2637	分手	33	312289	58.872272
2638	分布	33	312322	58.878493
2639	分辨	33	312355	58.884714
2640	代理商	33	312388	58.890935
2641	刊登	33	312421	58.897156
2642	功效	33	312454	58.903377
2643	幼稚	33	312487	58.909598
2644	必定	33	312520	58.915819
2645	打工	33	312553	58.922040
2646	正義	33	312586	58.928261
2647	立法	33	312619	58.934482
2648	地形	33	312652	58.940703
2649	好奇	33	312685	58.946924
2650	好朋友	33	312718	58.953145
2651	成龍	33	312751	58.959366
2652	老大	33	312784	58.965587
2653	自來水	33	312817	58.971808
2654	自學方案	33	312850	58.978029
2655	行車	33	312883	58.984250
2656	冷氣	33	312916	58.990471
2657	吸毒	33	312949	58.996692
2658	技藝	33	312982	59.002913
2659	把握	33	313015	59.009134
2660	找尋	33	313048	59.015355
2661	私人	33	313081	59.021576
2662	赤字	33	313114	59.027797
2663	車價	33	313147	59.034018
2664	定義	33	313180	59.040239
2665	沿岸	33	313213	59.046460
2666	糾紛	33	313246	59.052681
2667	肥胖	33	313279	59.058902
2668	信仰	33	313312	59.065123
2669	便利	33	313345	59.071344
2670	度過	33	313378	59.077565
2671	春假	33	313411	59.083786
2672	流傳	33	313444	59.090007
2673	活躍	33	313477	59.096228
2674	研究所	33	313510	59.102449
2675	若是	33	313543	59.108670
2676	負面	33	313576	59.114891
2677	原住民	33	313609	59.121112
2678	捕捉	33	313642	59.127333
2679	時常	33	313675	59.133554
2680	海軍	33	313708	59.139775
2681	國產	33	313741	59.145996
2682	密度	33	313774	59.152217
2683	清晰	33	313807	59.158438
2684	規格	33	313840	59.164659
2685	設法	33	313873	59.170880
2686	這兒	33	313906	59.177101
2687	鳥類	33	313939	59.183322
2688	復甦	33	313972	59.189543
2689	短暫	33	314005	59.195764
2690	稍微	33	314038	59.201985
2691	華人	33	314071	59.208206
2692	視力	33	314104	59.214427
2693	週年慶	33	314137	59.220648
2694	開課	33	314170	59.226869
2695	階層	33	314203	59.233090
2696	感冒	33	314236	59.239311
2697	農夫	33	314269	59.245532
2698	臺東	33	314302	59.251753
2699	劇情	33	314335	59.257974
2700	劇場	33	314368	59.264195
2701	增進	33	314401	59.270416
2702	層面	33	314434	59.276637
2703	廣告界	33	314467	59.282858
2704	憤怒	33	314500	59.289079
2705	熱量	33	314533	59.295300
2706	學問	33	314566	59.301521
2707	燃燒	33	314599	59.307742
2708	選用	33	314632	59.313963
2709	優勝	33	314665	59.320184
2710	總裁	33	314698	59.326405
2711	聲明	33	314731	59.332626
2712	講座	33	314764	59.338847
2713	爆炸	33	314797	59.345068
2714	覺醒	33	314830	59.351289
2715	釋出	33	314863	59.357510
2716	變速箱	33	314896	59.363731
2717	變遷	33	314929	59.369952
2718	體積	33	314962	59.376173
2719	人權	32	314994	59.382206
2720	下雨	32	315026	59.388239
2721	下臺	32	315058	59.394272
2722	大腦	32	315090	59.400305
2723	工作者	32	315122	59.406338
2724	工研院	32	315154	59.412371
2725	今後	32	315186	59.418404
2726	六年國建	32	315218	59.424437
2727	天文	32	315250	59.430470
2728	夫人	32	315282	59.436503
2729	文物	32	315314	59.442536
2730	平安	32	315346	59.448569
2731	平靜	32	315378	59.454602
2732	正如	32	315410	59.460635
2733	民營	32	315442	59.466668
2734	伊拉克	32	315474	59.472701
2735	冰河	32	315506	59.478734
2736	名人	32	315538	59.484767
2737	成語	32	315570	59.490800
2738	有錢	32	315602	59.496833
2739	污染	32	315634	59.502866
2740	冷靜	32	315666	59.508899
2741	吸煙	32	315698	59.514932
2742	均衡	32	315730	59.520965
2743	局長	32	315762	59.526998
2744	那天	32	315794	59.533031
2745	受理	32	315826	59.539064
2746	果汁	32	315858	59.545097
2747	河川	32	315890	59.551130
2748	花費	32	315922	59.557163
2749	門診	32	315954	59.563196
2750	亮相	32	315986	59.569229
2751	保單	32	316018	59.575262
2752	契約	32	316050	59.581295
2753	待遇	32	316082	59.587328
2754	指責	32	316114	59.593361
2755	指揮	32	316146	59.599394
2756	星雲	32	316178	59.605427
2757	美金	32	316210	59.611460
2758	美感	32	316242	59.617493
2759	耶誕	32	316274	59.623526
2760	首都	32	316306	59.629559
2761	家中	32	316338	59.635592
2762	宮廷	32	316370	59.641625
2763	座位	32	316402	59.647658
2764	氣息	32	316434	59.653691
2765	海基會	32	316466	59.659724
2766	神話	32	316498	59.665757
2767	紐西蘭	32	316530	59.671790
2768	耕耘	32	316562	59.677823
2769	鬥爭	32	316594	59.683856
2770	假設	32	316626	59.689889
2771	健全	32	316658	59.695922
2772	基層	32	316690	59.701955
2773	異性	32	316722	59.707988
2774	票選	32	316754	59.714021
2775	喜劇	32	316786	59.720054
2776	單元	32	316818	59.726087
2777	圍棋	32	316850	59.732120
2778	就讀	32	316882	59.738153
2779	掌聲	32	316914	59.744186
2780	普及	32	316946	59.750219
2781	無明	32	316978	59.756252
2782	稅率	32	317010	59.762285
2783	答應	32	317042	59.768318
2784	鄉土	32	317074	59.774351
2785	鄉村	32	317106	59.780384
2786	傳遞	32	317138	59.786417
2787	溫柔	32	317170	59.792450
2788	試驗	32	317202	59.798483
2789	詢問	32	317234	59.804516
2790	農場	32	317266	59.810549
2791	電力	32	317298	59.816582
2792	電臺	32	317330	59.822615
2793	價錢	32	317362	59.828648
2794	劇團	32	317394	59.834681
2795	寬鬆	32	317426	59.840714
2796	慶典	32	317458	59.846747
2797	熱心	32	317490	59.852780
2798	獎勵	32	317522	59.858813
2799	儘量	32	317554	59.864846
2800	器材	32	317586	59.870879
2801	歷經	32	317618	59.876912
2802	輸血	32	317650	59.882945
2803	隨即	32	317682	59.888978
2804	聯絡	32	317714	59.895011
2805	還要	32	317746	59.901044
2806	點頭	32	317778	59.907077
2807	藉由	32	317810	59.913110
2808	雙手	32	317842	59.919143
2809	蘭嶼	32	317874	59.925176
2810	驚訝	32	317906	59.931209
2811	一下子	31	317937	59.937053
2812	一路	31	317968	59.942897
2813	上漲	31	317999	59.948741
2814	大多	31	318030	59.954585
2815	大部份	31	318061	59.960429
2816	不時	31	318092	59.966273
2817	中午	31	318123	59.972117
2818	內涵	31	318154	59.977961
2819	公益	31	318185	59.983805
2820	天使	31	318216	59.989649
2821	幻想	31	318247	59.995493
2822	戶外	31	318278	60.001337
2823	比率	31	318309	60.007181
2824	出土	31	318340	60.013025
2825	出走	31	318371	60.018869
2826	加工	31	318402	60.024713
2827	功課	31	318433	60.030557
2828	失業	31	318464	60.036401
2829	本地	31	318495	60.042245
2830	未必	31	318526	60.048089
2831	印尼	31	318557	60.053933
2832	存活	31	318588	60.059777
2833	投稿	31	318619	60.065621
2834	走私	31	318650	60.071465
2835	享有	31	318681	60.077309
2836	居然	31	318712	60.083153
2837	放款	31	318743	60.088997
2838	注目	31	318774	60.094841
2839	法規	31	318805	60.100685
2840	油門	31	318836	60.106529
2841	沿海	31	318867	60.112373
2842	金屬	31	318898	60.118217
2843	封建	31	318929	60.124061
2844	施工	31	318960	60.129905
2845	疫苗	31	318991	60.135749
2846	相處	31	319022	60.141593
2847	美洲	31	319053	60.147437
2848	個別	31	319084	60.153281
2849	消極	31	319115	60.159125
2850	真理	31	319146	60.164969
2851	秩序	31	319177	60.170813
2852	缺點	31	319208	60.176657
2853	財經	31	319239	60.182501
2854	高手	31	319270	60.188345
2855	專心	31	319301	60.194189
2856	情結	31	319332	60.200033
2857	授權	31	319363	60.205877
2858	教育局	31	319394	60.211721
2859	荷蘭	31	319425	60.217565
2860	處於	31	319456	60.223409
2861	設置	31	319487	60.229253
2862	陰道	31	319518	60.235097
2863	揭開	31	319549	60.240941
2864	期貨	31	319580	60.246785
2865	無力	31	319611	60.252629
2866	硬體	31	319642	60.258473
2867	菲律賓	31	319673	60.264317
2868	評鑑	31	319704	60.270161
2869	開啟	31	319735	60.276005
2870	搬家	31	319766	60.281849
2871	溶解	31	319797	60.287693
2872	資本主義	31	319828	60.293537
2873	農地	31	319859	60.299381
2874	境內	31	319890	60.305225
2875	歌聲	31	319921	60.311069
2876	漲幅	31	319952	60.316913
2877	監督	31	319983	60.322757
2878	製造業	31	320014	60.328601
2879	增添	31	320045	60.334445
2880	模糊	31	320076	60.340289
2881	談話	31	320107	60.346133
2882	篩檢	31	320138	60.351977
2883	罹患	31	320169	60.357821
2884	融合	31	320200	60.363665
2885	遺產	31	320231	60.369509
2886	瞬間	31	320262	60.375353
2887	薛琦	31	320293	60.381197
2888	魔術	31	320324	60.387041
2889	人文	30	320354	60.392697
2890	下雨天	30	320384	60.398353
2891	大都	30	320414	60.404009
2892	大聲	30	320444	60.409665
2893	內陸	30	320474	60.415321
2894	公寓	30	320504	60.420977
2895	升級	30	320534	60.426633
2896	反彈	30	320564	60.432289
2897	毛澤東	30	320594	60.437945
2898	片子	30	320624	60.443601
2899	包袱	30	320654	60.449257
2900	卡片	30	320684	60.454913
2901	卡通	30	320714	60.460569
2902	外星人	30	320744	60.466225
2903	本刊	30	320774	60.471881
2904	未能	30	320804	60.477537
2905	民營化	30	320834	60.483193
2906	生育	30	320864	60.488849
2907	用途	30	320894	60.494505
2908	交談	30	320924	60.500161
2909	印刷	30	320954	60.505817
2910	向來	30	320984	60.511473
2911	地層	30	321014	60.517129
2912	多久	30	321044	60.522785
2913	安全性	30	321074	60.528441
2914	早餐	30	321104	60.534097
2915	完善	30	321134	60.539753
2916	沙漠	30	321164	60.545409
2917	汽油	30	321194	60.551065
2918	走路	30	321224	60.556721
2919	奇特	30	321254	60.562377
2920	委員會	30	321284	60.568033
2921	孤獨	30	321314	60.573689
2922	抽象	30	321344	60.579345
2923	抬頭	30	321374	60.585001
2924	放心	30	321404	60.590657
2925	服務業	30	321434	60.596313
2926	法人	30	321464	60.601969
2927	玫瑰	30	321494	60.607625
2928	初步	30	321524	60.613281
2929	俄國	30	321554	60.618937
2930	南方	30	321584	60.624593
2931	建商	30	321614	60.630249
2932	皇后	30	321644	60.635905
2933	軍隊	30	321674	60.641561
2934	核定	30	321704	60.647217
2935	案例	30	321734	60.652873
2936	氣球	30	321764	60.658529
2937	破裂	30	321794	60.664185
2938	秘密	30	321824	60.669841
2939	草案	30	321854	60.675497
2940	起飛	30	321884	60.681153
2941	起源	30	321914	60.686809
2942	退出	30	321944	60.692465
2943	追尋	30	321974	60.698121
2944	追蹤	30	322004	60.703777
2945	乾燥	30	322034	60.709433
2946	動脈	30	322064	60.715089
2947	國土	30	322094	60.720745
2948	國際化	30	322124	60.726401
2949	執著	30	322154	60.732057
2950	將近	30	322184	60.737713
2951	崩潰	30	322214	60.743369
2952	強迫	30	322244	60.749025
2953	這位	30	322274	60.754681
2954	通往	30	322304	60.760337
2955	造就	30	322334	60.765993
2956	換檔	30	322364	60.771649
2957	減低	30	322394	60.777305
2958	進而	30	322424	60.782961
2959	開打	30	322454	60.788617
2960	開會	30	322484	60.794273
2961	會談	30	322514	60.799929
2962	滅絕	30	322544	60.805585
2963	瑞士	30	322574	60.811241
2964	經濟部	30	322604	60.816897
2965	詮釋	30	322634	60.822553
2966	遊艇	30	322664	60.828209
2967	過分	30	322694	60.833865
2968	零件	30	322724	60.839521
2969	預言	30	322754	60.845177
2970	預定	30	322784	60.850833
2971	演奏	30	322814	60.856489
2972	精子	30	322844	60.862145
2973	精密	30	322874	60.867801
2974	聚集	30	322904	60.873457
2975	劇本	30	322934	60.879113
2976	廣告公司	30	322964	60.884769
2977	慾望	30	322994	60.890425
2978	播出	30	323024	60.896081
2979	練習	30	323054	60.901737
2980	課題	30	323084	60.907393
2981	調節	30	323114	60.913049
2982	遭受	30	323144	60.918705
2983	鄰居	30	323174	60.924361
2984	據點	30	323204	60.930017
2985	螃蟹	30	323234	60.935673
2986	諮詢	30	323264	60.941329
2987	選戰	30	323294	60.946985
2988	應當	30	323324	60.952641
2989	檔案	30	323354	60.958297
2990	證交稅	30	323384	60.963953
2991	鏡子	30	323414	60.969609
2992	礦泉水	30	323444	60.975265
2993	響應	30	323474	60.980921
2994	戀愛	30	323504	60.986577
2995	顯著	30	323534	60.992233
2996	一面	29	323563	60.997700
2997	一點	29	323592	61.003167
2998	大規模	29	323621	61.008634
2999	山區	29	323650	61.014101
3000	工資	29	323679	61.019568
3001	分開	29	323708	61.025035
3002	分數	29	323737	61.030502
3003	手上	29	323766	61.035969
3004	水泥	29	323795	61.041436
3005	火星	29	323824	61.046903
3006	可憐	29	323853	61.052370
3007	可觀	29	323882	61.057837
3008	失蹤	29	323911	61.063304
3009	列車	29	323940	61.068771
3010	合法	29	323969	61.074238
3011	合唱團	29	323998	61.079705
3012	地帶	29	324027	61.085172
3013	多元	29	324056	61.090639
3014	多元化	29	324085	61.096106
3015	多半	29	324114	61.101573
3016	守法	29	324143	61.107040
3017	西部	29	324172	61.112507
3018	忍不住	29	324201	61.117974
3019	技能	29	324230	61.123441
3020	找出	29	324259	61.128908
3021	罕見	29	324288	61.134375
3022	依舊	29	324317	61.139842
3023	受訪者	29	324346	61.145309
3024	奉獻	29	324375	61.150776
3025	延長	29	324404	61.156243
3026	性行為	29	324433	61.161710
3027	性病	29	324462	61.167177
3028	招待	29	324491	61.172644
3029	拓展	29	324520	61.178111
3030	拔牙	29	324549	61.183578
3031	拍賣	29	324578	61.189045
3032	河流	29	324607	61.194512
3033	股東	29	324636	61.199979
3034	長度	29	324665	61.205446
3035	前者	29	324694	61.210913
3036	思索	29	324723	61.216380
3037	挑選	29	324752	61.221847
3038	政客	29	324781	61.227314
3039	珊瑚	29	324810	61.232781
3040	美學	29	324839	61.238248
3041	風潮	29	324868	61.243715
3042	原理	29	324897	61.249182
3043	夏日	29	324926	61.254649
3044	師資	29	324955	61.260116
3045	旅客	29	324984	61.265583
3046	時段	29	325013	61.271050
3047	消毒	29	325042	61.276517
3048	珠算	29	325071	61.281984
3049	留學生	29	325100	61.287451
3050	專輯	29	325129	61.292918
3051	崇拜	29	325158	61.298385
3052	常識	29	325187	61.303852
3053	情報	29	325216	61.309319
3054	情懷	29	325245	61.314786
3055	排除	29	325274	61.320253
3056	清涼	29	325303	61.325720
3057	混亂	29	325332	61.331187
3058	率先	29	325361	61.336654
3059	現任	29	325390	61.342121
3060	現況	29	325419	61.347588
3061	貧窮	29	325448	61.353055
3062	途中	29	325477	61.358522
3063	創刊	29	325506	61.363989
3064	提名	29	325535	61.369456
3065	散發	29	325564	61.374923
3066	猴子	29	325593	61.380390
3067	結局	29	325622	61.385857
3068	善用	29	325651	61.391324
3069	菁英	29	325680	61.396791
3070	超市	29	325709	61.402258
3071	進食	29	325738	61.407725
3072	鄉下	29	325767	61.413192
3073	開展	29	325796	61.418659
3074	開鑼	29	325825	61.424126
3075	順暢	29	325854	61.429593
3076	黑人	29	325883	61.435060
3077	微生物	29	325912	61.440527
3078	搭載	29	325941	61.445994
3079	新觀念	29	325970	61.451461
3080	溫泉	29	325999	61.456928
3081	經典	29	326028	61.462395
3082	補習	29	326057	61.467862
3083	達斯汀霍夫曼	29	326086	61.473329
3084	實行	29	326115	61.478796
3085	演化	29	326144	61.484263
3086	演說	29	326173	61.489730
3087	盡量	29	326202	61.495197
3088	蒐集	29	326231	61.500664
3089	趕緊	29	326260	61.506131
3090	摩西	29	326289	61.511598
3091	數目	29	326318	61.517065
3092	標誌	29	326347	61.522532
3093	選購	29	326376	61.527999
3094	錄音	29	326405	61.533466
3095	營造	29	326434	61.538933
3096	講究	29	326463	61.544400
3097	購物	29	326492	61.549867
3098	餵養	29	326521	61.555334
3099	瀑布	29	326550	61.560801
3100	獵豹	29	326579	61.566268
3101	轉動	29	326608	61.571735
3102	警方	29	326637	61.577202
3103	麵包	29	326666	61.582669
3104	變形	29	326695	61.588136
3105	一陣	28	326723	61.593415
3106	一場	28	326751	61.598694
3107	下游	28	326779	61.603973
3108	上下	28	326807	61.609252
3109	不致	28	326835	61.614531
3110	中年	28	326863	61.619810
3111	中華汽車	28	326891	61.625089
3112	允許	28	326919	61.630368
3113	公主	28	326947	61.635647
3114	公債	28	326975	61.640926
3115	升起	28	327003	61.646205
3116	天上	28	327031	61.651484
3117	太空船	28	327059	61.656763
3118	心得	28	327087	61.662042
3119	外型	28	327115	61.667321
3120	幼教	28	327143	61.672600
3121	正好	28	327171	61.677879
3122	交往	28	327199	61.683158
3123	任職	28	327227	61.688437
3124	各自	28	327255	61.693716
3125	何必	28	327283	61.698995
3126	即日	28	327311	61.704274
3127	完工	28	327339	61.709553
3128	尾巴	28	327367	61.714832
3129	沉重	28	327395	61.720111
3130	沉默	28	327423	61.725390
3131	牡丹	28	327451	61.730669
3132	車隊	28	327479	61.735948
3133	那是	28	327507	61.741227
3134	事先	28	327535	61.746506
3135	兒童節	28	327563	61.751785
3136	刻意	28	327591	61.757064
3137	屆時	28	327619	61.762343
3138	幸運	28	327647	61.767622
3139	性交	28	327675	61.772901
3140	服裝	28	327703	61.778180
3141	爭奪	28	327731	61.783459
3142	近代	28	327759	61.788738
3143	前座	28	327787	61.794017
3144	姿勢	28	327815	61.799296
3145	宣稱	28	327843	61.804575
3146	屏縣	28	327871	61.809854
3147	怎麼樣	28	327899	61.815133
3148	故意	28	327927	61.820412
3149	看待	28	327955	61.825691
3150	美容	28	327983	61.830970
3151	衍生	28	328011	61.836249
3152	風波	28	328039	61.841528
3153	恐怖	28	328067	61.846807
3154	桃園縣	28	328095	61.852086
3155	真好	28	328123	61.857365
3156	笑容	28	328151	61.862644
3157	偏遠	28	328179	61.867923
3158	國慶	28	328207	61.873202
3159	執導	28	328235	61.878481
3160	強制	28	328263	61.883760
3161	教訓	28	328291	61.889039
3162	教導	28	328319	61.894318
3163	敘述	28	328347	61.899597
3164	晚餐	28	328375	61.904876
3165	清代	28	328403	61.910155
3166	清淨	28	328431	61.915434
3167	深度	28	328459	61.920713
3168	野生	28	328487	61.925992
3169	單一	28	328515	61.931271
3170	富裕	28	328543	61.936550
3171	評論	28	328571	61.941829
3172	傷口	28	328599	61.947108
3173	傷心	28	328627	61.952387
3174	新興	28	328655	61.957666
3175	義務	28	328683	61.962945
3176	蛻變	28	328711	61.968224
3177	農委會	28	328739	61.973503
3178	隕石	28	328767	61.978782
3179	飼養	28	328795	61.984061
3180	境界	28	328823	61.989340
3181	對比	28	328851	61.994619
3182	歌舞	28	328879	61.999898
3183	盡力	28	328907	62.005177
3184	稱王	28	328935	62.010456
3185	徵求	28	328963	62.015735
3186	模樣	28	328991	62.021014
3187	確立	28	329019	62.026293
3188	確保	28	329047	62.031572
3189	鞋子	28	329075	62.036851
3190	學位	28	329103	62.042130
3191	導向	28	329131	62.047409
3192	憲法	28	329159	62.052688
3193	歷程	28	329187	62.057967
3194	融資	28	329215	62.063246
3195	親愛	28	329243	62.068525
3196	錯過	28	329271	62.073804
3197	雕塑	28	329299	62.079083
3198	鴨嘴獸	28	329327	62.084362
3199	擬定	28	329355	62.089641
3200	繁殖	28	329383	62.094920
3201	翻譯	28	329411	62.100199
3202	職位	28	329439	62.105478
3203	離去	28	329467	62.110757
3204	關注	28	329495	62.116036
3205	體操	28	329523	62.121315
3206	大獎	27	329550	62.126405
3207	山坡	27	329577	62.131495
3208	不便	27	329604	62.136585
3209	不適	27	329631	62.141675
3210	中醫	27	329658	62.146765
3211	心力	27	329685	62.151855
3212	文化中心	27	329712	62.156945
3213	水分	27	329739	62.162035
3214	古跡	27	329766	62.167125
3215	本草綱目	27	329793	62.172215
3216	由來	27	329820	62.177305
3217	企劃	27	329847	62.182395
3218	光線	27	329874	62.187485
3219	全方位	27	329901	62.192575
3220	再生	27	329928	62.197665
3221	列入	27	329955	62.202755
3222	名牌	27	329982	62.207845
3223	回顧	27	330009	62.212935
3224	地下水	27	330036	62.218025
3225	地理	27	330063	62.223115
3226	多媒體	27	330090	62.228205
3227	有時候	27	330117	62.233295
3228	車體	27	330144	62.238385
3229	巡視	27	330171	62.243475
3230	典範	27	330198	62.248565
3231	取出	27	330225	62.253655
3232	取締	27	330252	62.258745
3233	姓名	27	330279	62.263835
3234	放映	27	330306	62.268925
3235	阻止	27	330333	62.274015
3236	阻礙	27	330360	62.279105
3237	南非	27	330387	62.284195
3238	客氣	27	330414	62.289285
3239	急救	27	330441	62.294375
3240	星座	27	330468	62.299465
3241	流失	27	330495	62.304555
3242	流動	27	330522	62.309645
3243	流程	27	330549	62.314735
3244	派系	27	330576	62.319825
3245	省籍	27	330603	62.324915
3246	耐心	27	330630	62.330005
3247	軍人	27	330657	62.335095
3248	飛翔	27	330684	62.340185
3249	食道	27	330711	62.345275
3250	修訂	27	330738	62.350365
3251	兼顧	27	330765	62.355455
3252	夏季	27	330792	62.360545
3253	挽救	27	330819	62.365635
3254	挫折	27	330846	62.370725
3255	效應	27	330873	62.375815
3256	氣象	27	330900	62.380905
3257	珠寶	27	330927	62.385995
3258	祖母	27	330954	62.391085
3259	站在	27	330981	62.396175
3260	起步	27	331008	62.401265
3261	高科技	27	331035	62.406355
3262	高潮	27	331062	62.411445
3263	國中生	27	331089	62.416535
3264	堆積	27	331116	62.421625
3265	婚禮	27	331143	62.426715
3266	探險	27	331170	62.431805
3267	排球	27	331197	62.436895
3268	深深	27	331224	62.441985
3269	深處	27	331251	62.447075
3270	產量	27	331278	62.452165
3271	細心	27	331305	62.457255
3272	處境	27	331332	62.462345
3273	設計師	27	331359	62.467435
3274	通貨膨脹	27	331386	62.472525
3275	陶瓷	27	331413	62.477615
3276	提及	27	331440	62.482705
3277	提倡	27	331467	62.487795
3278	援助	27	331494	62.492885
3279	發光	27	331521	62.497975
3280	發動	27	331548	62.503065
3281	等到	27	331575	62.508155
3282	脾氣	27	331602	62.513245
3283	華麗	27	331629	62.518335
3284	著作	27	331656	62.523425
3285	開封	27	331683	62.528515
3286	開學	27	331710	62.533605
3287	黃色	27	331737	62.538695
3288	傻瓜	27	331764	62.543785
3289	奧地利	27	331791	62.548875
3290	感染者	27	331818	62.553965
3291	極端	27	331845	62.559055
3292	義賣	27	331872	62.564145
3293	跳舞	27	331899	62.569235
3294	電玩	27	331926	62.574325
3295	歌曲	27	331953	62.579415
3296	維生素	27	331980	62.584505
3297	劇烈	27	332007	62.589595
3298	熱門	27	332034	62.594685
3299	調動	27	332061	62.599775
3300	震撼	27	332088	62.604865
3301	濃度	27	332115	62.609955
3302	螞蟻	27	332142	62.615045
3303	頻繁	27	332169	62.620135
3304	默默	27	332196	62.625225
3305	總統府	27	332223	62.630315
3306	懲罰	27	332250	62.635405
3307	關稅	27	332277	62.640495
3308	蘋果	27	332304	62.645585
3309	歡喜	27	332331	62.650675
3310	體力	27	332358	62.655765
3311	一同	26	332384	62.660666
3312	人群	26	332410	62.665567
3313	下列	26	332436	62.670468
3314	也會	26	332462	62.675369
3315	士兵	26	332488	62.680270
3316	大事	26	332514	62.685171
3317	不曾	26	332540	62.690072
3318	中油	26	332566	62.694973
3319	中國文學	26	332592	62.699874
3320	中部	26	332618	62.704775
3321	分離	26	332644	62.709676
3322	心目中	26	332670	62.714577
3323	手臂	26	332696	62.719478
3324	文忠公	26	332722	62.724379
3325	日期	26	332748	62.729280
3326	木刻	26	332774	62.734181
3327	欠缺	26	332800	62.739082
3328	世間	26	332826	62.743983
3329	主委	26	332852	62.748884
3330	外在	26	332878	62.753785
3331	巨星	26	332904	62.758686
3332	平面	26	332930	62.763587
3333	立體	26	332956	62.768488
3334	光復	26	332982	62.773389
3335	先後	26	333008	62.778290
3336	印第安人	26	333034	62.783191
3337	安慰	26	333060	62.788092
3338	收益	26	333086	62.792993
3339	早年	26	333112	62.797894
3340	老百姓	26	333138	62.802795
3341	自認	26	333164	62.807696
3342	佛教	26	333190	62.812597
3343	利息	26	333216	62.817498
3344	助益	26	333242	62.822399
3345	局部	26	333268	62.827300
3346	改款	26	333294	62.832201
3347	改編	26	333320	62.837102
3348	更新	26	333346	62.842003
3349	決賽	26	333372	62.846904
3350	車廂	26	333398	62.851805
3351	佳作	26	333424	62.856706
3352	夜空	26	333450	62.861607
3353	姊姊	26	333476	62.866508
3354	服藥	26	333502	62.871409
3355	東歐	26	333528	62.876310
3356	武力	26	333554	62.881211
3357	河水	26	333580	62.886112
3358	矽品	26	333606	62.891013
3359	社團	26	333632	62.895914
3360	花朵	26	333658	62.900815
3361	花錢	26	333684	62.905716
3362	姿態	26	333710	62.910617
3363	拯救	26	333736	62.915518
3364	施行	26	333762	62.920419
3365	洋子	26	333788	62.925320
3366	皇冠	26	333814	62.930221
3367	美食	26	333840	62.935122
3368	美術館	26	333866	62.940023
3369	訂單	26	333892	62.944924
3370	格局	26	333918	62.949825
3371	氣味	26	333944	62.954726
3372	班機	26	333970	62.959627
3373	病房	26	333996	62.964528
3374	真宗	26	334022	62.969429
3375	逃避	26	334048	62.974330
3376	馬英九	26	334074	62.979231
3377	動機	26	334100	62.984132
3378	區分	26	334126	62.989033
3379	國民所得	26	334152	62.993934
3380	基地	26	334178	62.998835
3381	強勢	26	334204	63.003736
3382	情趣	26	334230	63.008637
3383	排隊	26	334256	63.013538
3384	淨化	26	334282	63.018439
3385	現代人	26	334308	63.023340
3386	現有	26	334334	63.028241
3387	這時	26	334360	63.033142
3388	通用	26	334386	63.038043
3389	勝利	26	334412	63.042944
3390	喝酒	26	334438	63.047845
3391	單獨	26	334464	63.052746
3392	尊敬	26	334490	63.057647
3393	智障	26	334516	63.062548
3394	殖民地	26	334542	63.067449
3395	畫展	26	334568	63.072350
3396	等等	26	334594	63.077251
3397	貴族	26	334620	63.082152
3398	週期	26	334646	63.087053
3399	進口車	26	334672	63.091954
3400	量產	26	334698	63.096855
3401	開刀	26	334724	63.101756
3402	開門	26	334750	63.106657
3403	隊員	26	334776	63.111558
3404	陽光法案	26	334802	63.116459
3405	奧運會	26	334828	63.121360
3406	新娘	26	334854	63.126261
3407	節慶	26	334880	63.131162
3408	葉爾欽	26	334906	63.136063
3409	資訊式廣告	26	334932	63.140964
3410	遇見	26	334958	63.145865
3411	嘔吐	26	334984	63.150766
3412	寧靜	26	335010	63.155667
3413	對立	26	335036	63.160568
3414	榮獲	26	335062	63.165469
3415	製片	26	335088	63.170370
3416	說明會	26	335114	63.175271
3417	廣東	26	335140	63.180172
3418	播放	26	335166	63.185073
3419	模擬	26	335192	63.189974
3420	潛能	26	335218	63.194875
3421	確認	26	335244	63.199776
3422	養成	26	335270	63.204677
3423	駕駛座	26	335296	63.209578
3424	凝聚	26	335322	63.214479
3425	擁抱	26	335348	63.219380
3426	歷代	26	335374	63.224281
3427	選票	26	335400	63.229182
3428	薪水	26	335426	63.234083
3429	蟲洞	26	335452	63.238984
3430	瀕臨	26	335478	63.243885
3431	難怪	26	335504	63.248786
3432	籃球	26	335530	63.253687
3433	議會	26	335556	63.258588
3434	攝影機	26	335582	63.263489
3435	變數	26	335608	63.268390
3436	體能	26	335634	63.273291
3437	峇里島	26	335660	63.278192
3438	一度	25	335685	63.282905
3439	一套	25	335710	63.287618
3440	一帶	25	335735	63.292331
3441	上演	25	335760	63.297044
3442	上臺	25	335785	63.301757
3443	大臣	25	335810	63.306470
3444	大專	25	335835	63.311183
3445	山脈	25	335860	63.315896
3446	工業區	25	335885	63.320609
3447	分泌	25	335910	63.325322
3448	心事	25	335935	63.330035
3449	手續	25	335960	63.334748
3450	毛病	25	335985	63.339461
3451	以色列人	25	336010	63.344174
3452	可靠	25	336035	63.348887
3453	古董	25	336060	63.353600
3454	外省	25	336085	63.358313
3455	外國人	25	336110	63.363026
3456	奶粉	25	336135	63.367739
3457	平穩	25	336160	63.372452
3458	生機	25	336185	63.377165
3459	用地	25	336210	63.381878
3460	白宮	25	336235	63.386591
3461	石階	25	336260	63.391304
3462	交替	25	336285	63.396017
3463	回頭	25	336310	63.400730
3464	伸出	25	336335	63.405443
3465	佔有率	25	336360	63.410156
3466	別墅	25	336385	63.414869
3467	材質	25	336410	63.419582
3468	定居	25	336435	63.424295
3469	征服	25	336460	63.429008
3470	性別	25	336485	63.433721
3471	承辦	25	336510	63.438434
3472	注意力	25	336535	63.443147
3473	直徑	25	336560	63.447860
3474	知識分子	25	336585	63.452573
3475	返回	25	336610	63.457286
3476	前來	25	336635	63.461999
3477	南京	25	336660	63.466712
3478	垂直	25	336685	63.471425
3479	宣佈	25	336710	63.476138
3480	客廳	25	336735	63.480851
3481	屋頂	25	336760	63.485564
3482	紅樹林	25	336785	63.490277
3483	美妙	25	336810	63.494990
3484	美國人	25	336835	63.499703
3485	重返	25	336860	63.504416
3486	重現	25	336885	63.509129
3487	食用	25	336910	63.513842
3488	首度	25	336935	63.518555
3489	剛剛	25	336960	63.523268
3490	家電	25	336985	63.527981
3491	島嶼	25	337010	63.532694
3492	旅行車	25	337035	63.537407
3493	海面	25	337060	63.542120
3494	海關	25	337085	63.546833
3495	特權	25	337110	63.551546
3496	航空	25	337135	63.556259
3497	蚊子	25	337160	63.560972
3498	財力	25	337185	63.565685
3499	迷人	25	337210	63.570398
3500	閃電	25	337235	63.575111
3501	高速公路	25	337260	63.579824
3502	高樓	25	337285	63.584537
3503	動手	25	337310	63.589250
3504	強勁	25	337335	63.593963
3505	彩繪	25	337360	63.598676
3506	得知	25	337385	63.603389
3507	教會	25	337410	63.608102
3508	晚會	25	337435	63.612815
3509	球賽	25	337460	63.617528
3510	莊嚴	25	337485	63.622241
3511	許多人	25	337510	63.626954
3512	通知	25	337535	63.631667
3513	通訊	25	337560	63.636380
3514	最初	25	337585	63.641093
3515	犀牛	25	337610	63.645806
3516	絲毫	25	337635	63.650519
3517	萎縮	25	337660	63.655232
3518	進出	25	337685	63.659945
3519	債券	25	337710	63.664658
3520	傳聞	25	337735	63.669371
3521	意念	25	337760	63.674084
3522	新竹縣	25	337785	63.678797
3523	極力	25	337810	63.683510
3524	溫州	25	337835	63.688223
3525	解脫	25	337860	63.692936
3526	跡象	25	337885	63.697649
3527	運輸	25	337910	63.702362
3528	過敏	25	337935	63.707075
3529	預約	25	337960	63.711788
3530	實習醫師	25	337985	63.716501
3531	瘧蚊	25	338010	63.721214
3532	精力	25	338035	63.725927
3533	精靈	25	338060	63.730640
3534	維修	25	338085	63.735353
3535	臺中縣	25	338110	63.740066
3536	臺語	25	338135	63.744779
3537	遙遠	25	338160	63.749492
3538	寫生	25	338185	63.754205
3539	廣州	25	338210	63.758918
3540	憂心	25	338235	63.763631
3541	暴露	25	338260	63.768344
3542	模範	25	338285	63.773057
3543	緩慢	25	338310	63.777770
3544	調高	25	338335	63.782483
3545	魄力	25	338360	63.787196
3546	墾丁	25	338385	63.791909
3547	擅長	25	338410	63.796622
3548	樹林	25	338435	63.801335
3549	優美	25	338460	63.806048
3550	優雅	25	338485	63.810761
3551	壓抑	25	338510	63.815474
3552	總額	25	338535	63.820187
3553	薪資	25	338560	63.824900
3554	蟑螂	25	338585	63.829613
3555	擴散	25	338610	63.834326
3556	禮拜	25	338635	63.839039
3557	覆蓋	25	338660	63.843752
3558	題目	25	338685	63.848465
3559	關愛	25	338710	63.853178
3560	繽紛	25	338735	63.857891
3561	體認	25	338760	63.862604
3562	靈感	25	338785	63.867317
3563	口中	24	338809	63.871841
3564	口袋	24	338833	63.876365
3565	大象	24	338857	63.880889
3566	大戰	24	338881	63.885413
3567	大膽	24	338905	63.889937
3568	小狗	24	338929	63.894461
3569	干擾	24	338953	63.898985
3570	丹麥	24	338977	63.903509
3571	什麼樣	24	339001	63.908033
3572	內銷	24	339025	63.912557
3573	水中	24	339049	63.917081
3574	牙刷	24	339073	63.921605
3575	牛奶	24	339097	63.926129
3576	主演	24	339121	63.930653
3577	平日	24	339145	63.935177
3578	平坦	24	339169	63.939701
3579	永恆	24	339193	63.944225
3580	光芒	24	339217	63.948749
3581	先鋒	24	339241	63.953273
3582	危害	24	339265	63.957797
3583	同步	24	339289	63.962321
3584	回歸	24	339313	63.966845
3585	好評	24	339337	63.971369
3586	年級	24	339361	63.975893
3587	收拾	24	339385	63.980417
3588	有名	24	339409	63.984941
3589	舌頭	24	339433	63.989465
3590	血管	24	339457	63.993989
3591	位子	24	339481	63.998513
3592	伸展	24	339505	64.003037
3593	低迷	24	339529	64.007561
3594	否定	24	339553	64.012085
3595	扭轉	24	339577	64.016609
3596	批判	24	339601	64.021133
3597	供給	24	339625	64.025657
3598	協商	24	339649	64.030181
3599	受託人	24	339673	64.034705
3600	官僚	24	339697	64.039229
3601	往後	24	339721	64.043753
3602	注入	24	339745	64.048277
3603	直線	24	339769	64.052801
3604	空前	24	339793	64.057325
3605	空軍	24	339817	64.061849
3606	非法	24	339841	64.066373
3607	保養	24	339865	64.070897
3608	春聯	24	339889	64.075421
3609	是非	24	339913	64.079945
3610	為止	24	339937	64.084469
3611	重要性	24	339961	64.088993
3612	剛好	24	339985	64.093517
3613	振動	24	340009	64.098041
3614	捐獻	24	340033	64.102565
3615	旅程	24	340057	64.107089
3616	書籍	24	340081	64.111613
3617	氣質	24	340105	64.116137
3618	海域	24	340129	64.120661
3619	能否	24	340153	64.125185
3620	起伏	24	340177	64.129709
3621	高爾夫球場	24	340201	64.134233
3622	培訓	24	340225	64.138757
3623	婆婆	24	340249	64.143281
3624	專線	24	340273	64.147805
3625	得主	24	340297	64.152329
3626	接任	24	340321	64.156853
3627	現狀	24	340345	64.161377
3628	終究	24	340369	64.165901
3629	終身	24	340393	64.170425
3630	習俗	24	340417	64.174949
3631	被迫	24	340441	64.179473
3632	販賣	24	340465	64.183997
3633	部落	24	340489	64.188521
3634	陶藝	24	340513	64.193045
3635	創辦	24	340537	64.197569
3636	喜宴	24	340561	64.202093
3637	悲觀	24	340585	64.206617
3638	智障兒	24	340609	64.211141
3639	港口	24	340633	64.215665
3640	短片	24	340657	64.220189
3641	稅收	24	340681	64.224713
3642	等級	24	340705	64.229237
3643	肅貪	24	340729	64.233761
3644	飲用	24	340753	64.238285
3645	傳染	24	340777	64.242809
3646	傷腦筋	24	340801	64.247333
3647	意志	24	340825	64.251857
3648	感恩	24	340849	64.256381
3649	搭乘	24	340873	64.260905
3650	新竹市	24	340897	64.265429
3651	新春	24	340921	64.269953
3652	楊惠姍	24	340945	64.274477
3653	煙火	24	340969	64.279001
3654	萬一	24	340993	64.283525
3655	腳踏車	24	341017	64.288049
3656	腦筋	24	341041	64.292573
3657	運氣	24	341065	64.297097
3658	電梯	24	341089	64.301621
3659	電視機	24	341113	64.306145
3660	對面	24	341137	64.310669
3661	榮譽	24	341161	64.315193
3662	稱讚	24	341185	64.319717
3663	精彩	24	341209	64.324241
3664	臺獨	24	341233	64.328765
3665	寬廣	24	341257	64.333289
3666	影展	24	341281	64.337813
3667	樓蘭	24	341305	64.342337
3668	獎金	24	341329	64.346861
3669	鄰近	24	341353	64.351385
3670	機器人	24	341377	64.355909
3671	融化	24	341401	64.360433
3672	衡量	24	341425	64.364957
3673	遺傳	24	341449	64.369481
3674	彌補	24	341473	64.374005
3675	職務	24	341497	64.378529
3676	謹慎	24	341521	64.383053
3677	攀登	24	341545	64.387577
3678	羅馬	24	341569	64.392101
3679	贊助	24	341593	64.396625
3680	難民	24	341617	64.401149
3681	議題	24	341641	64.405673
3682	攜手	24	341665	64.410197
3683	驚喜	24	341689	64.414721
3684	人為	23	341712	64.419057
3685	人際關係	23	341735	64.423393
3686	人類免疫缺乏病毒	23	341758	64.427729
3687	大批	23	341781	64.432065
3688	小女孩	23	341804	64.436401
3689	山地	23	341827	64.440737
3690	山谷	23	341850	64.445073
3691	山路	23	341873	64.449409
3692	公升	23	341896	64.453745
3693	公正	23	341919	64.458081
3694	公佈	23	341942	64.462417
3695	公關	23	341965	64.466753
3696	升值	23	341988	64.471089
3697	友誼	23	342011	64.475425
3698	心思	23	342034	64.479761
3699	心智	23	342057	64.484097
3700	水量	23	342080	64.488433
3701	片商	23	342103	64.492769
3702	出任	23	342126	64.497105
3703	出面	23	342149	64.501441
3704	半天	23	342172	64.505777
3705	古道	23	342195	64.510113
3706	外形	23	342218	64.514449
3707	本事	23	342241	64.518785
3708	光年	23	342264	64.523121
3709	吐魯番	23	342287	64.527457
3710	各式各樣	23	342310	64.531793
3711	名詞	23	342333	64.536129
3712	名額	23	342356	64.540465
3713	地步	23	342379	64.544801
3714	好友	23	342402	64.549137
3715	老爸	23	342425	64.553473
3716	含量	23	342448	64.557809
3717	局勢	23	342471	64.562145
3718	抗拒	23	342494	64.566481
3719	投保	23	342517	64.570817
3720	投機	23	342540	64.575153
3721	步驟	23	342563	64.579489
3722	走廊	23	342586	64.583825
3723	走進	23	342609	64.588161
3724	身為	23	342632	64.592497
3725	迄今	23	342655	64.596833
3726	來不及	23	342678	64.601169
3727	協會	23	342701	64.605505
3728	念書	23	342724	64.609841
3729	林正杰	23	342747	64.614177
3730	歧視	23	342770	64.618513
3731	法則	23	342793	64.622849
3732	沮喪	23	342816	64.627185
3733	知名度	23	342839	64.631521
3734	青睞	23	342862	64.635857
3735	亮度	23	342885	64.640193
3736	信念	23	342908	64.644529
3737	品種	23	342931	64.648865
3738	威尼斯	23	342954	64.653201
3739	思維	23	342977	64.657537
3740	按摩	23	343000	64.661873
3741	政局	23	343023	64.666209
3742	政院	23	343046	64.670545
3743	春季	23	343069	64.674881
3744	省府	23	343092	64.679217
3745	省思	23	343115	64.683553
3746	相聲	23	343138	64.687889
3747	科展	23	343161	64.692225
3748	約會	23	343184	64.696561
3749	家事	23	343207	64.700897
3750	家具	23	343230	64.705233
3751	容納	23	343253	64.709569
3752	旅行社	23	343276	64.713905
3753	氣勢	23	343299	64.718241
3754	氧氣	23	343322	64.722577
3755	涉及	23	343345	64.726913
3756	浮現	23	343368	64.731249
3757	素質	23	343391	64.735585
3758	航行	23	343414	64.739921
3759	起床	23	343437	64.744257
3760	副總	23	343460	64.748593
3761	動工	23	343483	64.752929
3762	區隔	23	343506	64.757265
3763	專利	23	343529	64.761601
3764	將是	23	343552	64.765937
3765	將會	23	343575	64.770273
3766	處方	23	343598	64.774609
3767	貨物	23	343621	64.778945
3768	逐年	23	343644	64.783281
3769	描繪	23	343667	64.787617
3770	無形	23	343690	64.791953
3771	善良	23	343713	64.796289
3772	進展	23	343736	64.800625
3773	開設	23	343759	64.804961
3774	開闢	23	343782	64.809297
3775	集合	23	343805	64.813633
3776	傳染病	23	343828	64.817969
3777	新書	23	343851	64.822305
3778	新聞局	23	343874	64.826641
3779	會長	23	343897	64.830977
3780	溫和	23	343920	64.835313
3781	署長	23	343943	64.839649
3782	聖誕	23	343966	64.843985
3783	解開	23	343989	64.848321
3784	雷旺	23	344012	64.852657
3785	壽險	23	344035	64.856993
3786	實地	23	344058	64.861329
3787	實例	23	344081	64.865665
3788	對付	23	344104	64.870001
3789	歌仔戲	23	344127	64.874337
3790	瘋狂	23	344150	64.878673
3791	精心	23	344173	64.883009
3792	舞者	23	344196	64.887345
3793	認養	23	344219	64.891681
3794	誘惑	23	344242	64.896017
3795	廚房	23	344265	64.900353
3796	數據	23	344288	64.904689
3797	賞鳥	23	344311	64.909025
3798	銷售量	23	344334	64.913361
3799	奮鬥	23	344357	64.917697
3800	學期	23	344380	64.922033
3801	橋梁	23	344403	64.926369
3802	獨自	23	344426	64.930705
3803	親身	23	344449	64.935041
3804	諷刺	23	344472	64.939377
3805	貓頭鷹	23	344495	64.943713
3806	隨後	23	344518	64.948049
3807	擊敗	23	344541	64.952385
3808	總理	23	344564	64.956721
3809	縱使	23	344587	64.961057
3810	點子	23	344610	64.965393
3811	嚮往	23	344633	64.969729
3812	斷層	23	344656	64.974065
3813	簡稱	23	344679	64.978401
3814	轉身	23	344702	64.982737
3815	鎖定	23	344725	64.987073
3816	雞蛋	23	344748	64.991409
3817	嚴厲	23	344771	64.995745
3818	攝氏	23	344794	65.000081
3819	攜帶	23	344817	65.004417
3820	一段	22	344839	65.008564
3821	上班族	22	344861	65.012711
3822	上路	22	344883	65.016858
3823	大火	22	344905	65.021005
3824	女主角	22	344927	65.025152
3825	小天體	22	344949	65.029299
3826	不可思議	22	344971	65.033446
3827	不得了	22	344993	65.037593
3828	不堪	22	345015	65.041740
3829	反正	22	345037	65.045887
3830	反毒	22	345059	65.050034
3831	孔子	22	345081	65.054181
3832	手套	22	345103	65.058328
3833	支付	22	345125	65.062475
3834	文案	22	345147	65.066622
3835	水泡	22	345169	65.070769
3836	火災	22	345191	65.074916
3837	牛頓	22	345213	65.079063
3838	王永慶	22	345235	65.083210
3839	世上	22	345257	65.087357
3840	以色列	22	345279	65.091504
3841	加重	22	345301	65.095651
3842	包青天	22	345323	65.099798
3843	匆匆	22	345345	65.103945
3844	北海道	22	345367	65.108092
3845	史密斯	22	345389	65.112239
3846	巨型	22	345411	65.116386
3847	布達拉宮	22	345433	65.120533
3848	幼童	22	345455	65.124680
3849	本領	22	345477	65.128827
3850	正當	22	345499	65.132974
3851	仰賴	22	345521	65.137121
3852	企業界	22	345543	65.141268
3853	企業家	22	345565	65.145415
3854	同伴	22	345587	65.149562
3855	合作社	22	345609	65.153709
3856	合適	22	345631	65.157856
3857	多樣化	22	345653	65.162003
3858	好玩	22	345675	65.166150
3859	年金	22	345697	65.170297
3860	汐止	22	345719	65.174444
3861	自私	22	345741	65.178591
3862	血壓	22	345763	65.182738
3863	西域	22	345785	65.186885
3864	告別	22	345807	65.191032
3865	吵架	22	345829	65.195179
3866	完畢	22	345851	65.199326
3867	志願	22	345873	65.203473
3868	折扣	22	345895	65.207620
3869	角逐	22	345917	65.211767
3870	車手	22	345939	65.215914
3871	車門	22	345961	65.220061
3872	事項	22	345983	65.224208
3873	制裁	22	346005	65.228355
3874	岩石	22	346027	65.232502
3875	招標	22	346049	65.236649
3876	明亮	22	346071	65.240796
3877	東亞	22	346093	65.244943
3878	泥土	22	346115	65.249090
3879	波動	22	346137	65.253237
3880	沸騰	22	346159	65.257384
3881	物體	22	346181	65.261531
3882	直升機	22	346203	65.265678
3883	肢體	22	346225	65.269825
3884	阿畢葛納克	22	346247	65.273972
3885	阻塞	22	346269	65.278119
3886	附加	22	346291	65.282266
3887	亮麗	22	346313	65.286413
3888	信賴	22	346335	65.290560
3889	保有	22	346357	65.294707
3890	契機	22	346379	65.298854
3891	建築物	22	346401	65.303001
3892	後輪	22	346423	65.307148
3893	省議會	22	346445	65.311295
3894	看書	22	346467	65.315442
3895	美景	22	346489	65.319589
3896	胖子	22	346511	65.323736
3897	負荷	22	346533	65.327883
3898	時時	22	346555	65.332030
3899	狹窄	22	346577	65.336177
3900	祝福	22	346599	65.340324
3901	笑話	22	346621	65.344471
3902	酒會	22	346643	65.348618
3903	高低	22	346665	65.352765
3904	偷渡	22	346687	65.356912
3905	偏好	22	346709	65.361059
3906	動員	22	346731	65.365206
3907	國文	22	346753	65.369353
3908	堅定	22	346775	65.373500
3909	基於	22	346797	65.377647
3910	專注	22	346819	65.381794
3911	康復	22	346841	65.385941
3912	從小	22	346863	65.390088
3913	情境	22	346885	65.394235
3914	採行	22	346907	65.398382
3915	掀起	22	346929	65.402529
3916	球隊	22	346951	65.406676
3917	眾人	22	346973	65.410823
3918	聊天	22	346995	65.414970
3919	處長	22	347017	65.419117
3920	連線	22	347039	65.423264
3921	野生動物	22	347061	65.427411
3922	陸委會	22	347083	65.431558
3923	喉嚨	22	347105	65.435705
3924	富有	22	347127	65.439852
3925	帽子	22	347149	65.443999
3926	悲慘	22	347171	65.448146
3927	插畫	22	347193	65.452293
3928	無意	22	347215	65.456440
3929	無窮	22	347237	65.460587
3930	童軍	22	347259	65.464734
3931	童詩	22	347281	65.468881
3932	結晶	22	347303	65.473028
3933	評定	22	347325	65.477175
3934	象棋	22	347347	65.481322
3935	跑道	22	347369	65.485469
3936	開口	22	347391	65.489616
3937	陽明山	22	347413	65.493763
3938	隆重	22	347435	65.497910
3939	圓形	22	347457	65.502057
3940	感慨	22	347479	65.506204
3941	想要	22	347501	65.510351
3942	愛護	22	347523	65.514498
3943	羨慕	22	347545	65.518645
3944	補救	22	347567	65.522792
3945	賄選	22	347589	65.526939
3946	違反	22	347611	65.531086
3947	過多	22	347633	65.535233
3948	過癮	22	347655	65.539380
3949	零組件	22	347677	65.543527
3950	預備	22	347699	65.547674
3951	團隊	22	347721	65.551821
3952	慢跑	22	347743	65.555968
3953	歌手	22	347765	65.560115
3954	監獄	22	347787	65.564262
3955	網球	22	347809	65.568409
3956	蒸發	22	347831	65.572556
3957	增多	22	347853	65.576703
3958	樂團	22	347875	65.580850
3959	調查局	22	347897	65.584997
3960	論文	22	347919	65.589144
3961	學歷	22	347941	65.593291
3962	導遊	22	347963	65.597438
3963	整天	22	347985	65.601585
3964	激動	22	348007	65.605732
3965	縣府	22	348029	65.609879
3966	螢幕	22	348051	65.614026
3967	踴躍	22	348073	65.618173
3968	優待	22	348095	65.622320
3969	戲水	22	348117	65.626467
3970	臉上	22	348139	65.630614
3971	還會	22	348161	65.634761
3972	擴展	22	348183	65.638908
3973	證所稅	22	348205	65.643055
3974	警惕	22	348227	65.647202
3975	贏家	22	348249	65.651349
3976	釋放	22	348271	65.655496
3977	灌溉	22	348293	65.659643
3978	顧慮	22	348315	65.663790
3979	聽覺	22	348337	65.667937
3980	邏輯	22	348359	65.672084
3981	體貼	22	348381	65.676231
3982	體質	22	348403	65.680378
3983	讚美	22	348425	65.684525
3984	人選	21	348446	65.688484
3985	入侵	21	348467	65.692443
3986	入選	21	348488	65.696402
3987	三峽	21	348509	65.700361
3988	下跌	21	348530	65.704320
3989	上游	21	348551	65.708279
3990	大蒜	21	348572	65.712238
3991	山水	21	348593	65.716197
3992	工地	21	348614	65.720156
3993	不見得	21	348635	65.724115
3994	中秋	21	348656	65.728074
3995	中縣	21	348677	65.732033
3996	內衣	21	348698	65.735992
3997	公職人員	21	348719	65.739951
3998	切除	21	348740	65.743910
3999	及早	21	348761	65.747869
4000	天天	21	348782	65.751828
4001	天文學	21	348803	65.755787
4002	天真	21	348824	65.759746
4003	少棒賽	21	348845	65.763705
4004	引用	21	348866	65.767664
4005	支氣管	21	348887	65.771623
4006	文宣	21	348908	65.775582
4007	充沛	21	348929	65.779541
4008	充裕	21	348950	65.783500
4009	北美	21	348971	65.787459
4010	去除	21	348992	65.791418
4011	外出	21	349013	65.795377
4012	外婆	21	349034	65.799336
4013	平凡	21	349055	65.803295
4014	打敗	21	349076	65.807254
4015	民主政治	21	349097	65.811213
4016	民生	21	349118	65.815172
4017	生產力	21	349139	65.819131
4018	目睹	21	349160	65.823090
4019	印證	21	349181	65.827049
4020	吉普車	21	349202	65.831008
4021	同仁	21	349223	65.834967
4022	同行	21	349244	65.838926
4023	同志	21	349265	65.842885
4024	同級	21	349286	65.846844
4025	回復	21	349307	65.850803
4026	回想	21	349328	65.854762
4027	多采多姿	21	349349	65.858721
4028	好人	21	349370	65.862680
4029	成敗	21	349391	65.866639
4030	次數	21	349412	65.870598
4031	此地	21	349433	65.874557
4032	老虎	21	349454	65.878516
4033	自主	21	349475	65.882475
4034	利器	21	349496	65.886434
4035	即可	21	349517	65.890393
4036	尿液	21	349538	65.894352
4037	沙灘	21	349559	65.898311
4038	男主角	21	349580	65.902270
4039	事故	21	349601	65.906229
4040	佳績	21	349622	65.910188
4041	孤立	21	349643	65.914147
4042	宜蘭縣	21	349664	65.918106
4043	承擔	21	349685	65.922065
4044	放下	21	349706	65.926024
4045	直覺	21	349727	65.929983
4046	社會局	21	349748	65.933942
4047	花蓮縣	21	349769	65.937901
4048	初中	21	349790	65.941860
4049	金針花	21	349811	65.945819
4050	雨水	21	349832	65.949778
4051	信用卡	21	349853	65.953737
4052	促成	21	349874	65.957696
4053	城堡	21	349895	65.961655
4054	威力	21	349916	65.965614
4055	封閉	21	349937	65.969573
4056	帝王	21	349958	65.973532
4057	相較	21	349979	65.977491
4058	約定	21	350000	65.981450
4059	苗栗	21	350021	65.985409
4060	訂閱	21	350042	65.989368
4061	訂購	21	350063	65.993327
4062	音響	21	350084	65.997286
4063	個體	21	350105	66.001245
4064	剛才	21	350126	66.005204
4065	家園	21	350147	66.009163
4066	展望	21	350168	66.013122
4067	案子	21	350189	66.017081
4068	特地	21	350210	66.021040
4069	班級	21	350231	66.024999
4070	素養	21	350252	66.028958
4071	追逐	21	350273	66.032917
4072	郝柏村	21	350294	66.036876
4073	酒精	21	350315	66.040835
4074	乾脆	21	350336	66.044794
4075	做到	21	350357	66.048753
4076	商機	21	350378	66.052712
4077	國科會	21	350399	66.056671
4078	國家公園	21	350420	66.060630
4079	執政官	21	350441	66.064589
4080	專長	21	350462	66.068548
4081	張毅	21	350483	66.072507
4082	推崇	21	350504	66.076466
4083	推翻	21	350525	66.080425
4084	排列	21	350546	66.084384
4085	排行榜	21	350567	66.088343
4086	教練	21	350588	66.092302
4087	敏銳	21	350609	66.096261
4088	深遠	21	350630	66.100220
4089	眼神	21	350651	66.104179
4090	眼淚	21	350672	66.108138
4091	祭祀	21	350693	66.112097
4092	造形	21	350714	66.116056
4093	釣魚	21	350735	66.120015
4094	陷阱	21	350756	66.123974
4095	惡劣	21	350777	66.127933
4096	焦山	21	350798	66.131892
4097	無言的山丘	21	350819	66.135851
4098	無知	21	350840	66.139810
4099	無關	21	350861	66.143769
4100	答覆	21	350882	66.147728
4101	絕種	21	350903	66.151687
4102	紫微斗數	21	350924	66.155646
4103	給付	21	350945	66.159605
4104	菩薩	21	350966	66.163564
4105	裁員	21	350987	66.167523
4106	雇用	21	351008	66.171482
4107	感人	21	351029	66.175441
4108	感想	21	351050	66.179400
4109	搖頭	21	351071	66.183359
4110	新疆	21	351092	66.187318
4111	極度	21	351113	66.191277
4112	極限	21	351134	66.195236
4113	準確	21	351155	66.199195
4114	筷子	21	351176	66.203154
4115	腦部	21	351197	66.207113
4116	董事會	21	351218	66.211072
4117	號碼	21	351239	66.215031
4118	解說	21	351260	66.218990
4119	資訊業	21	351281	66.222949
4120	遊記	21	351302	66.226908
4121	鉛筆	21	351323	66.230867
4122	電影院	21	351344	66.234826
4123	電器	21	351365	66.238785
4124	塵埃	21	351386	66.242744
4125	夥計	21	351407	66.246703
4126	寧願	21	351428	66.250662
4127	對話	21	351449	66.254621
4128	彰化	21	351470	66.258580
4129	演唱	21	351491	66.262539
4130	碩士	21	351512	66.266498
4131	緊密	21	351533	66.270457
4132	緊縮	21	351554	66.274416
4133	臺灣區	21	351575	66.278375
4134	與其	21	351596	66.282334
4135	說服	21	351617	66.286293
4136	賓館	21	351638	66.290252
4137	趙少康	21	351659	66.294211
4138	寬敞	21	351680	66.298170
4139	審判	21	351701	66.302129
4140	廢除	21	351722	66.306088
4141	編織	21	351743	66.310047
4142	談論	21	351764	66.314006
4143	賞析	21	351785	66.317965
4144	震動	21	351806	66.321924
4145	駕車	21	351827	66.325883
4146	戰機	21	351848	66.329842
4147	親戚	21	351869	66.333801
4148	輻射	21	351890	66.337760
4149	龍頭	21	351911	66.341719
4150	總之	21	351932	66.345678
4151	膽固醇	21	351953	66.349637
4152	艱難	21	351974	66.353596
4153	賽程	21	351995	66.357555
4154	擴充	21	352016	66.361514
4155	檳榔	21	352037	66.365473
4156	職員	21	352058	66.369432
4157	鞭炮	21	352079	66.373391
4158	穩定性	21	352100	66.377350
4159	藝人	21	352121	66.381309
4160	藥品	21	352142	66.385268
4161	邊界	21	352163	66.389227
4162	關閉	21	352184	66.393186
4163	籠罩	21	352205	66.397145
4164	鑑賞	21	352226	66.401104
4165	變革	21	352247	66.405063
4166	下課	20	352267	66.408833
4167	上映	20	352287	66.412603
4168	凡是	20	352307	66.416373
4169	夕陽	20	352327	66.420143
4170	大廳	20	352347	66.423913
4171	女朋友	20	352367	66.427683
4172	子孫	20	352387	66.431453
4173	子宮	20	352407	66.435223
4174	小丑	20	352427	66.438993
4175	小孩子	20	352447	66.442763
4176	小島	20	352467	66.446533
4177	山頭	20	352487	66.450303
4178	不料	20	352507	66.454073
4179	今晚	20	352527	66.457843
4180	六輕	20	352547	66.461613
4181	公司債	20	352567	66.465383
4182	公認	20	352587	66.469153
4183	月底	20	352607	66.472923
4184	比重	20	352627	66.476693
4185	水晶	20	352647	66.480463
4186	水質	20	352667	66.484233
4187	火箭	20	352687	66.488003
4188	父親節	20	352707	66.491773
4189	主人翁	20	352727	66.495543
4190	冬季	20	352747	66.499313
4191	市立	20	352767	66.503083
4192	正視	20	352787	66.506853
4193	共享	20	352807	66.510623
4194	各個	20	352827	66.514393
4195	回教	20	352847	66.518163
4196	在乎	20	352867	66.521933
4197	尖兵	20	352887	66.525703
4198	年齡層	20	352907	66.529473
4199	此刻	20	352927	66.533243
4200	自覺	20	352947	66.537013
4201	伸手	20	352967	66.540783
4202	作戰	20	352987	66.544553
4203	低落	20	353007	66.548323
4204	助選	20	353027	66.552093
4205	宏觀	20	353047	66.555863
4206	抗生素	20	353067	66.559633
4207	更換	20	353087	66.563403
4208	每月	20	353107	66.567173
4209	求學	20	353127	66.570943
4210	言語	20	353147	66.574713
4211	車尾	20	353167	66.578483
4212	車迷	20	353187	66.582253
4213	車窗	20	353207	66.586023
4214	乳房	20	353227	66.589793
4215	亞伯蘭	20	353247	66.593563
4216	使臣	20	353267	66.597333
4217	刷牙	20	353287	66.601103
4218	協定	20	353307	66.604873
4219	卓越	20	353327	66.608643
4220	念頭	20	353347	66.612413
4221	昂貴	20	353367	66.616183
4222	服務員	20	353387	66.619953
4223	法治	20	353407	66.623723
4224	法庭	20	353427	66.627493
4225	法院	20	353447	66.631263
4226	爭論	20	353467	66.635033
4227	爸媽	20	353487	66.638803
4228	牧師	20	353507	66.642573
4229	芭蕾舞	20	353527	66.646343
4230	長城	20	353547	66.650113
4231	阿里山	20	353567	66.653883
4232	南北	20	353587	66.657653
4233	南投	20	353607	66.661423
4234	枸杞子	20	353627	66.665193
4235	流露	20	353647	66.668963
4236	洶湧	20	353667	66.672733
4237	相片	20	353687	66.676503
4238	穿梭	20	353707	66.680273
4239	胡耀邦	20	353727	66.684043
4240	苗族	20	353747	66.687813
4241	首要	20	353767	66.691583
4242	倫理	20	353787	66.695353
4243	消耗	20	353807	66.699123
4244	留意	20	353827	66.702893
4245	真相	20	353847	66.706663
4246	神聖	20	353867	66.710433
4247	笑聲	20	353887	66.714203
4248	納入	20	353907	66.717973
4249	缺失	20	353927	66.721743
4250	訊號	20	353947	66.725513
4251	高麗	20	353967	66.729283
4252	區別	20	353987	66.733053
4253	國教	20	354007	66.736823
4254	堅強	20	354027	66.740593
4255	專欄	20	354047	66.744363
4256	將軍	20	354067	66.748133
4257	強力	20	354087	66.751903
4258	接到	20	354107	66.755673
4259	推荐	20	354127	66.759443
4260	推銷	20	354147	66.763213
4261	啟發	20	354167	66.766983
4262	殺死	20	354187	66.770753
4263	清除	20	354207	66.774523
4264	清理	20	354227	66.778293
4265	深厚	20	354247	66.782063
4266	盛況	20	354267	66.785833
4267	設廠	20	354287	66.789603
4268	貪瀆	20	354307	66.793373
4269	連任	20	354327	66.797143
4270	凱薩琳	20	354347	66.800913
4271	報復	20	354367	66.804683
4272	媒介	20	354387	66.808453
4273	尋常	20	354407	66.812223
4274	換言之	20	354427	66.815993
4275	景色	20	354447	66.819763
4276	替代	20	354467	66.823533
4277	期限	20	354487	66.827303
4278	殘留	20	354507	66.831073
4279	登革熱	20	354527	66.834843
4280	發射	20	354547	66.838613
4281	辜汪會談	20	354567	66.842383
4282	鈔票	20	354587	66.846153
4283	開玩笑	20	354607	66.849923
4284	陽性	20	354627	66.853693
4285	集會	20	354647	66.857463
4286	飲水	20	354667	66.861233
4287	黃春明	20	354687	66.865003
4288	黑白	20	354707	66.868773
4289	傳承	20	354727	66.872543
4290	僅有	20	354747	66.876313
4291	廉價	20	354767	66.880083
4292	感激	20	354787	66.883853
4293	愛馬仕	20	354807	66.887623
4294	損害	20	354827	66.891393
4295	新郎	20	354847	66.895163
4296	滑雪	20	354867	66.898933
4297	照射	20	354887	66.902703
4298	當場	20	354907	66.906473
4299	禁忌	20	354927	66.910243
4300	經建會	20	354947	66.914013
4301	腹部	20	354967	66.917783
4302	解約	20	354987	66.921553
4303	運河	20	355007	66.925323
4304	劃分	20	355027	66.929093
4305	夢幻	20	355047	66.932863
4306	實驗室	20	355067	66.936633
4307	演技	20	355087	66.940403
4308	漲價	20	355107	66.944173
4309	種樹	20	355127	66.947943
4310	精品	20	355147	66.951713
4311	製品	20	355167	66.955483
4312	遠見	20	355187	66.959253
4313	遠處	20	355207	66.963023
4314	劉兆玄	20	355227	66.966793
4315	增長	20	355247	66.970563
4316	熱愛	20	355267	66.974333
4317	蔣經國	20	355287	66.978103
4318	蝸牛	20	355307	66.981873
4319	衛生局	20	355327	66.985643
4320	衝刺	20	355347	66.989413
4321	諸如	20	355367	66.993183
4322	課本	20	355387	66.996953
4323	賦予	20	355407	67.000723
4324	適度	20	355427	67.004493
4325	學員	20	355447	67.008263
4326	學雜費	20	355467	67.012033
4327	戰略	20	355487	67.015803
4328	整頓	20	355507	67.019573
4329	機率	20	355527	67.023343
4330	親切	20	355547	67.027113
4331	選出	20	355567	67.030883
4332	醒來	20	355587	67.034653
4333	錄影	20	355607	67.038423
4334	頸部	20	355627	67.042193
4335	療效	20	355647	67.045963
4336	縮短	20	355667	67.049733
4337	績優	20	355687	67.053503
4338	總會	20	355707	67.057273
4339	總編輯	20	355727	67.061043
4340	聯手	20	355747	67.064813
4341	避開	20	355767	67.068583
4342	還在	20	355787	67.072353
4343	點滴	20	355807	67.076123
4344	簡易	20	355827	67.079893
4345	懷孕	20	355847	67.083663
4346	轎跑車	20	355867	67.087433
4347	黨派	20	355887	67.091203
4348	彎曲	20	355907	67.094973
4349	讀物	20	355927	67.098743
4350	蘿蔔	20	355947	67.102513
4351	體型	20	355967	67.106283
4352	一陣子	19	355986	67.109865
4353	一部分	19	356005	67.113447
4354	七月	19	356024	67.117029
4355	了不起	19	356043	67.120611
4356	土壤	19	356062	67.124193
4357	女孩子	19	356081	67.127775
4358	工商	19	356100	67.131357
4359	干預	19	356119	67.134939
4360	中山	19	356138	67.138521
4361	中期	19	356157	67.142103
4362	化解	19	356176	67.145685
4363	友人	19	356195	67.149267
4364	反抗	19	356214	67.152849
4365	天生	19	356233	67.156431
4366	心境	19	356252	67.160013
4367	文人	19	356271	67.163595
4368	日前	19	356290	67.167177
4369	月份	19	356309	67.170759
4370	王子	19	356328	67.174341
4371	主意	19	356347	67.177923
4372	主觀	19	356366	67.181505
4373	出席	19	356385	67.185087
4374	出院	19	356404	67.188669
4375	加油	19	356423	67.192251
4376	北韓	19	356442	67.195833
4377	半夜	19	356461	67.199415
4378	卡車	19	356480	67.202997
4379	只會	19	356499	67.206579
4380	外人	19	356518	67.210161
4381	失落	19	356537	67.213743
4382	布置	19	356556	67.217325
4383	本文	19	356575	67.220907
4384	正統	19	356594	67.224489
4385	田園	19	356613	67.228071
4386	白領	19	356632	67.231653
4387	全然	19	356651	67.235235
4388	冰塊	19	356670	67.238817
4389	匈牙利	19	356689	67.242399
4390	多次	19	356708	67.245981
4391	好事	19	356727	67.249563
4392	好看	19	356746	67.253145
4393	竹縣	19	356765	67.256727
4394	考古學家	19	356784	67.260309
4395	考生	19	356803	67.263891
4396	自稱	19	356822	67.267473
4397	行政院長	19	356841	67.271055
4398	吳伯雄	19	356860	67.274637
4399	求助	19	356879	67.278219
4400	男友	19	356898	67.281801
4401	走勢	19	356917	67.285383
4402	足以	19	356936	67.288965
4403	身高	19	356955	67.292547
4404	依靠	19	356974	67.296129
4405	兒女	19	356993	67.299711
4406	委託	19	357012	67.303293
4407	姊妹	19	357031	67.306875
4408	宛如	19	357050	67.310457
4409	延誤	19	357069	67.314039
4410	怪物	19	357088	67.317621
4411	所有權	19	357107	67.321203
4412	抽煙	19	357126	67.324785
4413	放學	19	357145	67.328367
4414	杯子	19	357164	67.331949
4415	注視	19	357183	67.335531
4416	爬山	19	357202	67.339113
4417	直列	19	357221	67.342695
4418	型式	19	357240	67.346277
4419	孩童	19	357259	67.349859
4420	封后	19	357278	67.353441
4421	帝國	19	357297	67.357023
4422	後遺症	19	357316	67.360605
4423	拜託	19	357335	67.364187
4424	拼圖	19	357354	67.367769
4425	柏林	19	357373	67.371351
4426	毒癮	19	357392	67.374933
4427	相差	19	357411	67.378515
4428	相撞	19	357430	67.382097
4429	科博館	19	357449	67.385679
4430	革新	19	357468	67.389261
4431	首創	19	357487	67.392843
4432	倍數	19	357506	67.396425
4433	容量	19	357525	67.400007
4434	師院	19	357544	67.403589
4435	時日	19	357563	67.407171
4436	書信	19	357582	67.410753
4437	書展	19	357601	67.414335
4438	案件	19	357620	67.417917
4439	消基會	19	357639	67.421499
4440	海葵	19	357658	67.425081
4441	真皮	19	357677	67.428663
4442	素描	19	357696	67.432245
4443	茶路	19	357715	67.435827
4444	送禮	19	357734	67.439409
4445	迷信	19	357753	67.442991
4446	院線	19	357772	67.446573
4447	骨髓	19	357791	67.450155
4448	停車	19	357810	67.453737
4449	假使	19	357829	67.457319
4450	剪接	19	357848	67.460901
4451	動態	19	357867	67.464483
4452	參展	19	357886	67.468065
4453	商用車	19	357905	67.471647
4454	唱片	19	357924	67.475229
4455	問卷	19	357943	67.478811
4456	國父	19	357962	67.482393
4457	國畫	19	357981	67.485975
4458	國壽	19	358000	67.489557
4459	國際性	19	358019	67.493139
4460	培育	19	358038	67.496721
4461	崛起	19	358057	67.500303
4462	常用	19	358076	67.503885
4463	強度	19	358095	67.507467
4464	探訪	19	358114	67.511049
4465	推測	19	358133	67.514631
4466	排斥	19	358152	67.518213
4467	教書	19	358171	67.521795
4468	啟動	19	358190	67.525377
4469	清洗	19	358209	67.528959
4470	清新	19	358228	67.532541
4471	淪為	19	358247	67.536123
4472	率領	19	358266	67.539705
4473	現階段	19	358285	67.543287
4474	粗糙	19	358304	67.546869
4475	細緻	19	358323	67.550451
4476	組件	19	358342	67.554033
4477	終點	19	358361	67.557615
4478	處分	19	358380	67.561197
4479	被動	19	358399	67.564779
4480	鹿港	19	358418	67.568361
4481	報到	19	358437	67.571943
4482	堡壘	19	358456	67.575525
4483	等候	19	358475	67.579107
4484	腎臟	19	358494	67.582689
4485	雄厚	19	358513	67.586271
4486	傳出	19	358532	67.589853
4487	感觸	19	358551	67.593435
4488	搶救	19	358570	67.597017
4489	獅子	19	358589	67.600599
4490	腹瀉	19	358608	67.604181
4491	跳躍	19	358627	67.607763
4492	遊說	19	358646	67.611345
4493	雍正	19	358665	67.614927
4494	電動玩具	19	358684	67.618509
4495	電視臺	19	358703	67.622091
4496	預先	19	358722	67.625673
4497	實習	19	358741	67.629255
4498	福建	19	358760	67.632837
4499	認清	19	358779	67.636419
4500	輕輕	19	358798	67.640001
4501	遠景	19	358817	67.643583
4502	領土	19	358836	67.647165
4503	廢物	19	358855	67.650747
4504	徵收	19	358874	67.654329
4505	撰寫	19	358893	67.657911
4506	標題	19	358912	67.661493
4507	編導	19	358931	67.665075
4508	緩緩	19	358950	67.668657
4509	蓮花	19	358969	67.672239
4510	蔓延	19	358988	67.675821
4511	談起	19	359007	67.679403
4512	適時	19	359026	67.682985
4513	震盪	19	359045	67.686567
4514	壁畫	19	359064	67.690149
4515	學界	19	359083	67.693731
4516	學費	19	359102	67.697313
4517	整齊	19	359121	67.700895
4518	整潔	19	359140	67.704477
4519	樹木	19	359159	67.708059
4520	機制	19	359178	67.711641
4521	激發	19	359197	67.715223
4522	積木	19	359216	67.718805
4523	辦事處	19	359235	67.722387
4524	選拔	19	359254	67.725969
4525	餐館	19	359273	67.729551
4526	壓歲錢	19	359292	67.733133
4527	營養午餐	19	359311	67.736715
4528	聲浪	19	359330	67.740297
4529	聯繫	19	359349	67.743879
4530	艱辛	19	359368	67.747461
4531	鮮豔	19	359387	67.751043
4532	點心	19	359406	67.754625
4533	擴建	19	359425	67.758207
4534	豐收	19	359444	67.761789
4535	簽名	19	359463	67.765371
4536	寶貴	19	359482	67.768953
4537	驅逐	19	359501	67.772535
4538	儼然	19	359520	67.776117
4539	歡笑	19	359539	67.779699
4540	人脈	18	359557	67.783092
4541	入門	18	359575	67.786485
4542	八通關	18	359593	67.789878
4543	下令	18	359611	67.793271
4544	下陷	18	359629	67.796664
4545	上昇	18	359647	67.800057
4546	口碑	18	359665	67.803450
4547	大使	18	359683	67.806843
4548	大展	18	359701	67.810236
4549	大廈	18	359719	67.813629
4550	女郎	18	359737	67.817022
4551	子弟	18	359755	67.820415
4552	小雞	18	359773	67.823808
4553	中秋節	18	359791	67.827201
4554	五專	18	359809	67.830594
4555	元素	18	359827	67.833987
4556	公元	18	359845	67.837380
4557	公民	18	359863	67.840773
4558	公益廣告	18	359881	67.844166
4559	切割	18	359899	67.847559
4560	反攻	18	359917	67.850952
4561	天才	18	359935	67.854345
4562	巴西	18	359953	67.857738
4563	文藝	18	359971	67.861131
4564	日據時代	18	359989	67.864524
4565	牛仔褲	18	360007	67.867917
4566	充足	18	360025	67.871310
4567	出租	18	360043	67.874703
4568	半數	18	360061	67.878096
4569	可知	18	360079	67.881489
4570	可貴	18	360097	67.884882
4571	巧妙	18	360115	67.888275
4572	市府	18	360133	67.891668
4573	平地	18	360151	67.895061
4574	立法委員	18	360169	67.898454
4575	任何人	18	360187	67.901847
4576	企畫	18	360205	67.905240
4577	共有	18	360223	67.908633
4578	名家	18	360241	67.912026
4579	回升	18	360259	67.915419
4580	地板	18	360277	67.918812
4581	地獄	18	360295	67.922205
4582	多餘	18	360313	67.925598
4583	好轉	18	360331	67.928991
4584	安全感	18	360349	67.932384
4585	年資	18	360367	67.935777
4586	曲折	18	360385	67.939170
4587	有用	18	360403	67.942563
4588	灰塵	18	360421	67.945956
4589	老太太	18	360439	67.949349
4590	老外	18	360457	67.952742
4591	自由化	18	360475	67.956135
4592	自學案	18	360493	67.959528
4593	行人	18	360511	67.962921
4594	行走	18	360529	67.966314
4595	行事	18	360547	67.969707
4596	西藏	18	360565	67.973100
4597	住家	18	360583	67.976493
4598	伴隨	18	360601	67.979886
4599	低價	18	360619	67.983279
4600	劫機	18	360637	67.986672
4601	困惑	18	360655	67.990065
4602	宋代	18	360673	67.993458
4603	抗體	18	360691	67.996851
4604	投注	18	360709	68.000244
4605	改建	18	360727	68.003637
4606	李鵬	18	360745	68.007030
4607	步行	18	360763	68.010423
4608	每日	18	360781	68.013816
4609	沉思	18	360799	68.017209
4610	育樂	18	360817	68.020602
4611	良心	18	360835	68.023995
4612	走訪	18	360853	68.027388
4613	防禦	18	360871	68.030781
4614	來臺	18	360889	68.034174
4615	受不了	18	360907	68.037567
4616	和尚	18	360925	68.040960
4617	定律	18	360943	68.044353
4618	官場	18	360961	68.047746
4619	招收	18	360979	68.051139
4620	拍照	18	360997	68.054532
4621	放假	18	361015	68.057925
4622	板橋	18	361033	68.061318
4623	油耗	18	361051	68.064711
4624	狐狸	18	361069	68.068104
4625	社交	18	361087	68.071497
4626	肩膀	18	361105	68.074890
4627	花燈	18	361123	68.078283
4628	阻力	18	361141	68.081676
4629	雨天	18	361159	68.085069
4630	青春期	18	361177	68.088462
4631	信徒	18	361195	68.091855
4632	咱們	18	361213	68.095248
4633	後天	18	361231	68.098641
4634	恆星	18	361249	68.102034
4635	指引	18	361267	68.105427
4636	政經	18	361285	68.108820
4637	星體	18	361303	68.112213
4638	某種	18	361321	68.115606
4639	流通	18	361339	68.118999
4640	洞穴	18	361357	68.122392
4641	洗禮	18	361375	68.125785
4642	洛杉磯	18	361393	68.129178
4643	珍品	18	361411	68.132571
4644	珍珠	18	361429	68.135964
4645	相近	18	361447	68.139357
4646	研究員	18	361465	68.142750
4647	致命	18	361483	68.146143
4648	郊區	18	361501	68.149536
4649	重疊	18	361519	68.152929
4650	風力	18	361537	68.156322
4651	風車	18	361555	68.159715
4652	悄悄	18	361573	68.163108
4653	捐贈	18	361591	68.166501
4654	書包	18	361609	68.169894
4655	校舍	18	361627	68.173287
4656	核准	18	361645	68.176680
4657	根源	18	361663	68.180073
4658	格外	18	361681	68.183466
4659	消滅	18	361699	68.186859
4660	病童	18	361717	68.190252
4661	疲倦	18	361735	68.193645
4662	疲勞	18	361753	68.197038
4663	祕書	18	361771	68.200431
4664	神秘	18	361789	68.203824
4665	純粹	18	361807	68.207217
4666	討好	18	361825	68.210610
4667	配偶	18	361843	68.214003
4668	高畫質	18	361861	68.217396
4669	高視像	18	361879	68.220789
4670	高雄縣	18	361897	68.224182
4671	健身	18	361915	68.227575
4672	動畫	18	361933	68.230968
4673	問世	18	361951	68.234361
4674	國內外	18	361969	68.237754
4675	接種	18	361987	68.241147
4676	推手	18	362005	68.244540
4677	推進	18	362023	68.247933
4678	教養	18	362041	68.251326
4679	梅爾	18	362059	68.254719
4680	條例	18	362077	68.258112
4681	瓶頸	18	362095	68.261505
4682	產物	18	362113	68.264898
4683	票價	18	362131	68.268291
4684	細膩	18	362149	68.271684
4685	蛋白質	18	362167	68.275077
4686	這類	18	362185	68.278470
4687	連結	18	362203	68.281863
4688	逝世	18	362221	68.285256
4689	部隊	18	362239	68.288649
4690	都要	18	362257	68.292042
4691	陳述	18	362275	68.295435
4692	創作者	18	362293	68.298828
4693	就職	18	362311	68.302221
4694	殘酷	18	362329	68.305614
4695	湯匙	18	362347	68.309007
4696	發電	18	362365	68.312400
4697	結交	18	362383	68.315793
4698	紫色	18	362401	68.319186
4699	進化	18	362419	68.322579
4700	開花	18	362437	68.325972
4701	間接	18	362455	68.329365
4702	飲酒	18	362473	68.332758
4703	奧妙	18	362491	68.336151
4704	意識形態	18	362509	68.339544
4705	新莊	18	362527	68.342937
4706	毀滅	18	362545	68.346330
4707	當作	18	362563	68.349723
4708	落差	18	362581	68.353116
4709	跟隨	18	362599	68.356509
4710	躲避	18	362617	68.359902
4711	運行	18	362635	68.363295
4712	遊樂	18	362653	68.366688
4713	違法	18	362671	68.370081
4714	過關	18	362689	68.373474
4715	實務	18	362707	68.376867
4716	嶄新	18	362725	68.380260
4717	慢性	18	362743	68.383653
4718	歌唱	18	362761	68.387046
4719	演唱會	18	362779	68.390439
4720	瘧疾	18	362797	68.393832
4721	盡頭	18	362815	68.397225
4722	舞會	18	362833	68.400618
4723	蒼蠅	18	362851	68.404011
4724	齊全	18	362869	68.407404
4725	儀器	18	362887	68.410797
4726	增資	18	362905	68.414190
4727	審慎	18	362923	68.417583
4728	寫實	18	362941	68.420976
4729	廚師	18	362959	68.424369
4730	暫停	18	362977	68.427762
4731	標榜	18	362995	68.431155
4732	樓梯	18	363013	68.434548
4733	歐體	18	363031	68.437941
4734	澄清	18	363049	68.441334
4735	箱子	18	363067	68.444727
4736	糊塗	18	363085	68.448120
4737	衛署	18	363103	68.451513
4738	調度	18	363121	68.454906
4739	輝煌	18	363139	68.458299
4740	遷移	18	363157	68.461692
4741	震驚	18	363175	68.465085
4742	墨西哥	18	363193	68.468478
4743	器具	18	363211	68.471871
4744	學院	18	363229	68.475264
4745	學術界	18	363247	68.478657
4746	憲政	18	363265	68.482050
4747	機票	18	363283	68.485443
4748	燃料	18	363301	68.488836
4749	獨裁	18	363319	68.492229
4750	親人	18	363337	68.495622
4751	親密	18	363355	68.499015
4752	謀殺	18	363373	68.502408
4753	輸入	18	363391	68.505801
4754	雕刻	18	363409	68.509194
4755	雕像	18	363427	68.512587
4756	績效	18	363445	68.515980
4757	總算	18	363463	68.519373
4758	隱隱	18	363481	68.522766
4759	藍天	18	363499	68.526159
4760	轉播	18	363517	68.529552
4761	醫學院	18	363535	68.532945
4762	雙胞胎	18	363553	68.536338
4763	穩健	18	363571	68.539731
4764	羅光男	18	363589	68.543124
4765	藝文	18	363607	68.546517
4766	證嚴法師	18	363625	68.549910
4767	辭職	18	363643	68.553303
4768	嚴密	18	363661	68.556696
4769	寶藏	18	363679	68.560089
4770	競技	18	363697	68.563482
4771	籌碼	18	363715	68.566875
4772	屬下	18	363733	68.570268
4773	蠟燭	18	363751	68.573661
4774	纖維	18	363769	68.577054
4775	驚奇	18	363787	68.580447
4776	體溫計	18	363805	68.583840
4777	人性化	17	363822	68.587045
4778	力氣	17	363839	68.590250
4779	下班	17	363856	68.593455
4780	凡事	17	363873	68.596660
4781	大王	17	363890	68.599865
4782	大氣	17	363907	68.603070
4783	大道	17	363924	68.606275
4784	大餅	17	363941	68.609480
4785	大學生	17	363958	68.612685
4786	小將	17	363975	68.615890
4787	小販	17	363992	68.619095
4788	小鳥	17	364009	68.622300
4789	小學生	17	364026	68.625505
4790	中生代	17	364043	68.628710
4791	中南部	17	364060	68.631915
4792	中葉	17	364077	68.635120
4793	公式	17	364094	68.638325
4794	公眾	17	364111	68.641530
4795	公營	17	364128	68.644735
4796	公雞	17	364145	68.647940
4797	分工	17	364162	68.651145
4798	分行	17	364179	68.654350
4799	化學	17	364196	68.657555
4800	太陽系	17	364213	68.660760
4801	心結	17	364230	68.663965
4802	支票	17	364247	68.667170
4803	文書	17	364264	68.670375
4804	文獻	17	364281	68.673580
4805	木柵	17	364298	68.676785
4806	木頭	17	364315	68.679990
4807	毛衣	17	364332	68.683195
4808	王鐘渝	17	364349	68.686400
4809	出入	17	364366	68.689605
4810	古蹟	17	364383	68.692810
4811	布哥特	17	364400	68.696015
4812	打扮	17	364417	68.699220
4813	未曾	17	364434	68.702425
4814	母雞	17	364451	68.705630
4815	民代	17	364468	68.708835
4816	生前	17	364485	68.712040
4817	生薑	17	364502	68.715245
4818	用餐	17	364519	68.718450
4819	田野	17	364536	68.721655
4820	示威	17	364553	68.724860
4821	仿冒	17	364570	68.728065
4822	伙伴	17	364587	68.731270
4823	光碟	17	364604	68.734475
4824	名片	17	364621	68.737680
4825	名列	17	364638	68.740885
4826	吃虧	17	364655	68.744090
4827	在意	17	364672	68.747295
4828	多角化	17	364689	68.750500
4829	成千上萬	17	364706	68.753705
4830	成績單	17	364723	68.756910
4831	收支	17	364740	68.760115
4832	收回	17	364757	68.763320
4833	有力	17	364774	68.766525
4834	此後	17	364791	68.769730
4835	老化	17	364808	68.772935
4836	自行車	17	364825	68.776140
4837	自治	17	364842	68.779345
4838	行李廂	17	364859	68.782550
4839	西伯利亞	17	364876	68.785755
4840	免疫	17	364893	68.788960
4841	妥協	17	364910	68.792165
4842	弟子	17	364927	68.795370
4843	把關	17	364944	68.798575
4844	折磨	17	364961	68.801780
4845	杜絕	17	364978	68.804985
4846	谷底	17	364995	68.808190
4847	身份	17	365012	68.811395
4848	身價	17	365029	68.814600
4849	乳頭	17	365046	68.817805
4850	事宜	17	365063	68.821010
4851	來到	17	365080	68.824215
4852	來往	17	365097	68.827420
4853	呼應	17	365114	68.830625
4854	忠實	17	365131	68.833830
4855	果實	17	365148	68.837035
4856	法官	17	365165	68.840240
4857	油畫	17	365182	68.843445
4858	版畫	17	365199	68.846650
4859	返鄉	17	365216	68.849855
4860	金牌	17	365233	68.853060
4861	金權	17	365250	68.856265
4862	阿魯族	17	365267	68.859470
4863	附加價值	17	365284	68.862675
4864	保額	17	365301	68.865880
4865	前方	17	365318	68.869085
4866	前所未有	17	365335	68.872290
4867	勉強	17	365352	68.875495
4868	勃起	17	365369	68.878700
4869	封面	17	365386	68.881905
4870	後悔	17	365403	68.885110
4871	急遽	17	365420	68.888315
4872	持股	17	365437	68.891520
4873	星期天	17	365454	68.894725
4874	洋行	17	365471	68.897930
4875	為主	17	365488	68.901135
4876	省立	17	365505	68.904340
4877	相機	17	365522	68.907545
4878	穿越	17	365539	68.910750
4879	突變	17	365556	68.913955
4880	苦難	17	365573	68.917160
4881	迫害	17	365590	68.920365
4882	郊外	17	365607	68.923570
4883	重力	17	365624	68.926775
4884	重覆	17	365641	68.929980
4885	風俗	17	365658	68.933185
4886	風雲	17	365675	68.936390
4887	飛彈	17	365692	68.939595
4888	候鳥	17	365709	68.942800
4889	修行	17	365726	68.946005
4890	夏威夷	17	365743	68.949210
4891	孫悟空	17	365760	68.952415
4892	宮殿	17	365777	68.955620
4893	拿出	17	365794	68.958825
4894	書店	17	365811	68.962030
4895	病因	17	365828	68.965235
4896	真主	17	365845	68.968440
4897	翅膀	17	365862	68.971645
4898	脆弱	17	365879	68.974850
4899	草地	17	365896	68.978055
4900	配置	17	365913	68.981260
4901	高考	17	365930	68.984465
4902	高溫	17	365947	68.987670
4903	高層	17	365964	68.990875
4904	副總經理	17	365981	68.994080
4905	商務	17	365998	68.997285
4906	國建	17	366015	69.000490
4907	婦人	17	366032	69.003695
4908	張德培	17	366049	69.006900
4909	探親	17	366066	69.010105
4910	掛帥	17	366083	69.013310
4911	救援	17	366100	69.016515
4912	敗壞	17	366117	69.019720
4913	晚期	17	366134	69.022925
4914	猛犸象	17	366151	69.026130
4915	瓶子	17	366168	69.029335
4916	盛大	17	366185	69.032540
4917	符號	17	366202	69.035745
4918	船員	17	366219	69.038950
4919	規律	17	366236	69.042155
4920	逍遙	17	366253	69.045360
4921	通路	17	366270	69.048565
4922	野外	17	366287	69.051770
4923	陪伴	17	366304	69.054975
4924	頂尖	17	366321	69.058180
4925	頂級	17	366338	69.061385
4926	傍晚	17	366355	69.064590
4927	創辦人	17	366372	69.067795
4928	創舉	17	366389	69.071000
4929	勞力	17	366406	69.074205
4930	喇叭	17	366423	69.077410
4931	圍牆	17	366440	69.080615
4932	圍繞	17	366457	69.083820
4933	報社	17	366474	69.087025
4934	報酬	17	366491	69.090230
4935	奠定	17	366508	69.093435
4936	寒流	17	366525	69.096640
4937	散文	17	366542	69.099845
4938	朝賀	17	366559	69.103050
4939	椅背	17	366576	69.106255
4940	款式	17	366593	69.109460
4941	無能	17	366610	69.112665
4942	無線電	17	366627	69.115870
4943	犀牛角	17	366644	69.119075
4944	畫作	17	366661	69.122280
4945	發起	17	366678	69.125485
4946	稅負	17	366695	69.128690
4947	稀有	17	366712	69.131895
4948	結石	17	366729	69.135100
4949	結識	17	366746	69.138305
4950	進駐	17	366763	69.141510
4951	集郵	17	366780	69.144715
4952	傳來	17	366797	69.147920
4953	僅僅	17	366814	69.151125
4954	微妙	17	366831	69.154330
4955	慎重	17	366848	69.157535
4956	新人	17	366865	69.160740
4957	極速	17	366882	69.163945
4958	殿堂	17	366899	69.167150
4959	溫哥華	17	366916	69.170355
4960	準時	17	366933	69.173560
4961	照樣	17	366950	69.176765
4962	當代	17	366967	69.179970
4963	罪惡	17	366984	69.183175
4964	聖經	17	367001	69.186380
4965	葡萄牙	17	367018	69.189585
4966	解體	17	367035	69.192790
4967	跟進	17	367052	69.195995
4968	路況	17	367069	69.199200
4969	跳動	17	367086	69.202405
4970	道歉	17	367103	69.205610
4971	過量	17	367120	69.208815
4972	遍布	17	367137	69.212020
4973	電池	17	367154	69.215225
4974	預告	17	367171	69.218430
4975	團員	17	367188	69.221635
4976	圖像	17	367205	69.224840
4977	察覺	17	367222	69.228045
4978	截然	17	367239	69.231250
4979	演戲	17	367256	69.234455
4980	漩渦	17	367273	69.237660
4981	種植	17	367290	69.240865
4982	精神科	17	367307	69.244070
4983	維也納	17	367324	69.247275
4984	維繫	17	367341	69.250480
4985	腐敗	17	367358	69.253685
4986	臺北人	17	367375	69.256890
4987	語氣	17	367392	69.260095
4988	審議	17	367409	69.263300
4989	徵候	17	367426	69.266505
4990	標本	17	367443	69.269710
4991	標示	17	367460	69.272915
4992	模仿	17	367477	69.276120
4993	潰瘍	17	367494	69.279325
4994	碼頭	17	367511	69.282530
4995	線索	17	367528	69.285735
4996	衝動	17	367545	69.288940
4997	課徵	17	367562	69.292145
4998	鄭板橋	17	367579	69.295350
4999	鋁合金	17	367596	69.298555
5000	魯迪	17	367613	69.301760
5001	操場	17	367630	69.304965
5002	機能	17	367647	69.308170
5003	激勵	17	367664	69.311375
5004	謀生	17	367681	69.314580
5005	貓王	17	367698	69.317785
5006	辦事	17	367715	69.320990
5007	遵守	17	367732	69.324195
5008	霍伯太空望遠鏡	17	367749	69.327400
5009	頻頻	17	367766	69.330605
5010	壓迫	17	367783	69.333810
5011	應邀	17	367800	69.337015
5012	應變	17	367817	69.340220
5013	牆壁	17	367834	69.343425
5014	總部	17	367851	69.346630
5015	繁華	17	367868	69.349835
5016	聯邦	17	367885	69.353040
5017	聯誼	17	367902	69.356245
5018	醞釀	17	367919	69.359450
5019	鮮明	17	367936	69.362655
5020	禮儀	17	367953	69.365860
5021	禮讓	17	367970	69.369065
5022	藉此	17	367987	69.372270
5023	轉世	17	368004	69.375475
5024	懷抱	17	368021	69.378680
5025	藥膏	17	368038	69.381885
5026	競爭者	17	368055	69.385090
5027	黨部	17	368072	69.388295
5028	攝取	17	368089	69.391500
5029	露營	17	368106	69.394705
5030	響起	17	368123	69.397910
5031	權勢	17	368140	69.401115
5032	體檢	17	368157	69.404320
5033	觀光客	17	368174	69.407525
5034	鑰匙	17	368191	69.410730
5035	鸚鵡	17	368208	69.413935
5036	一回事	16	368224	69.416951
5037	一行人	16	368240	69.419967
5038	一起來	16	368256	69.422983
5039	二二八	16	368272	69.425999
5040	下旬	16	368288	69.429015
5041	下滑	16	368304	69.432031
5042	女工	16	368320	69.435047
5043	小偷	16	368336	69.438063
5044	工作室	16	368352	69.441079
5045	工商業	16	368368	69.444095
5046	不容	16	368384	69.447111
5047	不惜	16	368400	69.450127
5048	中旬	16	368416	69.453143
5049	中原	16	368432	69.456159
5050	中學生	16	368448	69.459175
5051	元宵節	16	368464	69.462191
5052	切換	16	368480	69.465207
5053	勾勒	16	368496	69.468223
5054	化妝品	16	368512	69.471239
5055	升高	16	368528	69.474255
5056	反射	16	368544	69.477271
5057	天文臺	16	368560	69.480287
5058	天體	16	368576	69.483303
5059	少見	16	368592	69.486319
5060	少量	16	368608	69.489335
5061	巴比倫	16	368624	69.492351
5062	巴塞隆納	16	368640	69.495367
5063	心頭	16	368656	69.498383
5064	手掌	16	368672	69.501399
5065	日益	16	368688	69.504415
5066	木材	16	368704	69.507431
5067	水面	16	368720	69.510447
5068	火車站	16	368736	69.513463
5069	片廠	16	368752	69.516479
5070	王亞民	16	368768	69.519495
5071	代表性	16	368784	69.522511
5072	充斥	16	368800	69.525527
5073	充份	16	368816	69.528543
5074	加熱	16	368832	69.531559
5075	包皮	16	368848	69.534575
5076	包拯	16	368864	69.537591
5077	史料	16	368880	69.540607
5078	四肢	16	368896	69.543623
5079	外長	16	368912	69.546639
5080	外省人	16	368928	69.549655
5081	外部	16	368944	69.552671
5082	巧克力	16	368960	69.555687
5083	民意調查	16	368976	69.558703
5084	瓦解	16	368992	69.561719
5085	用水	16	369008	69.564735
5086	白人	16	369024	69.567751
5087	白領階級	16	369040	69.570767
5088	石碑	16	369056	69.573783
5089	交通部	16	369072	69.576799
5090	光度	16	369088	69.579815
5091	全國性	16	369104	69.582831
5092	共存	16	369120	69.585847
5093	同期	16	369136	69.588863
5094	各界	16	369152	69.591879
5095	地表	16	369168	69.594895
5096	在家	16	369184	69.597911
5097	好手	16	369200	69.600927
5098	好吃	16	369216	69.603943
5099	安裝	16	369232	69.606959
5100	考察隊	16	369248	69.609975
5101	自民黨	16	369264	69.612991
5102	行進	16	369280	69.616007
5103	似星體	16	369296	69.619023
5104	冷凍	16	369312	69.622039
5105	壯觀	16	369328	69.625055
5106	妙方	16	369344	69.628071
5107	戒毒	16	369360	69.631087
5108	批准	16	369376	69.634103
5109	更年期	16	369392	69.637119
5110	李時珍	16	369408	69.640135
5111	每個人	16	369424	69.643151
5112	汽缸	16	369440	69.646167
5113	見證	16	369456	69.649183
5114	車壇	16	369472	69.652199
5115	兔子	16	369488	69.655215
5116	典雅	16	369504	69.658231
5117	受損	16	369520	69.661247
5118	幸好	16	369536	69.664263
5119	拋棄	16	369552	69.667279
5120	拚命	16	369568	69.670295
5121	拆除	16	369584	69.673311
5122	明日	16	369600	69.676327
5123	果真	16	369616	69.679343
5124	玫琳凱	16	369632	69.682359
5125	盲目	16	369648	69.685375
5126	表決	16	369664	69.688391
5127	表明	16	369680	69.691407
5128	長達	16	369696	69.694423
5129	長遠	16	369712	69.697439
5130	侵蝕	16	369728	69.700455
5131	便當	16	369744	69.703471
5132	南亞	16	369760	69.706487
5133	南海	16	369776	69.709503
5134	南斯拉夫	16	369792	69.712519
5135	南臺灣	16	369808	69.715535
5136	城鄉	16	369824	69.718551
5137	宣告	16	369840	69.721567
5138	急診室	16	369856	69.724583
5139	施明德	16	369872	69.727599
5140	染色體	16	369888	69.730615
5141	流淚	16	369904	69.733631
5142	洞口	16	369920	69.736647
5143	炸彈	16	369936	69.739663
5144	皇家	16	369952	69.742679
5145	看板	16	369968	69.745695
5146	看病	16	369984	69.748711
5147	突顯	16	370000	69.751727
5148	耐力	16	370016	69.754743
5149	迫使	16	370032	69.757759
5150	風雨	16	370048	69.760775
5151	飛舞	16	370064	69.763791
5152	修護	16	370080	69.766807
5153	宴會	16	370096	69.769823
5154	校外	16	370112	69.772839
5155	海盜	16	370128	69.775855
5156	涉嫌	16	370144	69.778871
5157	特有	16	370160	69.781887
5158	紡織	16	370176	69.784903
5159	缺陷	16	370192	69.787919
5160	草莓	16	370208	69.790935
5161	起身	16	370224	69.793951
5162	起碼	16	370240	69.796967
5163	送到	16	370256	69.799983
5164	骨骼	16	370272	69.802999
5165	高大	16	370288	69.806015
5166	高原	16	370304	69.809031
5167	高爾夫	16	370320	69.812047
5168	健康檢查	16	370336	69.815063
5169	動能	16	370352	69.818079
5170	動搖	16	370368	69.821095
5171	動腦	16	370384	69.824111
5172	參議員	16	370400	69.827127
5173	國大	16	370416	69.830143
5174	宿命	16	370432	69.833159
5175	宿舍	16	370448	69.836175
5176	崗位	16	370464	69.839191
5177	掩飾	16	370480	69.842207
5178	排出	16	370496	69.845223
5179	排放	16	370512	69.848239
5180	晚年	16	370528	69.851255
5181	殺人	16	370544	69.854271
5182	殺手	16	370560	69.857287
5183	甜蜜	16	370576	69.860303
5184	終止	16	370592	69.863319
5185	聆聽	16	370608	69.866335
5186	船隻	16	370624	69.869351
5187	貫徹	16	370640	69.872367
5188	貪婪	16	370656	69.875383
5189	造福	16	370672	69.878399
5190	麻醉	16	370688	69.881415
5191	場景	16	370704	69.884431
5192	尊貴	16	370720	69.887447
5193	愉悅	16	370736	69.890463
5194	提振	16	370752	69.893479
5195	揭露	16	370768	69.896495
5196	換取	16	370784	69.899511
5197	期盼	16	370800	69.902527
5198	棲息	16	370816	69.905543
5199	殖民	16	370832	69.908559
5200	港片	16	370848	69.911575
5201	渡假	16	370864	69.914591
5202	猶如	16	370880	69.917607
5203	畫畫	16	370896	69.920623
5204	發放	16	370912	69.923639
5205	窘境	16	370928	69.926655
5206	窗戶	16	370944	69.929671
5207	童玩	16	370960	69.932687
5208	絕不	16	370976	69.935703
5209	裂縫	16	370992	69.938719
5210	診治	16	371008	69.941735
5211	軸距	16	371024	69.944751
5212	進度	16	371040	69.947767
5213	隊長	16	371056	69.950783
5214	順應	16	371072	69.953799
5215	黑道	16	371088	69.956815
5216	新大陸	16	371104	69.959831
5217	暗示	16	371120	69.962847
5218	會計師	16	371136	69.965863
5219	概念車	16	371152	69.968879
5220	當今	16	371168	69.971895
5221	睪丸	16	371184	69.974911
5222	碑林	16	371200	69.977927
5223	群體	16	371216	69.980943
5224	腦海	16	371232	69.983959
5225	落成	16	371248	69.986975
5226	試駕	16	371264	69.989991
5227	資助	16	371280	69.993007
5228	資源回收	16	371296	69.996023
5229	農曆	16	371312	69.999039
5230	道具	16	371328	70.002055
5231	頑皮	16	371344	70.005071
5232	鼓舞	16	371360	70.008087
5233	嘉年華	16	371376	70.011103
5234	墓碑	16	371392	70.014119
5235	奪魁	16	371408	70.017135
5236	對岸	16	371424	70.020151
5237	對照	16	371440	70.023167
5238	弊案	16	371456	70.026183
5239	慣例	16	371472	70.029199
5240	演習	16	371488	70.032215
5241	漫長	16	371504	70.035231
5242	盡情	16	371520	70.038247
5243	算術	16	371536	70.041263
5244	緊緊	16	371552	70.044279
5245	聞名	16	371568	70.047295
5246	與眾不同	16	371584	70.050311
5247	蜜蜂	16	371600	70.053327
5248	誤解	16	371616	70.056343
5249	說出	16	371632	70.059359
5250	鳳陽花鼓	16	371648	70.062375
5251	嘴巴	16	371664	70.065391
5252	增值	16	371680	70.068407
5253	寬闊	16	371696	70.071423
5254	審核	16	371712	70.074439
5255	廠房	16	371728	70.077455
5256	廠長	16	371744	70.080471
5257	樂器	16	371760	70.083487
5258	潛在	16	371776	70.086503
5259	獎項	16	371792	70.089519
5260	獎學金	16	371808	70.092535
5261	蓬勃	16	371824	70.095551
5262	調理	16	371840	70.098567
5263	輪流	16	371856	70.101583
5264	鞏固	16	371872	70.104599
5265	駕駛員	16	371888	70.107615
5266	學業	16	371904	70.110631
5267	戰鬥	16	371920	70.113647
5268	擔憂	16	371936	70.116663
5269	橘子	16	371952	70.119679
5270	親情	16	371968	70.122695
5271	辨識	16	371984	70.125711
5272	遲到	16	372000	70.128727
5273	遲疑	16	372016	70.131743
5274	錄取	16	372032	70.134759
5275	錄音帶	16	372048	70.137775
5276	靜止	16	372064	70.140791
5277	頻率	16	372080	70.143807
5278	頭暈	16	372096	70.146823
5279	默片	16	372112	70.149839
5280	營建	16	372128	70.152855
5281	燦爛	16	372144	70.155871
5282	獲勝	16	372160	70.158887
5283	縮減	16	372176	70.161903
5284	總公司	16	372192	70.164919
5285	總數	16	372208	70.167935
5286	賽跑	16	372224	70.170951
5287	鍛鍊	16	372240	70.173967
5288	隱身	16	372256	70.176983
5289	叢林	16	372272	70.179999
5290	斷定	16	372288	70.183015
5291	獵人	16	372304	70.186031
5292	獵物	16	372320	70.189047
5293	禮品	16	372336	70.192063
5294	禮貌	16	372352	70.195079
5295	簡化	16	372368	70.198095
5296	舊金山	16	372384	70.201111
5297	舊約聖經	16	372400	70.204127
5298	藉口	16	372416	70.207143
5299	醫藥	16	372432	70.210159
5300	釐清	16	372448	70.213175
5301	曝光	16	372464	70.216191
5302	繩子	16	372480	70.219207
5303	關島	16	372496	70.222223
5304	嚴苛	16	372512	70.225239
5305	觸摸	16	372528	70.228255
5306	攤位	16	372544	70.231271
5307	襲擊	16	372560	70.234287
5308	襯衫	16	372576	70.237303
5309	觀看	16	372592	70.240319
5310	讚賞	16	372608	70.243335
5311	一口氣	15	372623	70.246163
5312	一心	15	372638	70.248991
5313	九龍壁	15	372653	70.251819
5314	人馬	15	372668	70.254647
5315	下雪	15	372683	70.257475
5316	上場	15	372698	70.260303
5317	也要	15	372713	70.263131
5318	口吻	15	372728	70.265959
5319	土著	15	372743	70.268787
5320	大方	15	372758	70.271615
5321	大老	15	372773	70.274443
5322	山洞	15	372788	70.277271
5323	山莊	15	372803	70.280099
5324	山頂	15	372818	70.282927
5325	不等	15	372833	70.285755
5326	仇恨	15	372848	70.288583
5327	勾結	15	372863	70.291411
5328	反觀	15	372878	70.294239
5329	引力	15	372893	70.297067
5330	心理治療	15	372908	70.299895
5331	手工	15	372923	70.302723
5332	支配	15	372938	70.305551
5333	文件	15	372953	70.308379
5334	比如	15	372968	70.311207
5335	水土保持	15	372983	70.314035
5336	火山爆發	15	372998	70.316863
5337	主流派	15	373013	70.319691
5338	付款	15	373028	70.322519
5339	仙人掌	15	373043	70.325347
5340	出頭	15	373058	70.328175
5341	刊出	15	373073	70.331003
5342	加深	15	373088	70.333831
5343	加盟	15	373103	70.336659
5344	包裹	15	373118	70.339487
5345	半年	15	373133	70.342315
5346	占領	15	373148	70.345143
5347	可望	15	373163	70.347971
5348	右手	15	373178	70.350799
5349	召集	15	373193	70.353627
5350	司法	15	373208	70.356455
5351	外勞	15	373223	70.359283
5352	外語	15	373238	70.362111
5353	市政府	15	373253	70.364939
5354	布希	15	373268	70.367767
5355	必需	15	373283	70.370595
5356	本土化	15	373298	70.373423
5357	本田汽車公司	15	373313	70.376251
5358	未婚	15	373328	70.379079
5359	正月	15	373343	70.381907
5360	氾濫	15	373358	70.384735
5361	甘迺迪	15	373373	70.387563
5362	生命力	15	373388	70.390391
5363	生產線	15	373403	70.393219
5364	生殖	15	373418	70.396047
5365	用功	15	373433	70.398875
5366	白堊紀	15	373448	70.401703
5367	白雲	15	373463	70.404531
5368	皮包	15	373478	70.407359
5369	立志	15	373493	70.410187
5370	交接	15	373508	70.413015
5371	任意	15	373523	70.415843
5372	光榮	15	373538	70.418671
5373	全程	15	373553	70.421499
5374	同性戀	15	373568	70.424327
5375	回合	15	373583	70.427155
5376	地價	15	373598	70.429983
5377	多項	15	373613	70.432811
5378	多樣	15	373628	70.435639
5379	年初	15	373643	70.438467
5380	有益	15	373658	70.441295
5381	有點	15	373673	70.444123
5382	江湖	15	373688	70.446951
5383	百萬	15	373703	70.449779
5384	而言	15	373718	70.452607
5385	肉體	15	373733	70.455435
5386	自製	15	373748	70.458263
5387	色情	15	373763	70.461091
5388	色調	15	373778	70.463919
5389	行道樹	15	373793	70.466747
5390	何建平	15	373808	70.469575
5391	冷媒	15	373823	70.472403
5392	冷漠	15	373838	70.475231
5393	吸引力	15	373853	70.478059
5394	屁股	15	373868	70.480887
5395	尿道	15	373883	70.483715
5396	投射	15	373898	70.486543
5397	改組	15	373913	70.489371
5398	李昂	15	373928	70.492199
5399	災害	15	373943	70.495027
5400	肝臟	15	373958	70.497855
5401	豆腐	15	373973	70.500683
5402	身子	15	373988	70.503511
5403	車頭	15	374003	70.506339
5404	防護	15	374018	70.509167
5405	乳腺癌	15	374033	70.511995
5406	些許	15	374048	70.514823
5407	到來	15	374063	70.517651
5408	取向	15	374078	70.520479
5409	周年	15	374093	70.523307
5410	姑娘	15	374108	70.526135
5411	宗旨	15	374123	70.528963
5412	官吏	15	374138	70.531791
5413	居家	15	374153	70.534619
5414	延後	15	374168	70.537447
5415	性命	15	374183	70.540275
5416	性接觸	15	374198	70.543103
5417	性感	15	374213	70.545931
5418	所長	15	374228	70.548759
5419	放大	15	374243	70.551587
5420	旺盛	15	374258	70.554415
5421	明代	15	374273	70.557243
5422	昏迷	15	374288	70.560071
5423	林立	15	374303	70.562899
5424	況且	15	374318	70.565727
5425	沿途	15	374333	70.568555
5426	知性	15	374348	70.571383
5427	知識份子	15	374363	70.574211
5428	股權	15	374378	70.577039
5429	花旗	15	374393	70.579867
5430	金字塔	15	374408	70.582695
5431	長江	15	374423	70.585523
5432	長相	15	374438	70.588351
5433	長壽	15	374453	70.591179
5434	阿姨	15	374468	70.594007
5435	青少棒	15	374483	70.596835
5436	信合社	15	374498	70.599663
5437	前輩	15	374513	70.602491
5438	咳嗽	15	374528	70.605319
5439	宣言	15	374543	70.608147
5440	客家人	15	374558	70.610975
5441	思惟	15	374573	70.613803
5442	星團	15	374588	70.616631
5443	柿子	15	374603	70.619459
5444	洗衣機	15	374618	70.622287
5445	皇室	15	374633	70.625115
5446	相會	15	374648	70.627943
5447	相遇	15	374663	70.630771
5448	約束	15	374678	70.633599
5449	耶和華	15	374693	70.636427
5450	背部	15	374708	70.639255
5451	苦惱	15	374723	70.642083
5452	英國人	15	374738	70.644911
5453	重整	15	374753	70.647739
5454	降價	15	374768	70.650567
5455	風度	15	374783	70.653395
5456	飛往	15	374798	70.656223
5457	借鏡	15	374813	70.659051
5458	倒楣	15	374828	70.661879
5459	准許	15	374843	70.664707
5460	唐朝	15	374858	70.667535
5461	哮喘	15	374873	70.670363
5462	容器	15	374888	70.673191
5463	射精	15	374903	70.676019
5464	差點	15	374918	70.678847
5465	師父	15	374933	70.681675
5466	徐槐	15	374948	70.684503
5467	息息相關	15	374963	70.687331
5468	時髦	15	374978	70.690159
5469	書房	15	374993	70.692987
5470	海拔	15	375008	70.695815
5471	烏龜	15	375023	70.698643
5472	病例	15	375038	70.701471
5473	病歷	15	375053	70.704299
5474	秘書長	15	375068	70.707127
5475	航線	15	375083	70.709955
5476	荒謬	15	375098	70.712783
5477	討厭	15	375113	70.715611
5478	追加	15	375128	70.718439
5479	追溯	15	375143	70.721267
5480	高育仁	15	375158	70.724095
5481	高明	15	375173	70.726923
5482	高價	15	375188	70.729751
5483	偷渡客	15	375203	70.732579
5484	國家音樂廳	15	375218	70.735407
5485	基本上	15	375233	70.738235
5486	基本面	15	375248	70.741063
5487	專訪	15	375263	70.743891
5488	悠閒	15	375278	70.746719
5489	情婦	15	375293	70.749547
5490	接手	15	375308	70.752375
5491	斜坡	15	375323	70.755203
5492	梯次	15	375338	70.758031
5493	淚水	15	375353	70.760859
5494	球團	15	375368	70.763687
5495	現值	15	375383	70.766515
5496	祥和	15	375398	70.769343
5497	祭壇	15	375413	70.772171
5498	第二	15	375428	70.774999
5499	細密	15	375443	70.777827
5500	終生	15	375458	70.780655
5501	脖子	15	375473	70.783483
5502	莎朗史東	15	375488	70.786311
5503	莫名其妙	15	375503	70.789139
5504	許可	15	375518	70.791967
5505	貪污	15	375533	70.794795
5506	貧困	15	375548	70.797623
5507	造勢	15	375563	70.800451
5508	部會	15	375578	70.803279
5509	魚類	15	375593	70.806107
5510	鳥兒	15	375608	70.808935
5511	傑作	15	375623	70.811763
5512	幾天	15	375638	70.814591
5513	提示	15	375653	70.817419
5514	提議	15	375668	70.820247
5515	揮灑	15	375683	70.823075
5516	揚言	15	375698	70.825903
5517	散播	15	375713	70.828731
5518	期許	15	375728	70.831559
5519	渺小	15	375743	70.834387
5520	無比	15	375758	70.837215
5521	發表會	15	375773	70.840043
5522	童裝	15	375788	70.842871
5523	筆記	15	375803	70.845699
5524	絕望	15	375818	70.848527
5525	華視	15	375833	70.851355
5526	開關	15	375848	70.854183
5527	順便	15	375863	70.857011
5528	黃威廉	15	375878	70.859839
5529	奧秘	15	375893	70.862667
5530	想念	15	375908	70.865495
5531	想像力	15	375923	70.868323
5532	愛滋	15	375938	70.871151
5533	新一代	15	375953	70.873979
5534	新式	15	375968	70.876807
5535	新產品	15	375983	70.879635
5536	會晤	15	375998	70.882463
5537	當地人	15	376013	70.885291
5538	當事人	15	376028	70.888119
5539	碰到	15	376043	70.890947
5540	置信	15	376058	70.893775
5541	腦力	15	376073	70.896603
5542	詳盡	15	376088	70.899431
5543	試車	15	376103	70.902259
5544	誠懇	15	376118	70.905087
5545	遊樂區	15	376133	70.907915
5546	違規	15	376148	70.910743
5547	過冬	15	376163	70.913571
5548	隔壁	15	376178	70.916399
5549	隔離	15	376193	70.919227
5550	頓時	15	376208	70.922055
5551	馳騁	15	376223	70.924883
5552	嘉義	15	376238	70.927711
5553	團結	15	376253	70.930539
5554	墓園	15	376268	70.933367
5555	摸索	15	376283	70.936195
5556	暢遊	15	376298	70.939023
5557	漫遊	15	376313	70.941851
5558	監測	15	376328	70.944679
5559	端午	15	376343	70.947507
5560	精美	15	376358	70.950335
5561	綜觀	15	376373	70.953163
5562	綠洲	15	376388	70.955991
5563	膀胱	15	376403	70.958819
5564	說服力	15	376418	70.961647
5565	遠遠	15	376433	70.964475
5566	雌激素	15	376448	70.967303
5567	僵化	15	376463	70.970131
5568	寫字	15	376478	70.972959
5569	廢水	15	376493	70.975787
5570	影子	15	376508	70.978615
5571	徵稿	15	376523	70.981443
5572	憂慮	15	376538	70.984271
5573	摩托車	15	376553	70.987099
5574	模範生	15	376568	70.989927
5575	熟知	15	376583	70.992755
5576	熱忱	15	376598	70.995583
5577	熱線	15	376613	70.998411
5578	篇幅	15	376628	71.001239
5579	調適	15	376643	71.004067
5580	賣出	15	376658	71.006895
5581	輪椅	15	376673	71.009723
5582	駕駛人	15	376688	71.012551
5583	戰火	15	376703	71.015379
5584	戰勝	15	376718	71.018207
5585	操縱	15	376733	71.021035
5586	親近	15	376748	71.023863
5587	輸送	15	376763	71.026691
5588	鋼鐵	15	376778	71.029519
5589	隨意	15	376793	71.032347
5590	餐飲	15	376808	71.035175
5591	應是	15	376823	71.038003
5592	檢測	15	376838	71.040831
5593	檢視	15	376853	71.043659
5594	檢察官	15	376868	71.046487
5595	檢舉	15	376883	71.049315
5596	環保局	15	376898	71.052143
5597	舉例	15	376913	71.054971
5598	輿論	15	376928	71.057799
5599	隱憂	15	376943	71.060627
5600	點燃	15	376958	71.063455
5601	歸納	15	376973	71.066283
5602	簡報	15	376988	71.069111
5603	職校	15	377003	71.071939
5604	醫治	15	377018	71.074767
5605	鬆弛	15	377033	71.077595
5606	藝術品	15	377048	71.080423
5607	證管會	15	377063	71.083251
5608	難以	15	377078	71.086079
5609	蘇東坡	15	377093	71.088907
5610	攝影師	15	377108	71.091735
5611	蘭陽	15	377123	71.094563
5612	護理	15	377138	71.097391
5613	護照	15	377153	71.100219
5614	魔鬼	15	377168	71.103047
5615	變速	15	377183	71.105875
5616	體育館	15	377198	71.108703
5617	一次	14	377212	71.111342
5618	一系列	14	377226	71.113981
5619	一身	14	377240	71.116620
5620	一群	14	377254	71.119259
5621	一窩蜂	14	377268	71.121898
5622	人世	14	377282	71.124537
5623	三角	14	377296	71.127176
5624	大衛	14	377310	71.129815
5625	大樹	14	377324	71.132454
5626	女王	14	377338	71.135093
5627	子公司	14	377352	71.137732
5628	山胞	14	377366	71.140371
5629	不可或缺	14	377380	71.143010
5630	不至於	14	377394	71.145649
5631	中國時報	14	377408	71.148288
5632	中產階級	14	377422	71.150927
5633	仍舊	14	377436	71.153566
5634	內地	14	377450	71.156205
5635	分區	14	377464	71.158844
5636	午後	14	377478	71.161483
5637	反對黨	14	377492	71.164122
5638	心願	14	377506	71.166761
5639	手腳	14	377520	71.169400
5640	手錶	14	377534	71.172039
5641	方針	14	377548	71.174678
5642	月光	14	377562	71.177317
5643	月經	14	377576	71.179956
5644	火柴盒	14	377590	71.182595
5645	父母親	14	377604	71.185234
5646	片刻	14	377618	71.187873
5647	王室	14	377632	71.190512
5648	主治醫師	14	377646	71.193151
5649	主持人	14	377660	71.195790
5650	主體	14	377674	71.198429
5651	付費	14	377688	71.201068
5652	冬令營	14	377702	71.203707
5653	出名	14	377716	71.206346
5654	加班	14	377730	71.208985
5655	包圍	14	377744	71.211624
5656	叮嚀	14	377758	71.214263
5657	叫好	14	377772	71.216902
5658	外套	14	377786	71.219541
5659	外賓	14	377800	71.222180
5660	巧思	14	377814	71.224819
5661	左營	14	377828	71.227458
5662	市容	14	377842	71.230097
5663	布利斯班	14	377856	71.232736
5664	平方公尺	14	377870	71.235375
5665	本性	14	377884	71.238014
5666	本省	14	377898	71.240653
5667	本益比	14	377912	71.243292
5668	母子	14	377926	71.245931
5669	母親節	14	377940	71.248570
5670	瓦斯	14	377954	71.251209
5671	石化	14	377968	71.253848
5672	丟掉	14	377982	71.256487
5673	交通工具	14	377996	71.259126
5674	交會	14	378010	71.261765
5675	休假	14	378024	71.264404
5676	先行	14	378038	71.267043
5677	全力以赴	14	378052	71.269682
5678	全民健保	14	378066	71.272321
5679	全年	14	378080	71.274960
5680	再來	14	378094	71.277599
5681	列出	14	378108	71.280238
5682	各校	14	378122	71.282877
5683	合理性	14	378136	71.285516
5684	吃鼓藏	14	378150	71.288155
5685	因果	14	378164	71.290794
5686	因緣	14	378178	71.293433
5687	在野黨	14	378192	71.296072
5688	多寡	14	378206	71.298711
5689	好好	14	378220	71.301350
5690	好壞	14	378234	71.303989
5691	字眼	14	378248	71.306628
5692	尖銳	14	378262	71.309267
5693	收件	14	378276	71.311906
5694	曲線	14	378290	71.314545
5695	有毒	14	378304	71.317184
5696	有錢人	14	378318	71.319823
5697	老家	14	378332	71.322462
5698	老舊	14	378346	71.325101
5699	自尊	14	378360	71.327740
5700	西門町	14	378374	71.330379
5701	西洋參	14	378388	71.333018
5702	西裝	14	378402	71.335657
5703	低估	14	378416	71.338296
5704	冷戰	14	378430	71.340935
5705	告知	14	378444	71.343574
5706	吸血鬼	14	378458	71.346213
5707	夾雜	14	378472	71.348852
5708	妥善	14	378486	71.351491
5709	快感	14	378500	71.354130
5710	技職	14	378514	71.356769
5711	投手	14	378528	71.359408
5712	改選	14	378542	71.362047
5713	每人	14	378556	71.364686
5714	沖洗	14	378570	71.367325
5715	沒錯	14	378584	71.369964
5716	汽水	14	378598	71.372603
5717	良機	14	378612	71.375242
5718	赤子	14	378626	71.377881
5719	身影	14	378640	71.380520
5720	巡禮	14	378654	71.383159
5721	防守	14	378668	71.385798
5722	佳人	14	378682	71.388437
5723	來回	14	378696	71.391076
5724	佩服	14	378710	71.393715
5725	協理	14	378724	71.396354
5726	受益人	14	378738	71.398993
5727	周到成	14	378752	71.401632
5728	奔波	14	378766	71.404271
5729	定存	14	378780	71.406910
5730	房貸	14	378794	71.409549
5731	房價	14	378808	71.412188
5732	拉近	14	378822	71.414827
5733	拔除	14	378836	71.417466
5734	抱歉	14	378850	71.420105
5735	放置	14	378864	71.422744
5736	明朝	14	378878	71.425383
5737	東京車展	14	378892	71.428022
5738	東區	14	378906	71.430661
5739	東部	14	378920	71.433300
5740	板塊	14	378934	71.435939
5741	法老	14	378948	71.438578
5742	法郎	14	378962	71.441217
5743	油箱	14	378976	71.443856
5744	秉持	14	378990	71.446495
5745	空洞	14	379004	71.449134
5746	芭蕾	14	379018	71.451773
5747	金魚	14	379032	71.454412
5748	金融業	14	379046	71.457051
5749	長官	14	379060	71.459690
5750	長途	14	379074	71.462329
5751	侵入	14	379088	71.464968
5752	前夕	14	379102	71.467607
5753	前年	14	379116	71.470246
5754	南投縣	14	379130	71.472885
5755	奏效	14	379144	71.475524
5756	屏東縣	14	379158	71.478163
5757	建物	14	379172	71.480802
5758	政大	14	379186	71.483441
5759	政治家	14	379200	71.486080
5760	昨日	14	379214	71.488719
5761	流線	14	379228	71.491358
5762	活生生	14	379242	71.493997
5763	洛陽	14	379256	71.496636
5764	皇宮	14	379270	71.499275
5765	相等	14	379284	71.501914
5766	研擬	14	379298	71.504553
5767	祇是	14	379312	71.507192
5768	紅包	14	379326	71.509831
5769	美軍	14	379340	71.512470
5770	美展	14	379354	71.515109
5771	胎記	14	379368	71.517748
5772	致敬	14	379382	71.520387
5773	茂矽	14	379396	71.523026
5774	虐待	14	379410	71.525665
5775	要緊	14	379424	71.528304
5776	軍方	14	379438	71.530943
5777	軍官	14	379452	71.533582
5778	迥異	14	379466	71.536221
5779	重鎮	14	379480	71.538860
5780	香煙	14	379494	71.541499
5781	唐代	14	379508	71.544138
5782	家用	14	379522	71.546777
5783	容忍	14	379536	71.549416
5784	恭喜	14	379550	71.552055
5785	時節	14	379564	71.554694
5786	書香	14	379578	71.557333
5787	桌子	14	379592	71.559972
5788	氣管	14	379606	71.562611
5789	浪潮	14	379620	71.565250
5790	海浪	14	379634	71.567889
5791	海豚	14	379648	71.570528
5792	特技	14	379662	71.573167
5793	特展	14	379676	71.575806
5794	特效	14	379690	71.578445
5795	特輯	14	379704	71.581084
5796	病症	14	379718	71.583723
5797	病變	14	379732	71.586362
5798	租稅	14	379746	71.589001
5799	索馬利亞	14	379760	71.591640
5800	純淨	14	379774	71.594279
5801	胰島素	14	379788	71.596918
5802	胸部	14	379802	71.599557
5803	脈絡	14	379816	71.602196
5804	虔誠	14	379830	71.604835
5805	記述	14	379844	71.607474
5806	起初	14	379858	71.610113
5807	起訴	14	379872	71.612752
5808	起點	14	379886	71.615391
5809	退伍	14	379900	71.618030
5810	迴避	14	379914	71.620669
5811	追問	14	379928	71.623308
5812	閃耀	14	379942	71.625947
5813	停車場	14	379956	71.628586
5814	偉人	14	379970	71.631225
5815	偏見	14	379984	71.633864
5816	偏愛	14	379998	71.636503
5817	務必	14	380012	71.639142
5818	務實	14	380026	71.641781
5819	動力方向盤	14	380040	71.644420
5820	國事	14	380054	71.647059
5821	國劇	14	380068	71.649698
5822	國營事業	14	380082	71.652337
5823	堅固	14	380096	71.654976
5824	執照	14	380110	71.657615
5825	將領	14	380124	71.660254
5826	崇高	14	380138	71.662893
5827	張開	14	380152	71.665532
5828	張維賢	14	380166	71.668171
5829	強人	14	380180	71.670810
5830	強悍	14	380194	71.673449
5831	悠久	14	380208	71.676088
5832	掃除	14	380222	71.678727
5833	啟智	14	380236	71.681366
5834	敏捷	14	380250	71.684005
5835	敘事	14	380264	71.686644
5836	晚間	14	380278	71.689283
5837	液體	14	380292	71.691922
5838	淵源	14	380306	71.694561
5839	深夜	14	380320	71.697200
5840	淮北	14	380334	71.699839
5841	理事長	14	380348	71.702478
5842	異國	14	380362	71.705117
5843	第六感追緝令	14	380376	71.707756
5844	第四臺	14	380390	71.710395
5845	紮實	14	380404	71.713034
5846	連鎖	14	380418	71.715673
5847	逛街	14	380432	71.718312
5848	都市計畫	14	380446	71.720951
5849	野心	14	380460	71.723590
5850	陳水扁	14	380474	71.726229
5851	喜好	14	380488	71.728868
5852	寒冷	14	380502	71.731507
5853	惡夢	14	380516	71.734146
5854	換藥	14	380530	71.736785
5855	敞篷車	14	380544	71.739424
5856	智者	14	380558	71.742063
5857	殘疾	14	380572	71.744702
5858	游泳池	14	380586	71.747341
5859	湖泊	14	380600	71.749980
5860	無非	14	380614	71.752619
5861	猩猩	14	380628	71.755258
5862	登臺	14	380642	71.757897
5863	發芽	14	380656	71.760536
5864	發揚	14	380670	71.763175
5865	發源地	14	380684	71.765814
5866	發電機	14	380698	71.768453
5867	短短	14	380712	71.771092
5868	絕跡	14	380726	71.773731
5869	萌芽	14	380740	71.776370
5870	菜單	14	380754	71.779009
5871	超出	14	380768	71.781648
5872	郵局	14	380782	71.784287
5873	鄉間	14	380796	71.786926
5874	開工	14	380810	71.789565
5875	開戰	14	380824	71.792204
5876	黃飛鴻	14	380838	71.794843
5877	黃理查	14	380852	71.797482
5878	募款	14	380866	71.800121
5879	園丁	14	380880	71.802760
5880	媽祖	14	380894	71.805399
5881	媲美	14	380908	71.808038
5882	廈門	14	380922	71.810677
5883	徬徨	14	380936	71.813316
5884	微波	14	380950	71.815955
5885	微波爐	14	380964	71.818594
5886	感言	14	380978	71.821233
5887	損傷	14	380992	71.823872
5888	新片	14	381006	71.826511
5889	新招	14	381020	71.829150
5890	新型	14	381034	71.831789
5891	會不會	14	381048	71.834428
5892	源頭	14	381062	71.837067
5893	溪流	14	381076	71.839706
5894	節日	14	381090	71.842345
5895	經銷商	14	381104	71.844984
5896	經濟系	14	381118	71.847623
5897	經營者	14	381132	71.850262
5898	裝配	14	381146	71.852901
5899	解答	14	381160	71.855540
5900	誇張	14	381174	71.858179
5901	路燈	14	381188	71.860818
5902	躲避球	14	381202	71.863457
5903	達爾馬提亞	14	381216	71.866096
5904	雷射	14	381230	71.868735
5905	雷根	14	381244	71.871374
5906	電子業	14	381258	71.874013
5907	電腦化	14	381272	71.876652
5908	零用錢	14	381286	71.879291
5909	零食	14	381300	71.881930
5910	實用性	14	381314	71.884569
5911	幕僚	14	381328	71.887208
5912	態勢	14	381342	71.889847
5913	慣用	14	381356	71.892486
5914	暢銷	14	381370	71.895125
5915	榕樹	14	381384	71.897764
5916	榮耀	14	381398	71.900403
5917	漁船	14	381412	71.903042
5918	管教	14	381426	71.905681
5919	維多利亞俱樂部	14	381440	71.908320
5920	罰款	14	381454	71.910959
5921	聚會	14	381468	71.913598
5922	臺塑集團	14	381482	71.916237
5923	舞獅	14	381496	71.918876
5924	蜘蛛	14	381510	71.921515
5925	誤會	14	381524	71.924154
5926	豪雨	14	381538	71.926793
5927	趙寧	14	381552	71.929432
5928	遣返	14	381566	71.932071
5929	銜接	14	381580	71.934710
5930	價值觀	14	381594	71.937349
5931	噴射	14	381608	71.939988
5932	增設	14	381622	71.942627
5933	寫信	14	381636	71.945266
5934	廣闊	14	381650	71.947905
5935	彈簧	14	381664	71.950544
5936	影評人	14	381678	71.953183
5937	慶幸	14	381692	71.955822
5938	摩擦	14	381706	71.958461
5939	樂隊	14	381720	71.961100
5940	潔淨	14	381734	71.963739
5941	熱衷	14	381748	71.966378
5942	編列	14	381762	71.969017
5943	諸侯	14	381776	71.971656
5944	課稅	14	381790	71.974295
5945	課業	14	381804	71.976934
5946	踏板	14	381818	71.979573
5947	遨遊	14	381832	71.982212
5948	遭逢	14	381846	71.984851
5949	擁擠	14	381860	71.987490
5950	擋風	14	381874	71.990129
5951	整修	14	381888	71.992768
5952	機智	14	381902	71.995407
5953	激情	14	381916	71.998046
5954	燈塔	14	381930	72.000685
5955	獨生子	14	381944	72.003324
5956	縣政府	14	381958	72.005963
5957	融入	14	381972	72.008602
5958	遺失	14	381986	72.011241
5959	遺物	14	382000	72.013880
5960	隧道	14	382014	72.016519
5961	默契	14	382028	72.019158
5962	壓縮	14	382042	72.021797
5963	幫手	14	382056	72.024436
5964	應酬	14	382070	72.027075
5965	擦拭	14	382084	72.029714
5966	環球	14	382098	72.032353
5967	療法	14	382112	72.034992
5968	總監	14	382126	72.037631
5969	購併	14	382140	72.040270
5970	邁進	14	382154	72.042909
5971	豐滿	14	382168	72.045548
5972	轉機	14	382182	72.048187
5973	額外	14	382196	72.050826
5974	簽署	14	382210	72.053465
5975	關說	14	382224	72.056104
5976	寶庫	14	382238	72.058743
5977	籌備	14	382252	72.061382
5978	繼承	14	382266	72.064021
5979	耀眼	14	382280	72.066660
5980	蘇州	14	382294	72.069299
5981	覺悟	14	382308	72.071938
5982	譴責	14	382322	72.074577
5983	辯論	14	382336	72.077216
5984	響亮	14	382350	72.079855
5985	顯露	14	382364	72.082494
5986	觀照	14	382378	72.085133
5987	一方	13	382391	72.087584
5988	一併	13	382404	72.090035
5989	一股	13	382417	72.092486
5990	一體	13	382430	72.094937
5991	入口	13	382443	72.097388
5992	十四全	13	382456	72.099839
5993	下水道	13	382469	72.102290
5994	下場	13	382482	72.104741
5995	也能	13	382495	72.107192
5996	士氣	13	382508	72.109643
5997	大便	13	382521	72.112094
5998	女婿	13	382534	72.114545
5999	小天使	13	382547	72.116996
6000	小事	13	382560	72.119447
6001	小徑	13	382573	72.121898
6002	小提琴	13	382586	72.124349
6003	小說家	13	382599	72.126800
6004	不凡	13	382612	72.129251
6005	不知不覺	13	382625	72.131702
6006	不鏽鋼	13	382638	72.134153
6007	中亞	13	382651	72.136604
6008	中影	13	382664	72.139055
6009	中斷	13	382677	72.141506
6010	公害	13	382690	72.143957
6011	分店	13	382703	72.146408
6012	分明	13	382716	72.148859
6013	分割	13	382729	72.151310
6014	分散	13	382742	72.153761
6015	化妝	13	382755	72.156212
6016	天安門	13	382768	72.158663
6017	引領	13	382781	72.161114
6018	心意	13	382794	72.163565
6019	文化大革命	13	382807	72.166016
6020	水溝	13	382820	72.168467
6021	水墨	13	382833	72.170918
6022	父子	13	382846	72.173369
6023	牙醫	13	382859	72.175820
6024	王朝	13	382872	72.178271
6025	主機板	13	382885	72.180722
6026	代名詞	13	382898	72.183173
6027	出血	13	382911	72.185624
6028	出沒	13	382924	72.188075
6029	出場	13	382937	72.190526
6030	出賣	13	382950	72.192977
6031	刊名	13	382963	72.195428
6032	加大	13	382976	72.197879
6033	加倍	13	382989	72.200330
6034	功用	13	383002	72.202781
6035	可笑	13	383015	72.205232
6036	失控	13	383028	72.207683
6037	奴隸	13	383041	72.210134
6038	市政	13	383054	72.212585
6039	布局	13	383067	72.215036
6040	平順	13	383080	72.217487
6041	打聽	13	383093	72.219938
6042	民心	13	383106	72.222389
6043	民意代表	13	383119	72.224840
6044	生死	13	383132	72.227291
6045	甲烷	13	383145	72.229742
6046	石化業	13	383158	72.232193
6047	休閒旅館	13	383171	72.234644
6048	企圖心	13	383184	72.237095
6049	企管	13	383197	72.239546
6050	全家福	13	383210	72.241997
6051	全數	13	383223	72.244448
6052	全職	13	383236	72.246899
6053	共產黨	13	383249	72.249350
6054	共鳴	13	383262	72.251801
6055	冰冷	13	383275	72.254252
6056	同年	13	383288	72.256703
6057	同盟會	13	383301	72.259154
6058	同樂	13	383314	72.261605
6059	名畫	13	383327	72.264056
6060	地下室	13	383340	72.266507
6061	地中海	13	383353	72.268958
6062	地域	13	383366	72.271409
6063	多變	13	383379	72.273860
6064	字母	13	383392	72.276311
6065	寺院	13	383405	72.278762
6066	尖端	13	383418	72.281213
6067	成年	13	383431	72.283664
6068	扣除額	13	383444	72.286115
6069	收成	13	383457	72.288566
6070	收養	13	383470	72.291017
6071	有價證券	13	383483	72.293468
6072	次序	13	383496	72.295919
6073	死海	13	383509	72.298370
6074	江山	13	383522	72.300821
6075	百年	13	383535	72.303272
6076	米食	13	383548	72.305723
6077	羽毛	13	383561	72.308174
6078	自信心	13	383574	72.310625
6079	自閉症	13	383587	72.313076
6080	住戶	13	383600	72.315527
6081	住宿	13	383613	72.317978
6082	余陳月瑛	13	383626	72.320429
6083	克羅埃西亞	13	383639	72.322880
6084	免疫力	13	383652	72.325331
6085	冷卻	13	383665	72.327782
6086	刪除	13	383678	72.330233
6087	坐下	13	383691	72.332684
6088	妙用	13	383704	72.335135
6089	尿床	13	383717	72.337586
6090	序幕	13	383730	72.340037
6091	形勢	13	383743	72.342488
6092	快速動眼睡眠	13	383756	72.344939
6093	攻勢	13	383769	72.347390
6094	束縛	13	383782	72.349841
6095	步道	13	383795	72.352292
6096	步調	13	383808	72.354743
6097	狂熱	13	383821	72.357194
6098	狂飆	13	383834	72.359645
6099	男士	13	383847	72.362096
6100	育樂營	13	383860	72.364547
6101	良方	13	383873	72.366998
6102	見識	13	383886	72.369449
6103	足賽	13	383899	72.371900
6104	身段	13	383912	72.374351
6105	車站	13	383925	72.376802
6106	車頂	13	383938	72.379253
6107	京都	13	383951	72.381704
6108	併發	13	383964	72.384155
6109	併發症	13	383977	72.386606
6110	制服	13	383990	72.389057
6111	受刑人	13	384003	72.391508
6112	受阻	13	384016	72.393959
6113	呻吟	13	384029	72.396410
6114	奇異	13	384042	72.398861
6115	奇景	13	384055	72.401312
6116	姐妹	13	384068	72.403763
6117	定型	13	384081	72.406214
6118	底片	13	384094	72.408665
6119	性愛	13	384107	72.411116
6120	招募	13	384120	72.413567
6121	招潮蟹	13	384133	72.416018
6122	抵抗	13	384146	72.418469
6123	拖延	13	384159	72.420920
6124	明信片	13	384172	72.423371
6125	東方不敗	13	384185	72.425822
6126	東協	13	384198	72.428273
6127	林書鴻	13	384211	72.430724
6128	武士	13	384224	72.433175
6129	河岸	13	384237	72.435626
6130	治病	13	384250	72.438077
6131	泡沫	13	384263	72.440528
6132	社員	13	384276	72.442979
6133	空白	13	384289	72.445430
6134	肥皂	13	384302	72.447881
6135	花樣	13	384315	72.450332
6136	表格	13	384328	72.452783
6137	邱進益	13	384341	72.455234
6138	金馬獎	13	384354	72.457685
6139	門面	13	384367	72.460136
6140	信號	13	384380	72.462587
6141	保險桿	13	384393	72.465038
6142	保麗龍	13	384406	72.467489
6143	保護區	13	384419	72.469940
6144	南灣	13	384432	72.472391
6145	城牆	13	384445	72.474842
6146	建材	13	384458	72.477293
6147	建構	13	384471	72.479744
6148	後續	13	384484	72.482195
6149	急性	13	384497	72.484646
6150	急促	13	384510	72.487097
6151	扁平	13	384523	72.489548
6152	拷貝	13	384536	72.491999
6153	挑剔	13	384549	72.494450
6154	政見	13	384562	72.496901
6155	政爭	13	384575	72.499352
6156	星河	13	384588	72.501803
6157	查獲	13	384601	72.504254
6158	洪水	13	384614	72.506705
6159	流血	13	384627	72.509156
6160	派遣	13	384640	72.511607
6161	界定	13	384653	72.514058
6162	省議員	13	384666	72.516509
6163	祈禱	13	384679	72.518960
6164	突發	13	384692	72.521411
6165	紀錄片	13	384705	72.523862
6166	美味	13	384718	72.526313
6167	美勞	13	384731	72.528764
6168	要是	13	384744	72.531215
6169	要素	13	384757	72.533666
6170	軌跡	13	384770	72.536117
6171	迦南	13	384783	72.538568
6172	重貼現率	13	384796	72.541019
6173	重傷	13	384809	72.543470
6174	限制級	13	384822	72.545921
6175	風水	13	384835	72.548372
6176	飛盤	13	384848	72.550823
6177	修建	13	384861	72.553274
6178	修道院	13	384874	72.555725
6179	修築	13	384887	72.558176
6180	凍結	13	384900	72.560627
6181	家扶中心	13	384913	72.563078
6182	容積	13	384926	72.565529
6183	峭壁	13	384939	72.567980
6184	峽谷	13	384952	72.570431
6185	座右銘	13	384965	72.572882
6186	弱勢	13	384978	72.575333
6187	恐嚇	13	384991	72.577784
6188	拿破崙	13	385004	72.580235
6189	捕食	13	385017	72.582686
6190	捐款	13	385030	72.585137
6191	晉級	13	385043	72.587588
6192	書本	13	385056	72.590039
6193	書院	13	385069	72.592490
6194	書寫	13	385082	72.594941
6195	校慶	13	385095	72.597392
6196	海灘	13	385108	72.599843
6197	浴室	13	385121	72.602294
6198	浩劫	13	385134	72.604745
6199	特寫	13	385147	72.607196
6200	特賣	13	385160	72.609647
6201	破產	13	385173	72.612098
6202	祕訣	13	385186	72.614549
6203	神情	13	385199	72.617000
6204	素材	13	385212	72.619451
6205	荒涼	13	385225	72.621902
6206	茶葉	13	385238	72.624353
6207	送給	13	385251	72.626804
6208	迷惑	13	385264	72.629255
6209	逃生	13	385277	72.631706
6210	高性能	13	385290	72.634157
6211	高昂	13	385303	72.636608
6212	高峰會	13	385316	72.639059
6213	高鐵	13	385329	72.641510
6214	健保	13	385342	72.643961
6215	動盪	13	385355	72.646412
6216	商場	13	385368	72.648863
6217	問號	13	385381	72.651314
6218	啤酒	13	385394	72.653765
6219	唸書	13	385407	72.656216
6220	國宅	13	385420	72.658667
6221	國防部	13	385433	72.661118
6222	國度	13	385446	72.663569
6223	國產車	13	385459	72.666020
6224	基準	13	385472	72.668471
6225	執法	13	385485	72.670922
6226	婚外情	13	385498	72.673373
6227	寄生蟲	13	385511	72.675824
6228	專科	13	385524	72.678275
6229	崎嶇	13	385537	72.680726
6230	彩色玻璃	13	385550	72.683177
6231	從頭	13	385563	72.685628
6232	情事	13	385576	72.688079
6233	探究	13	385589	72.690530
6234	探望	13	385602	72.692981
6235	探測	13	385615	72.695432
6236	接待	13	385628	72.697883
6237	接納	13	385641	72.700334
6238	接掌	13	385654	72.702785
6239	採集	13	385667	72.705236
6240	梵谷	13	385680	72.707687
6241	條款	13	385693	72.710138
6242	殺害	13	385706	72.712589
6243	添加	13	385719	72.715040
6244	清末	13	385732	72.717491
6245	深坑	13	385745	72.719942
6246	深思	13	385758	72.722393
6247	牽引	13	385771	72.724844
6248	牽涉	13	385784	72.727295
6249	理智	13	385797	72.729746
6250	理會	13	385810	72.732197
6251	疏忽	13	385823	72.734648
6252	痊癒	13	385836	72.737099
6253	粒子	13	385849	72.739550
6254	統合	13	385862	72.742001
6255	組長	13	385875	72.744452
6256	莫札特	13	385888	72.746903
6257	處罰	13	385901	72.749354
6258	規矩	13	385914	72.751805
6259	訣竅	13	385927	72.754256
6260	貪心	13	385940	72.756707
6261	貧血	13	385953	72.759158
6262	貧富	13	385966	72.761609
6263	創傷	13	385979	72.764060
6264	博覽會	13	385992	72.766511
6265	喝茶	13	386005	72.768962
6266	喪生	13	386018	72.771413
6267	單身	13	386031	72.773864
6268	單親	13	386044	72.776315
6269	悲傷	13	386057	72.778766
6270	揭發	13	386070	72.781217
6271	揮舞	13	386083	72.783668
6272	棘皮動物	13	386096	72.786119
6273	港澳	13	386109	72.788570
6274	減弱	13	386122	72.791021
6275	發布	13	386135	72.793472
6276	發光石	13	386148	72.795923
6277	發言	13	386161	72.798374
6278	發病率	13	386174	72.800825
6279	短缺	13	386187	72.803276
6280	稍後	13	386200	72.805727
6281	程式	13	386213	72.808178
6282	稀少	13	386226	72.810629
6283	童勝男	13	386239	72.813080
6284	策劃	13	386252	72.815531
6285	著實	13	386265	72.817982
6286	裁判	13	386278	72.820433
6287	評選	13	386291	72.822884
6288	訴說	13	386304	72.825335
6289	週日	13	386317	72.827786
6290	開標	13	386330	72.830237
6291	隊伍	13	386343	72.832688
6292	集訓	13	386356	72.835139
6293	黃河	13	386369	72.837590
6294	黃信介	13	386382	72.840041
6295	傳入	13	386395	72.842492
6296	傳真	13	386408	72.844943
6297	勤勞	13	386421	72.847394
6298	匯入	13	386434	72.849845
6299	塞車	13	386447	72.852296
6300	微弱	13	386460	72.854747
6301	感性	13	386473	72.857198
6302	敬愛	13	386486	72.859649
6303	滅亡	13	386499	72.862100
6304	溫室效應	13	386512	72.864551
6305	當下	13	386525	72.867002
6306	萬有引力	13	386538	72.869453
6307	稜線	13	386551	72.871904
6308	節制	13	386564	72.874355
6309	節稅	13	386577	72.876806
6310	經紀人	13	386590	72.879257
6311	腫脹	13	386603	72.881708
6312	腹痛	13	386616	72.884159
6313	號稱	13	386629	72.886610
6314	較勁	13	386642	72.889061
6315	遊樂園	13	386655	72.891512
6316	隔音	13	386668	72.893963
6317	電視劇	13	386681	72.896414
6318	預售	13	386694	72.898865
6319	鼓掌	13	386707	72.901316
6320	壽命	13	386720	72.903767
6321	實小	13	386733	72.906218
6322	弊端	13	386746	72.908669
6323	構思	13	386759	72.911120
6324	漢代	13	386772	72.913571
6325	漢堡	13	386785	72.916022
6326	瘋子	13	386798	72.918473
6327	精英	13	386811	72.920924
6328	精華	13	386824	72.923375
6329	精簡	13	386837	72.925826
6330	綠意	13	386850	72.928277
6331	臺南縣	13	386863	72.930728
6332	艋舺	13	386876	72.933179
6333	蜿蜒	13	386889	72.935630
6334	說不定	13	386902	72.938081
6335	遠足	13	386915	72.940532
6336	遠東	13	386928	72.942983
6337	領帶	13	386941	72.945434
6338	領導者	13	386954	72.947885
6339	僵硬	13	386967	72.950336
6340	增值稅	13	386980	72.952787
6341	層出不窮	13	386993	72.955238
6342	影壇	13	387006	72.957689
6343	憂傷	13	387019	72.960140
6344	標語	13	387032	72.962591
6345	模特兒	13	387045	72.965042
6346	樂章	13	387058	72.967493
6347	熱帶	13	387071	72.969944
6348	確切	13	387084	72.972395
6349	編劇	13	387097	72.974846
6350	衛兵	13	387110	72.977297
6351	質詢	13	387123	72.979748
6352	適中	13	387136	72.982199
6353	適宜	13	387149	72.984650
6354	髮型	13	387162	72.987101
6355	儘早	13	387175	72.989552
6356	學科	13	387188	72.992003
6357	戰士	13	387201	72.994454
6358	擁護	13	387214	72.996905
6359	撿破爛	13	387227	72.999356
6360	樸實	13	387240	73.001807
6361	樹苗	13	387253	73.004258
6362	樹葉	13	387266	73.006709
6363	激起	13	387279	73.009160
6364	燙傷	13	387292	73.011611
6365	螢火蟲	13	387305	73.014062
6366	融洽	13	387318	73.016513
6367	親臨	13	387331	73.018964
6368	辨認	13	387344	73.021415
6369	遺棄	13	387357	73.023866
6370	餐桌	13	387370	73.026317
6371	尷尬	13	387383	73.028768
6372	應有	13	387396	73.031219
6373	檔位	13	387409	73.033670
6374	獲獎	13	387422	73.036121
6375	環節	13	387435	73.038572
6376	總代理	13	387448	73.041023
6377	總體	13	387461	73.043474
6378	臨床	13	387474	73.045925
6379	講求	13	387487	73.048376
6380	避險	13	387500	73.050827
6381	醜聞	13	387513	73.053278
6382	叢生	13	387526	73.055729
6383	斷裂	13	387539	73.058180
6384	簡潔	13	387552	73.060631
6385	藍圖	13	387565	73.063082
6386	蹤影	13	387578	73.065533
6387	軀體	13	387591	73.067984
6388	離合器	13	387604	73.070435
6389	離職	13	387617	73.072886
6390	雙重	13	387630	73.075337
6391	壟斷	13	387643	73.077788
6392	簽證	13	387656	73.080239
6393	藝品	13	387669	73.082690
6394	嚴謹	13	387682	73.085141
6395	瀰漫	13	387695	73.087592
6396	癥結	13	387708	73.090043
6397	籌措	13	387721	73.092494
6398	觸角	13	387734	73.094945
6399	釋迦牟尼佛	13	387747	73.097396
6400	轟動	13	387760	73.099847
6401	露出	13	387773	73.102298
6402	聽眾	13	387786	73.104749
6403	聽話	13	387799	73.107200
6404	讀後感	13	387812	73.109651
6405	變換	13	387825	73.112102
6406	驚險	13	387838	73.114553
6407	觀光局	13	387851	73.117004
6408	觀察家	13	387864	73.119455
6409	一席之地	12	387876	73.121717
6410	人民行動黨	12	387888	73.123979
6411	人氣	12	387900	73.126241
6412	人情	12	387912	73.128503
6413	力行	12	387924	73.130765
6414	下棋	12	387936	73.133027
6415	口頭	12	387948	73.135289
6416	大同	12	387960	73.137551
6417	大西洋	12	387972	73.139813
6418	大臺北	12	387984	73.142075
6419	大增	12	387996	73.144337
6420	大稻埕	12	388008	73.146599
6421	大餐	12	388020	73.148861
6422	大環境	12	388032	73.151123
6423	女友	12	388044	73.153385
6424	女真	12	388056	73.155647
6425	女傭	12	388068	73.157909
6426	小子	12	388080	73.160171
6427	小河	12	388092	73.162433
6428	工夫	12	388104	73.164695
6429	工匠	12	388116	73.166957
6430	不遺餘力	12	388128	73.169219
6431	中東	12	388140	73.171481
6432	中途	12	388152	73.173743
6433	中獎	12	388164	73.176005
6434	今生	12	388176	73.178267
6435	元年	12	388188	73.180529
6436	內臟	12	388200	73.182791
6437	六月	12	388212	73.185053
6438	公文	12	388224	73.187315
6439	公共建設	12	388236	73.189577
6440	公私立	12	388248	73.191839
6441	公益活動	12	388260	73.194101
6442	分支	12	388272	73.196363
6443	午夜	12	388284	73.198625
6444	午夜快車	12	388296	73.200887
6445	天主教	12	388308	73.203149
6446	天鵝	12	388320	73.205411
6447	太子	12	388332	73.207673
6448	太陽能	12	388344	73.209935
6449	心血	12	388356	73.212197
6450	心理學家	12	388368	73.214459
6451	戈巴契夫	12	388380	73.216721
6452	文建會	12	388392	73.218983
6453	文革	12	388404	73.221245
6454	文壇	12	388416	73.223507
6455	文學家	12	388428	73.225769
6456	日商	12	388440	73.228031
6457	比擬	12	388452	73.230293
6458	水手	12	388464	73.232555
6459	水庫	12	388476	73.234817
6460	水電	12	388488	73.237079
6461	王文洋	12	388500	73.239341
6462	主宰	12	388512	73.241603
6463	代課	12	388524	73.243865
6464	出世	12	388536	73.246127
6465	出路	12	388548	73.248389
6466	出錢	12	388560	73.250651
6467	加州	12	388572	73.252913
6468	加快	12	388584	73.255175
6469	包容	12	388596	73.257437
6470	北明	12	388608	73.259699
6471	半仙	12	388620	73.261961
6472	可口	12	388632	73.264223
6473	可行性	12	388644	73.266485
6474	古城	12	388656	73.268747
6475	外子	12	388668	73.271009
6476	外貿	12	388680	73.273271
6477	外匯存底	12	388692	73.275533
6478	外貌	12	388704	73.277795
6479	孕育	12	388716	73.280057
6480	市議員	12	388728	73.282319
6481	平方公里	12	388740	73.284581
6482	幼年	12	388752	73.286843
6483	打球	12	388764	73.289105
6484	正值	12	388776	73.291367
6485	民主化	12	388788	73.293629
6486	用具	12	388800	73.295891
6487	目光	12	388812	73.298153
6488	交叉	12	388824	73.300415
6489	交友	12	388836	73.302677
6490	交代	12	388848	73.304939
6491	先民	12	388860	73.307201
6492	全球性	12	388872	73.309463
6493	全盤	12	388884	73.311725
6494	共用	12	388896	73.313987
6495	再三	12	388908	73.316249
6496	列舉	12	388920	73.318511
6497	合力	12	388932	73.320773
6498	合成	12	388944	73.323035
6499	合約	12	388956	73.325297
6500	回報	12	388968	73.327559
6501	在場	12	388980	73.329821
6502	多種	12	388992	73.332083
6503	如意	12	389004	73.334345
6504	安全帶	12	389016	73.336607
6505	安全帽	12	389028	73.338869
6506	年節	12	389040	73.341131
6507	成份	12	389052	73.343393
6508	收音機	12	389064	73.345655
6509	收容	12	389076	73.347917
6510	有些人	12	389088	73.350179
6511	有獎徵答	12	389100	73.352441
6512	朱雲漢	12	389112	73.354703
6513	百科	12	389124	73.356965
6514	百科全書	12	389136	73.359227
6515	老子	12	389148	73.361489
6516	老鷹	12	389160	73.363751
6517	自嘲	12	389172	73.366013
6518	血統	12	389184	73.368275
6519	血糖	12	389196	73.370537
6520	衣物	12	389208	73.372799
6521	衣著	12	389220	73.375061
6522	西式	12	389232	73.377323
6523	何妨	12	389244	73.379585
6524	低廉	12	389256	73.381847
6525	免稅額	12	389268	73.384109
6526	卵巢	12	389280	73.386371
6527	吸毒者	12	389292	73.388633
6528	吸菸	12	389304	73.390895
6529	坎城	12	389316	73.393157
6530	宋朝	12	389328	73.395419
6531	宏碁	12	389340	73.397681
6532	把脈	12	389352	73.399943
6533	李經讀	12	389364	73.402205
6534	步伐	12	389376	73.404467
6535	決議	12	389388	73.406729
6536	沒落	12	389400	73.408991
6537	私有	12	389412	73.411253
6538	育幼院	12	389424	73.413515
6539	良性	12	389436	73.415777
6540	見聞	12	389448	73.418039
6541	貝多芬	12	389460	73.420301
6542	貝殼	12	389472	73.422563
6543	走低	12	389484	73.424825
6544	足跡	12	389496	73.427087
6545	身後	12	389508	73.429349
6546	防堵	12	389520	73.431611
6547	阮玲玉	12	389532	73.433873
6548	亞太	12	389544	73.436135
6549	依循	12	389556	73.438397
6550	使團	12	389568	73.440659
6551	供養	12	389580	73.442921
6552	來訪	12	389592	73.445183
6553	來賓	12	389604	73.447445
6554	來襲	12	389616	73.449707
6555	兒歌	12	389628	73.451969
6556	取而代之	12	389640	73.454231
6557	受害	12	389652	73.456493
6558	呼吸道	12	389664	73.458755
6559	呼聲	12	389676	73.461017
6560	奇遇	12	389688	73.463279
6561	奔馳	12	389700	73.465541
6562	底層	12	389712	73.467803
6563	往事	12	389724	73.470065
6564	往昔	12	389736	73.472327
6565	性慾	12	389748	73.474589
6566	所在地	12	389760	73.476851
6567	承襲	12	389772	73.479113
6568	放出	12	389784	73.481375
6569	明瞭	12	389796	73.483637
6570	東海岸	12	389808	73.485899
6571	注定	12	389820	73.488161
6572	泳池	12	389832	73.490423
6573	河床	12	389844	73.492685
6574	河谷	12	389856	73.494947
6575	波蘭	12	389868	73.497209
6576	法案	12	389880	73.499471
6577	油價	12	389892	73.501733
6578	空虛	12	389904	73.503995
6579	糾纏	12	389916	73.506257
6580	肺部	12	389928	73.508519
6581	花瓶	12	389940	73.510781
6582	金星	12	389952	73.513043
6583	長頸鹿	12	389964	73.515305
6584	非凡	12	389976	73.517567
6585	信箱	12	389988	73.519829
6586	侵犯	12	390000	73.522091
6587	保母	12	390012	73.524353
6588	保守派	12	390024	73.526615
6589	俚語	12	390036	73.528877
6590	前瞻性	12	390048	73.531139
6591	南區	12	390060	73.533401
6592	宣誓	12	390072	73.535663
6593	屋子	12	390084	73.537925
6594	後代	12	390096	73.540187
6595	後視鏡	12	390108	73.542449
6596	思緒	12	390120	73.544711
6597	恰當	12	390132	73.546973
6598	持久	12	390144	73.549235
6599	政界	12	390156	73.551497
6600	故宮	12	390168	73.553759
6601	星際	12	390180	73.556021
6602	泉水	12	390192	73.558283
6603	洋溢	12	390204	73.560545
6604	流入	12	390216	73.562807
6605	炸雞	12	390228	73.565069
6606	省主席	12	390240	73.567331
6607	省油	12	390252	73.569593
6608	相交	12	390264	73.571855
6609	相對論	12	390276	73.574117
6610	看齊	12	390288	73.576379
6611	看頭	12	390300	73.578641
6612	盼望	12	390312	73.580903
6613	祈福	12	390324	73.583165
6614	秋季	12	390336	73.585427
6615	耶誕老公公	12	390348	73.587689
6616	耶誕節	12	390360	73.589951
6617	胖女人	12	390372	73.592213
6618	致詞	12	390384	73.594475
6619	重演	12	390396	73.596737
6620	重擔	12	390408	73.598999
6621	限度	12	390420	73.601261
6622	限量	12	390432	73.603523
6623	降落	12	390444	73.605785
6624	香水	12	390456	73.608047
6625	倒是	12	390468	73.610309
6626	倡導	12	390480	73.612571
6627	修理	12	390492	73.614833
6628	兼具	12	390504	73.617095
6629	剛性	12	390516	73.619357
6630	原是	12	390528	73.621619
6631	原諒	12	390540	73.623881
6632	哥倫比亞	12	390552	73.626143
6633	容許	12	390564	73.628405
6634	師大	12	390576	73.630667
6635	弱點	12	390588	73.632929
6636	恩怨	12	390600	73.635191
6637	拿手	12	390612	73.637453
6638	捐助	12	390624	73.639715
6639	挪威	12	390636	73.641977
6640	格調	12	390648	73.644239
6641	桃花扇	12	390660	73.646501
6642	消逝	12	390672	73.648763
6643	浦東	12	390684	73.651025
6644	海中	12	390696	73.653287
6645	海洛因	12	390708	73.655549
6646	海灣	12	390720	73.657811
6647	烏龍茶	12	390732	73.660073
6648	祕書長	12	390744	73.662335
6649	神經病	12	390756	73.664597
6650	祝賀	12	390768	73.666859
6651	站起來	12	390780	73.669121
6652	粉紅色	12	390792	73.671383
6653	純熟	12	390804	73.673645
6654	納稅	12	390816	73.675907
6655	紛爭	12	390828	73.678169
6656	耗費	12	390840	73.680431
6657	胸口	12	390852	73.682693
6658	脈搏	12	390864	73.684955
6659	航海	12	390876	73.687217
6660	記者會	12	390888	73.689479
6661	財部	12	390900	73.691741
6662	迷思	12	390912	73.694003
6663	逃離	12	390924	73.696265
6664	追查	12	390936	73.698527
6665	追隨	12	390948	73.700789
6666	院會	12	390960	73.703051
6667	除夕	12	390972	73.705313
6668	飢餓	12	390984	73.707575
6669	馬達	12	390996	73.709837
6670	馬戲團	12	391008	73.712099
6671	高漲	12	391020	73.714361
6672	做出	12	391032	73.716623
6673	做夢	12	391044	73.718885
6674	健腦	12	391056	73.721147
6675	健檢	12	391068	73.723409
6676	副總裁	12	391080	73.725671
6677	動亂	12	391092	73.727933
6678	國樂	12	391104	73.730195
6679	寄望	12	391116	73.732457
6680	專車	12	391128	73.734719
6681	常人	12	391140	73.736981
6682	常態	12	391152	73.739243
6683	推斷	12	391164	73.741505
6684	排球賽	12	391176	73.743767
6685	捨棄	12	391188	73.746029
6686	救護車	12	391200	73.748291
6687	啟蒙	12	391212	73.750553
6688	敘利亞	12	391224	73.752815
6689	毫升	12	391236	73.755077
6690	毫克	12	391248	73.757339
6691	清白	12	391260	73.759601
6692	清宮	12	391272	73.761863
6693	清廉	12	391284	73.764125
6694	清醒	12	391296	73.766387
6695	涵蓋	12	391308	73.768649
6696	深沉	12	391320	73.770911
6697	深信	12	391332	73.773173
6698	深情	12	391344	73.775435
6699	現身	12	391356	73.777697
6700	產值	12	391368	73.779959
6701	產銷	12	391380	73.782221
6702	產權	12	391392	73.784483
6703	移民潮	12	391404	73.786745
6704	習性	12	391416	73.789007
6705	被告	12	391428	73.791269
6706	許水德	12	391440	73.793531
6707	許信良	12	391452	73.795793
6708	這項	12	391464	73.798055
6709	通車	12	391476	73.800317
6710	通道	12	391488	73.802579
6711	連絡	12	391500	73.804841
6712	陳列	12	391512	73.807103
6713	陳定南	12	391524	73.809365
6714	陸游	12	391536	73.811627
6715	雪梨	12	391548	73.813889
6716	鹿茸	12	391560	73.816151
6717	傢伙	12	391572	73.818413
6718	創世紀	12	391584	73.820675
6719	創造力	12	391596	73.822937
6720	剩餘	12	391608	73.825199
6721	勝地	12	391620	73.827461
6722	單價	12	391632	73.829723
6723	堪稱	12	391644	73.831985
6724	寓言	12	391656	73.834247
6725	循跡控制系統	12	391668	73.836509
6726	掌控	12	391680	73.838771
6727	插花	12	391692	73.841033
6728	握手	12	391704	73.843295
6729	揭示	12	391716	73.845557
6730	換成	12	391728	73.847819
6731	散布	12	391740	73.850081
6732	斯普利特	12	391752	73.852343
6733	植樹	12	391764	73.854605
6734	減量	12	391776	73.856867
6735	測定	12	391788	73.859129
6736	焚化爐	12	391800	73.861391
6737	猶豫	12	391812	73.863653
6738	畫分	12	391824	73.865915
6739	發炎	12	391836	73.868177
6740	窗口	12	391848	73.870439
6741	窗子	12	391860	73.872701
6742	結語	12	391872	73.874963
6743	華航	12	391884	73.877225
6744	華語	12	391896	73.879487
6745	著眼	12	391908	73.881749
6746	貴賓	12	391920	73.884011
6747	越野車	12	391932	73.886273
6748	超新星	12	391944	73.888535
6749	開張	12	391956	73.890797
6750	陽萎	12	391968	73.893059
6751	雲林	12	391980	73.895321
6752	雲縣	12	391992	73.897583
6753	順序	12	392004	73.899845
6754	飲用水	12	392016	73.902107
6755	債務	12	392028	73.904369
6756	傾斜	12	392040	73.906631
6757	嗜好	12	392052	73.908893
6758	圓盤	12	392064	73.911155
6759	奧祕	12	392076	73.913417
6760	嫌犯	12	392088	73.915679
6761	媳婦	12	392100	73.917941
6762	慈善	12	392112	73.920203
6763	搜尋	12	392124	73.922465
6764	搶劫	12	392136	73.924727
6765	新生兒	12	392148	73.926989
6766	新任	12	392160	73.929251
6767	新店	12	392172	73.931513
6768	新增	12	392184	73.933775
6769	會計	12	392196	73.936037
6770	楷模	12	392208	73.938299
6771	溜冰	12	392220	73.940561
6772	當務之急	12	392232	73.942823
6773	碎片	12	392244	73.945085
6774	萬歲	12	392256	73.947347
6775	節約	12	392268	73.949609
6776	節食	12	392280	73.951871
6777	經改	12	392292	73.954133
6778	經濟學	12	392304	73.956395
6779	聘請	12	392316	73.958657
6780	腺體	12	392328	73.960919
6781	腦死亡	12	392340	73.963181
6782	腦袋	12	392352	73.965443
6783	落伍	12	392364	73.967705
6784	落空	12	392376	73.969967
6785	董事	12	392388	73.972229
6786	解約金	12	392400	73.974491
6787	解嚴	12	392412	73.976753
6788	解讀	12	392424	73.979015
6789	試探	12	392436	73.981277
6790	詩歌	12	392448	73.983539
6791	誠意	12	392460	73.985801
6792	跨出	12	392472	73.988063
6793	遊藝	12	392484	73.990325
6794	逼近	12	392496	73.992587
6795	遍地	12	392508	73.994849
6796	電波	12	392520	73.997111
6797	電線	12	392532	73.999373
6798	電機	12	392544	74.001635
6799	預賽	12	392556	74.003897
6800	嘉義縣	12	392568	74.006159
6801	對聯	12	392580	74.008421
6802	敲門	12	392592	74.010683
6803	構圖	12	392604	74.012945
6804	歌頌	12	392616	74.015207
6805	漢人	12	392628	74.017469
6806	滲透	12	392640	74.019731
6807	監視	12	392652	74.021993
6808	福音	12	392664	74.024255
6809	綠地	12	392676	74.026517
6810	臺南市	12	392688	74.028779
6811	臺視	12	392700	74.031041
6812	舞團	12	392712	74.033303
6813	製造商	12	392724	74.035565
6814	製造廠	12	392736	74.037827
6815	說謊	12	392748	74.040089
6816	輕聲	12	392760	74.042351
6817	遠方	12	392772	74.044613
6818	遠東區	12	392784	74.046875
6819	領取	12	392796	74.049137
6820	儀錶	12	392808	74.051399
6821	噴出	12	392820	74.053661
6822	墮落	12	392832	74.055923
6823	寬容	12	392844	74.058185
6824	層層	12	392856	74.060447
6825	廢氣	12	392868	74.062709
6826	廢墟	12	392880	74.064971
6827	徵畫	12	392892	74.067233
6828	憧憬	12	392904	74.069495
6829	樂曲	12	392916	74.071757
6830	毅然	12	392928	74.074019
6831	編班	12	392940	74.076281
6832	編號	12	392952	74.078543
6833	衛生紙	12	392964	74.080805
6834	請求	12	392976	74.083067
6835	調和	12	392988	74.085329
6836	賞月	12	393000	74.087591
6837	趣事	12	393012	74.089853
6838	適量	12	393024	74.092115
6839	養護所	12	393036	74.094377
6840	儘速	12	393048	74.096639
6841	器物	12	393060	74.098901
6842	戰況	12	393072	74.101163
6843	擋風玻璃	12	393084	74.103425
6844	歷年	12	393096	74.105687
6845	濁水溪	12	393108	74.107949
6846	燈火	12	393120	74.110211
6847	積水	12	393132	74.112473
6848	篤定	12	393144	74.114735
6849	諾言	12	393156	74.116997
6850	遼闊	12	393168	74.119259
6851	遺忘	12	393180	74.121521
6852	隨行	12	393192	74.123783
6853	隨身	12	393204	74.126045
6854	頭銜	12	393216	74.128307
6855	儲存	12	393228	74.130569
6856	戲稱	12	393240	74.132831
6857	矯正	12	393252	74.135093
6858	總督	12	393264	74.137355
6859	聲勢	12	393276	74.139617
6860	聰明人	12	393288	74.141879
6861	舉凡	12	393300	74.144141
6862	趨向	12	393312	74.146403
6863	隱約	12	393324	74.148665
6864	鮮花	12	393336	74.150927
6865	鮮活	12	393348	74.153189
6866	朦朧	12	393360	74.155451
6867	簡便	12	393372	74.157713
6868	簡陋	12	393384	74.159975
6869	簡國賢	12	393396	74.162237
6870	糧食	12	393408	74.164499
6871	豐沛	12	393420	74.166761
6872	額度	12	393432	74.169023
6873	鬆動	12	393444	74.171285
6874	櫥窗	12	393456	74.173547
6875	瀟灑	12	393468	74.175809
6876	爆竹	12	393480	74.178071
6877	簽約	12	393492	74.180333
6878	藥房	12	393504	74.182595
6879	辭典	12	393516	74.184857
6880	關卡	12	393528	74.187119
6881	籌募	12	393540	74.189381
6882	議論	12	393552	74.191643
6883	警覺	12	393564	74.193905
6884	騷動	12	393576	74.196167
6885	黨中央	12	393588	74.198429
6886	黨營事業	12	393600	74.200691
6887	護膚	12	393612	74.202953
6888	歡愉	12	393624	74.205215
6889	戀情	12	393636	74.207477
6890	顯微鏡	12	393648	74.209739
6891	癱瘓	12	393660	74.212001
6892	讓人	12	393672	74.214263
6893	驟然	12	393684	74.216525
6894	鑽研	12	393696	74.218787
6895	一味	11	393707	74.220861
6896	一籮筐	11	393718	74.222935
6897	二次大戰	11	393729	74.225009
6898	人造衛星	11	393740	74.227083
6899	人際	11	393751	74.229157
6900	入圍	11	393762	74.231231
6901	入境	11	393773	74.233305
6902	入睡	11	393784	74.235379
6903	八月	11	393795	74.237453
6904	力道	11	393806	74.239527
6905	三悟真詮	11	393817	74.241601
6906	三通	11	393828	74.243675
6907	上下學	11	393839	74.245749
6908	上去	11	393850	74.247823
6909	上空	11	393861	74.249897
6910	千里	11	393872	74.251971
6911	口香糖	11	393883	74.254045
6912	大大小小	11	393894	74.256119
6913	大於	11	393905	74.258193
6914	大掃除	11	393916	74.260267
6915	女青年會	11	393927	74.262341
6916	女星	11	393938	74.264415
6917	子宮頸	11	393949	74.266489
6918	小路	11	393960	74.268563
6919	山林	11	393971	74.270637
6920	已婚	11	393982	74.272711
6921	不以為然	11	393993	74.274785
6922	中小學生	11	394004	74.276859
6923	中山堂	11	394015	74.278933
6924	中工	11	394026	74.281007
6925	中正紀念堂	11	394037	74.283081
6926	中樞	11	394048	74.285155
6927	內科	11	394059	74.287229
6928	公務人員	11	394070	74.289303
6929	分成	11	394081	74.291377
6930	分佈	11	394092	74.293451
6931	升格	11	394103	74.295525
6932	升遷	11	394114	74.297599
6933	天文學家	11	394125	74.299673
6934	太電	11	394136	74.301747
6935	孔雀	11	394147	74.303821
6936	尺度	11	394158	74.305895
6937	巴士	11	394169	74.307969
6938	心愛	11	394180	74.310043
6939	日文	11	394191	74.312117
6940	日報	11	394202	74.314191
6941	歹徒	11	394213	74.316265
6942	毛巾	11	394224	74.318339
6943	毛毛蟲	11	394235	74.320413
6944	水月星	11	394246	74.322487
6945	水流	11	394257	74.324561
6946	牛排	11	394268	74.326635
6947	世界電影	11	394279	74.328709
6948	乏味	11	394290	74.330783
6949	代表作	11	394301	74.332857
6950	代謝	11	394312	74.334931
6951	出類拔萃	11	394323	74.337005
6952	凸顯	11	394334	74.339079
6953	加裝	11	394345	74.341153
6954	功不可沒	11	394356	74.343227
6955	北二高	11	394367	74.345301
6956	去處	11	394378	74.347375
6957	古物	11	394389	74.349449
6958	四方	11	394400	74.351523
6959	外籍	11	394411	74.353597
6960	失明	11	394422	74.355671
6961	失業率	11	394433	74.357745
6962	巨蛋	11	394444	74.359819
6963	市集	11	394455	74.361893
6964	市價	11	394466	74.363967
6965	本能	11	394477	74.366041
6966	永久	11	394488	74.368115
6967	甘心	11	394499	74.370189
6968	用意	11	394510	74.372263
6969	白洞	11	394521	74.374337
6970	皮箱	11	394532	74.376411
6971	皮膚病	11	394543	74.378485
6972	立足	11	394554	74.380559
6973	丟棄	11	394565	74.382633
6974	交配	11	394576	74.384707
6975	交情	11	394587	74.386781
6976	交錯	11	394598	74.388855
6977	休旅車	11	394609	74.390929
6978	任命	11	394620	74.393003
6979	全長	11	394631	74.395077
6980	全壘打	11	394642	74.397151
6981	再生紙	11	394653	74.399225
6982	再者	11	394664	74.401299
6983	冰人	11	394675	74.403373
6984	同居	11	394686	74.405447
6985	名義	11	394697	74.407521
6986	合同	11	394708	74.409595
6987	合理化	11	394719	74.411669
6988	合夥人	11	394730	74.413743
6989	回檔	11	394741	74.415817
6990	回響	11	394752	74.417891
6991	地勢	11	394763	74.419965
6992	多數人	11	394774	74.422039
6993	好書	11	394785	74.424113
6994	好戲	11	394796	74.426187
6995	如期	11	394807	74.428261
6996	字典	11	394818	74.430335
6997	存活率	11	394829	74.432409
6998	安非他命	11	394840	74.434483
6999	安逸	11	394851	74.436557
7000	帆船	11	394862	74.438631
7001	年會	11	394873	74.440705
7002	年頭	11	394884	74.442779
7003	成年人	11	394895	74.444853
7004	收購	11	394906	74.446927
7005	有勁	11	394917	74.449001
7006	有害	11	394928	74.451075
7007	死刑	11	394939	74.453149
7008	百分之百	11	394950	74.455223
7009	羽球	11	394961	74.457297
7010	老人家	11	394972	74.459371
7011	老兵	11	394983	74.461445
7012	老牌	11	394994	74.463519
7013	肉類	11	395005	74.465593
7014	自然界	11	395016	74.467667
7015	行路	11	395027	74.469741
7016	西北	11	395038	74.471815
7017	西安	11	395049	74.473889
7018	位居	11	395060	74.475963
7019	佛法	11	395071	74.478037
7020	免稅	11	395082	74.480111
7021	判刑	11	395093	74.482185
7022	吸入	11	395104	74.484259
7023	均勻	11	395115	74.486333
7024	孝順	11	395126	74.488407
7025	庇護	11	395137	74.490481
7026	戒菸	11	395148	74.492555
7027	扶手	11	395159	74.494629
7028	抒情	11	395170	74.496703
7029	改名	11	395181	74.498777
7030	李安	11	395192	74.500851
7031	李國鼎	11	395203	74.502925
7032	李豔秋	11	395214	74.504999
7033	求生	11	395225	74.507073
7034	沉穩	11	395236	74.509147
7035	災難	11	395247	74.511221
7036	男童	11	395258	74.513295
7037	見解	11	395269	74.515369
7038	足球賽	11	395280	74.517443
7039	里長	11	395291	74.519517
7040	防衛	11	395302	74.521591
7041	事蹟	11	395313	74.523665
7042	例證	11	395324	74.525739
7043	來說	11	395335	74.527813
7044	典藏	11	395346	74.529887
7045	協力	11	395357	74.531961
7046	取決	11	395368	74.534035
7047	受虐兒	11	395379	74.536109
7048	夜市	11	395390	74.538183
7049	奇觀	11	395401	74.540257
7050	孤兒	11	395412	74.542331
7051	定案	11	395423	74.544405
7052	官邸	11	395434	74.546479
7053	底部	11	395445	74.548553
7054	往返	11	395456	74.550627
7055	怪異	11	395467	74.552701
7056	拓寬	11	395478	74.554775
7057	抽取	11	395489	74.556849
7058	抽菸	11	395500	74.558923
7059	抵抗力	11	395511	74.560997
7060	抵制	11	395522	74.563071
7061	枕頭	11	395533	74.565145
7062	果酸	11	395544	74.567219
7063	杯葛	11	395555	74.569293
7064	松鼠	11	395566	74.571367
7065	欣喜	11	395577	74.573441
7066	治安	11	395588	74.575515
7067	爬蟲類	11	395599	74.577589
7068	爭執	11	395610	74.579663
7069	版面	11	395621	74.581737
7070	版權	11	395632	74.583811
7071	玩水	11	395643	74.585885
7072	糾正	11	395654	74.587959
7073	花東	11	395665	74.590033
7074	花蓮市	11	395676	74.592107
7075	初戀	11	395687	74.594181
7076	表態	11	395698	74.596255
7077	近日	11	395709	74.598329
7078	金色	11	395720	74.600403
7079	金馬	11	395731	74.602477
7080	金價	11	395742	74.604551
7081	阿美族	11	395753	74.606625
7082	阻擋	11	395764	74.608699
7083	青少年哪吒	11	395775	74.610773
7084	保全	11	395786	74.612847
7085	剎那	11	395797	74.614921
7086	南縣	11	395808	74.616995
7087	姜哲煥	11	395819	74.619069
7088	宣示	11	395830	74.621143
7089	客家	11	395841	74.623217
7090	律動	11	395852	74.625291
7091	思念	11	395863	74.627365
7092	按鍵	11	395874	74.629439
7093	施力	11	395885	74.631513
7094	星光	11	395896	74.633587
7095	柔順	11	395907	74.635661
7096	毒害	11	395918	74.637735
7097	流民	11	395929	74.639809
7098	流利	11	395940	74.641883
7099	洗衣	11	395951	74.643957
7100	為人	11	395962	74.646031
7101	畏懼	11	395973	74.648105
7102	界限	11	395984	74.650179
7103	相形之下	11	395995	74.652253
7104	看完	11	396006	74.654327
7105	研習營	11	396017	74.656401
7106	研製	11	396028	74.658475
7107	科威特	11	396039	74.660549
7108	紅外線	11	396050	74.662623
7109	紅燈	11	396061	74.664697
7110	約書亞	11	396072	74.666771
7111	美索不達米亞	11	396083	74.668845
7112	耶利哥	11	396094	74.670919
7113	致勝	11	396105	74.672993
7114	訂戶	11	396116	74.675067
7115	迫切	11	396127	74.677141
7116	郊遊	11	396138	74.679215
7117	重重	11	396149	74.681289
7118	面子	11	396160	74.683363
7119	面具	11	396171	74.685437
7120	音樂家	11	396182	74.687511
7121	音樂賽	11	396193	74.689585
7122	風雲人物	11	396204	74.691659
7123	風騷	11	396215	74.693733
7124	首席	11	396226	74.695807
7125	首飾	11	396237	74.697881
7126	香味	11	396248	74.699955
7127	借貸	11	396259	74.702029
7128	倒閉	11	396270	74.704103
7129	修剪	11	396281	74.706177
7130	兼職	11	396292	74.708251
7131	剖析	11	396303	74.710325
7132	容積率	11	396314	74.712399
7133	師傅	11	396325	74.714473
7134	庭園	11	396336	74.716547
7135	弱者	11	396347	74.718621
7136	徐克	11	396358	74.720695
7137	恐慌	11	396369	74.722769
7138	捐血	11	396380	74.724843
7139	核能	11	396391	74.726917
7140	栩栩如生	11	396402	74.728991
7141	氣派	11	396413	74.731065
7142	海參	11	396424	74.733139
7143	浙江	11	396435	74.735213
7144	浩瀚	11	396446	74.737287
7145	特洛伊城	11	396457	74.739361
7146	特務	11	396468	74.741435
7147	特教	11	396479	74.743509
7148	留心	11	396490	74.745583
7149	病逝	11	396501	74.747657
7150	真誠	11	396512	74.749731
7151	破爛	11	396523	74.751805
7152	神殿	11	396534	74.753879
7153	租借	11	396545	74.755953
7154	站立	11	396556	74.758027
7155	紊亂	11	396567	74.760101
7156	純真	11	396578	74.762175
7157	純樸	11	396589	74.764249
7158	耕地	11	396600	74.766323
7159	脈動	11	396611	74.768397
7160	記號	11	396622	74.770471
7161	起動	11	396633	74.772545
7162	迷路	11	396644	74.774619
7163	迷牆	11	396655	74.776693
7164	退化	11	396666	74.778767
7165	配件	11	396677	74.780841
7166	除去	11	396688	74.782915
7167	馬克	11	396699	74.784989
7168	馬鈴薯	11	396710	74.787063
7169	骨頭	11	396721	74.789137
7170	高估	11	396732	74.791211
7171	高品質	11	396743	74.793285
7172	高雅	11	396754	74.795359
7173	高齡	11	396765	74.797433
7174	鬥志	11	396776	74.799507
7175	做人	11	396787	74.801581
7176	做什麼	11	396798	74.803655
7177	健行	11	396809	74.805729
7178	偵測	11	396820	74.807803
7179	偷偷	11	396831	74.809877
7180	偏低	11	396842	74.811951
7181	剪刀	11	396853	74.814025
7182	動感	11	396864	74.816099
7183	動輒	11	396875	74.818173
7184	參考書	11	396886	74.820247
7185	唯獨	11	396897	74.822321
7186	國界	11	396908	74.824395
7187	國歌	11	396919	74.826469
7188	國際市場	11	396930	74.828543
7189	國營	11	396941	74.830617
7190	國營企業	11	396952	74.832691
7191	基督教	11	396963	74.834765
7192	執政者	11	396974	74.836839
7193	專業知識	11	396985	74.838913
7194	情愛	11	396996	74.840987
7195	情誼	11	397007	74.843061
7196	情願	11	397018	74.845135
7197	探尋	11	397029	74.847209
7198	捷克	11	397040	74.849283
7199	啟智班	11	397051	74.851357
7200	旋律	11	397062	74.853431
7201	晚春	11	397073	74.855505
7202	晚宴	11	397084	74.857579
7203	梅毒	11	397095	74.859653
7204	毫無	11	397106	74.861727
7205	清澈	11	397117	74.863801
7206	淋漓盡致	11	397128	74.865875
7207	深受	11	397139	74.867949
7208	現存	11	397150	74.870023
7209	盛開	11	397161	74.872097
7210	細微	11	397172	74.874171
7211	紳士	11	397183	74.876245
7212	終結	11	397194	74.878319
7213	終極	11	397205	74.880393
7214	脫落	11	397216	74.882467
7215	荷爾蒙	11	397227	74.884541
7216	蛀牙	11	397238	74.886615
7217	訪客	11	397249	74.888689
7218	訝異	11	397260	74.890763
7219	責備	11	397271	74.892837
7220	貨品	11	397282	74.894911
7221	通風	11	397293	74.896985
7222	陵墓	11	397304	74.899059
7223	陳情	11	397315	74.901133
7224	陸軍	11	397326	74.903207
7225	麻雀	11	397337	74.905281
7226	創業家	11	397348	74.907355
7227	勞動力	11	397359	74.909429
7228	報業	11	397370	74.911503
7229	尋訪	11	397381	74.913577
7230	提起	11	397392	74.915651
7231	晶片	11	397403	74.917725
7232	智力	11	397414	74.919799
7233	棉被	11	397425	74.921873
7234	游隼	11	397436	74.923947
7235	減免	11	397447	74.926021
7236	無心	11	397458	74.928095
7237	無可奈何	11	397469	74.930169
7238	無常	11	397480	74.932243
7239	無異	11	397491	74.934317
7240	無辜	11	397502	74.936391
7241	畫廊	11	397513	74.938465
7242	發熱	11	397524	74.940539
7243	短線	11	397535	74.942613
7244	稀奇	11	397546	74.944687
7245	筋骨	11	397557	74.946761
7246	結盟	11	397568	74.948835
7247	紫外線	11	397579	74.950909
7248	絲路	11	397590	74.952983
7249	著稱	11	397601	74.955057
7250	裁減	11	397612	74.957131
7251	診所	11	397623	74.959205
7252	貼心	11	397634	74.961279
7253	費率	11	397645	74.963353
7254	買票	11	397656	74.965427
7255	買進	11	397667	74.967501
7256	逮捕	11	397678	74.969575
7257	進場	11	397689	74.971649
7258	開支	11	397700	74.973723
7259	開除	11	397711	74.975797
7260	開頭	11	397722	74.977871
7261	間隔	11	397733	74.979945
7262	陽臺	11	397744	74.982019
7263	雇主	11	397755	74.984093
7264	雲南	11	397766	74.986167
7265	飯碗	11	397777	74.988241
7266	黃幸強	11	397788	74.990315
7267	黑猩猩	11	397799	74.992389
7268	傳言	11	397810	74.994463
7269	傳動系統	11	397821	74.996537
7270	傷亡	11	397832	74.998611
7271	勤奮	11	397843	75.000685
7272	塞爾維亞	11	397854	75.002759
7273	微軟	11	397865	75.004833
7274	慈濟	11	397876	75.006907
7275	感官	11	397887	75.008981
7276	感傷	11	397898	75.011055
7277	感嘆	11	397909	75.013129
7278	想必	11	397920	75.015203
7279	搶答	11	397931	75.017277
7280	新生代	11	397942	75.019351
7281	新衣	11	397953	75.021425
7282	新聞界	11	397964	75.023499
7283	新潮	11	397975	75.025573
7284	業餘	11	397986	75.027647
7285	楊英風	11	397997	75.029721
7286	歇後語	11	398008	75.031795
7287	溫情	11	398019	75.033869
7288	準則	11	398030	75.035943
7289	照相	11	398041	75.038017
7290	當成	11	398052	75.040091
7291	當家	11	398063	75.042165
7292	矮小	11	398074	75.044239
7293	碰撞	11	398085	75.046313
7294	禁菸	11	398096	75.048387
7295	萬物	11	398107	75.050461
7296	經營權	11	398118	75.052535
7297	號召	11	398129	75.054609
7298	補習班	11	398140	75.056683
7299	補償	11	398151	75.058757
7300	解散	11	398162	75.060831
7301	試試看	11	398173	75.062905
7302	誇大	11	398184	75.064979
7303	資歷	11	398195	75.067053
7304	跨越	11	398206	75.069127
7305	路人	11	398217	75.071201
7306	路段	11	398228	75.073275
7307	路程	11	398239	75.075349
7308	跳蚤	11	398250	75.077423
7309	農產品	11	398261	75.079497
7310	逼真	11	398272	75.081571
7311	過濾	11	398283	75.083645
7312	過彎	11	398294	75.085719
7313	隔天	11	398305	75.087793
7314	電動窗	11	398316	75.089867
7315	電瓶	11	398327	75.091941
7316	電影年	11	398338	75.094015
7317	電影界	11	398349	75.096089
7318	鼓吹	11	398360	75.098163
7319	圖利	11	398371	75.100237
7320	圖形	11	398382	75.102311
7321	墓地	11	398393	75.104385
7322	截止	11	398404	75.106459
7323	摸彩	11	398415	75.108533
7324	旗幟	11	398426	75.110607
7325	歌劇	11	398437	75.112681
7326	演劇	11	398448	75.114755
7327	滿臉	11	398459	75.116829
7328	疑惑	11	398470	75.118903
7329	瞄準	11	398481	75.120977
7330	稱呼	11	398492	75.123051
7331	精湛	11	398503	75.125125
7332	綠茶	11	398514	75.127199
7333	臺塑大樓	11	398525	75.129273
7334	與否	11	398536	75.131347
7335	說道	11	398547	75.133421
7336	誘因	11	398558	75.135495
7337	赫然	11	398569	75.137569
7338	輕忽	11	398580	75.139643
7339	輕微	11	398591	75.141717
7340	儀錶板	11	398602	75.143791
7341	價差	11	398613	75.145865
7342	嘲諷	11	398624	75.147939
7343	寫真	11	398635	75.150013
7344	廢棄物	11	398646	75.152087
7345	廣告片	11	398657	75.154161
7346	廣義	11	398668	75.156235
7347	影迷	11	398679	75.158309
7348	徵兆	11	398690	75.160383
7349	徵選	11	398701	75.162457
7350	摩登	11	398712	75.164531
7351	撲滿	11	398723	75.166605
7352	標章	11	398734	75.168679
7353	樓房	11	398745	75.170753
7354	歐市	11	398756	75.172827
7355	熱誠	11	398767	75.174901
7356	稻米	11	398778	75.176975
7357	範疇	11	398789	75.179049
7358	緩和	11	398800	75.181123
7359	談到	11	398811	75.183197
7360	請客	11	398822	75.185271
7361	請看	11	398833	75.187345
7362	諸多	11	398844	75.189419
7363	賣力	11	398855	75.191493
7364	踏實	11	398866	75.193567
7365	輟學	11	398877	75.195641
7366	遭殃	11	398888	75.197715
7367	餘地	11	398899	75.199789
7368	駕馭	11	398910	75.201863
7369	黎明	11	398921	75.203937
7370	儘快	11	398932	75.206011
7371	學運	11	398943	75.208085
7372	擔保	11	398954	75.210159
7373	樹立	11	398965	75.212233
7374	橡皮擦	11	398976	75.214307
7375	積體電路	11	398987	75.216381
7376	篩選	11	398998	75.218455
7377	糖果	11	399009	75.220529
7378	蕭條	11	399020	75.222603
7379	親職	11	399031	75.224677
7380	諾貝爾獎	11	399042	75.226751
7381	辦公	11	399053	75.228825
7382	遵循	11	399064	75.230899
7383	選美	11	399075	75.232973
7384	選配	11	399086	75.235047
7385	鋼索	11	399097	75.237121
7386	錦標賽	11	399108	75.239195
7387	靜靜	11	399119	75.241269
7388	應對	11	399130	75.243343
7389	濫用	11	399141	75.245417
7390	營養不良	11	399152	75.247491
7391	獲頒	11	399163	75.249565
7392	糟糕	11	399174	75.251639
7393	縮寫	11	399185	75.253713
7394	總共	11	399196	75.255787
7395	總而言之	11	399207	75.257861
7396	總動員	11	399218	75.259935
7397	總結	11	399229	75.262009
7398	總醫師	11	399240	75.264083
7399	縱橫	11	399251	75.266157
7400	聲望	11	399262	75.268231
7401	聯國	11	399273	75.270305
7402	聯歡	11	399284	75.272379
7403	聳立	11	399295	75.274453
7404	臉孔	11	399306	75.276527
7405	臉部	11	399317	75.278601
7406	謙卑	11	399328	75.280675
7407	謝長廷	11	399339	75.282749
7408	餵食	11	399350	75.284823
7409	黏土	11	399361	75.286897
7410	斷崖	11	399372	75.288971
7411	歸來	11	399383	75.291045
7412	舊款	11	399394	75.293119
7413	雙眼	11	399405	75.295193
7414	雙職	11	399416	75.297267
7415	騎士	11	399427	75.299341
7416	騎車	11	399438	75.301415
7417	寵愛	11	399449	75.303489
7418	懷舊	11	399460	75.305563
7419	爆滿	11	399471	75.307637
7420	穩固	11	399482	75.309711
7421	羅傑	11	399493	75.311785
7422	藥材	11	399504	75.313859
7423	藥液	11	399515	75.315933
7424	贈與稅	11	399526	75.318007
7425	關節	11	399537	75.320081
7426	關聯	11	399548	75.322155
7427	顛倒	11	399559	75.324229
7428	鯨魚	11	399570	75.326303
7429	寶石	11	399581	75.328377
7430	懸殊	11	399592	75.330451
7431	籌建	11	399603	75.332525
7432	議長	11	399614	75.334599
7433	警訊	11	399625	75.336673
7434	黨政	11	399636	75.338747
7435	巍峨	11	399647	75.340821
7436	鐵道	11	399658	75.342895
7437	露天	11	399669	75.344969
7438	驅使	11	399680	75.347043
7439	魔術師	11	399691	75.349117
7440	巔峰	11	399702	75.351191
7441	彎道	11	399713	75.353265
7442	鑑定	11	399724	75.355339
7443	髒亂	11	399735	75.357413
7444	驚慌	11	399746	75.359487
7445	體現	11	399757	75.361561
7446	黴菌	11	399768	75.363635
7447	靈性	11	399779	75.365709
7448	鑲嵌	11	399790	75.367783
7449	一代	10	399800	75.369668
7450	一剎那	10	399810	75.371553
7451	人手	10	399820	75.373438
7452	人道	10	399830	75.375323
7453	力求	10	399840	75.377208
7454	十字路口	10	399850	75.379093
7455	三角形	10	399860	75.380978
7456	上司	10	399870	75.382863
7457	上床	10	399880	75.384748
7458	上檔	10	399890	75.386633
7459	土星	10	399900	75.388518
7460	大夫	10	399910	75.390403
7461	大半	10	399920	75.392288
7462	大意	10	399930	75.394173
7463	大鍋飯	10	399940	75.396058
7464	大關	10	399950	75.397943
7465	女方	10	399960	75.399828
7466	小白兔	10	399970	75.401713
7467	小男孩	10	399980	75.403598
7468	小型車	10	399990	75.405483
7469	小鬼	10	400000	75.407368
7470	山川	10	400010	75.409253
7471	山徑	10	400020	75.411138
7472	工場	10	400030	75.413023
7473	不同凡響	10	400040	75.414908
7474	不約而同	10	400050	75.416793
7475	中央山脈	10	400060	75.418678
7476	中性	10	400070	75.420563
7477	中長期	10	400080	75.422448
7478	中國文化大學	10	400090	75.424333
7479	五育	10	400100	75.426218
7480	今夜	10	400110	75.428103
7481	介意	10	400120	75.429988
7482	元朝	10	400130	75.431873
7483	內耳	10	400140	75.433758
7484	公共工程	10	400150	75.435643
7485	公視	10	400160	75.437528
7486	公道	10	400170	75.439413
7487	公職	10	400180	75.441298
7488	公聽會	10	400190	75.443183
7489	分擔	10	400200	75.445068
7490	分離式	10	400210	75.446953
7491	切片	10	400220	75.448838
7492	化身	10	400230	75.450723
7493	天花板	10	400240	75.452608
7494	太陽能車	10	400250	75.454493
7495	手球	10	400260	75.456378
7496	文教	10	400270	75.458263
7497	日產	10	400280	75.460148
7498	日裔	10	400290	75.462033
7499	月考	10	400300	75.463918
7500	月餅	10	400310	75.465803
7501	木匠	10	400320	75.467688
7502	比利	10	400330	75.469573
7503	比照	10	400340	75.471458
7504	毛毯	10	400350	75.473343
7505	水資源	10	400360	75.475228
7506	水銀	10	400370	75.477113
7507	火柴	10	400380	75.478998
7508	片段	10	400390	75.480883
7509	牙齦	10	400400	75.482768
7510	王建煊	10	400410	75.484653
7511	代言人	10	400420	75.486538
7512	出力	10	400430	75.488423
7513	出局	10	400440	75.490308
7514	出奇	10	400450	75.492193
7515	出發點	10	400460	75.494078
7516	功力	10	400470	75.495963
7517	北平	10	400480	75.497848
7518	北美洲	10	400490	75.499733
7519	北風	10	400500	75.501618
7520	北海	10	400510	75.503503
7521	北海道鼠兔	10	400520	75.505388
7522	半導體	10	400530	75.507273
7523	占有率	10	400540	75.509158
7524	可行	10	400550	75.511043
7525	古今	10	400560	75.512928
7526	古早	10	400570	75.514813
7527	叫聲	10	400580	75.516698
7528	外交部	10	400590	75.518583
7529	外地	10	400600	75.520468
7530	外流	10	400610	75.522353
7531	失利	10	400620	75.524238
7532	布偶	10	400630	75.526123
7533	布袋戲	10	400640	75.528008
7534	平民	10	400650	75.529893
7535	平原	10	400660	75.531778
7536	幼蟲	10	400670	75.533663
7537	打交道	10	400680	75.535548
7538	打針	10	400690	75.537433
7539	本金	10	400700	75.539318
7540	民選	10	400710	75.541203
7541	犯人	10	400720	75.543088
7542	生活費	10	400730	75.544973
7543	用藥	10	400740	75.546858
7544	皮鞋	10	400750	75.548743
7545	目錄	10	400760	75.550628
7546	石器	10	400770	75.552513
7547	交響曲	10	400780	75.554398
7548	仿效	10	400790	75.556283
7549	任教	10	400800	75.558168
7550	光緒	10	400810	75.560053
7551	光輝	10	400820	75.561938
7552	先例	10	400830	75.563823
7553	全心	10	400840	75.565708
7554	全心全意	10	400850	75.567593
7555	全美	10	400860	75.569478
7556	冰川	10	400870	75.571363
7557	冰箱	10	400880	75.573248
7558	名揚四海	10	400890	75.575133
7559	名號	10	400900	75.577018
7560	吃飽	10	400910	75.578903
7561	地址	10	400920	75.580788
7562	地殼	10	400930	75.582673
7563	多功能	10	400940	75.584558
7564	多重	10	400950	75.586443
7565	存放	10	400960	75.588328
7566	安置	10	400970	75.590213
7567	年限	10	400980	75.592098
7568	年終	10	400990	75.593983
7569	成名	10	401000	75.595868
7570	成因	10	401010	75.597753
7571	收取	10	401020	75.599638
7572	收藏家	10	401030	75.601523
7573	早晚	10	401040	75.603408
7574	曲調	10	401050	75.605293
7575	有看頭	10	401060	75.607178
7576	老人年金	10	401070	75.609063
7577	老天	10	401080	75.610948
7578	老爺	10	401090	75.612833
7579	考核	10	401100	75.614718
7580	考場	10	401110	75.616603
7581	考題	10	401120	75.618488
7582	自大	10	401130	75.620373
7583	自古	10	401140	75.622258
7584	自卑	10	401150	75.624143
7585	自備	10	401160	75.626028
7586	自然環境	10	401170	75.627913
7587	自豪	10	401180	75.629798
7588	行使	10	401190	75.631683
7589	行家	10	401200	75.633568
7590	西湖	10	401210	75.635453
7591	西歐	10	401220	75.637338
7592	住處	10	401230	75.639223
7593	佛經	10	401240	75.641108
7594	佛像	10	401250	75.642993
7595	何謂	10	401260	75.644878
7596	伸張	10	401270	75.646763
7597	作曲	10	401280	75.648648
7598	低年級	10	401290	75.650533
7599	低溫	10	401300	75.652418
7600	兌換	10	401310	75.654303
7601	助力	10	401320	75.656188
7602	助長	10	401330	75.658073
7603	吞嚥	10	401340	75.659958
7604	吶喊	10	401350	75.661843
7605	坐車	10	401360	75.663728
7606	壯大	10	401370	75.665613
7607	壯闊	10	401380	75.667498
7608	妨礙	10	401390	75.669383
7609	完備	10	401400	75.671268
7610	形體	10	401410	75.673153
7611	忍耐	10	401420	75.675038
7612	技術面	10	401430	75.676923
7613	投降	10	401440	75.678808
7614	抑鬱	10	401450	75.680693
7615	改裝	10	401460	75.682578
7616	改寫	10	401470	75.684463
7617	李四端	10	401480	75.686348
7618	李光耀	10	401490	75.688233
7619	李孟哲	10	401500	75.690118
7620	李香君	10	401510	75.692003
7621	村落	10	401520	75.693888
7622	步入	10	401530	75.695773
7623	每每	10	401540	75.697658
7624	每週	10	401550	75.699543
7625	每當	10	401560	75.701428
7626	沙啞	10	401570	75.703313
7627	沙發	10	401580	75.705198
7628	沉默的羔羊	10	401590	75.707083
7629	肛門	10	401600	75.708968
7630	赤裸	10	401610	75.710853
7631	走紅	10	401620	75.712738
7632	身分證	10	401630	75.714623
7633	車道	10	401640	75.716508
7634	事跡	10	401650	75.718393
7635	亞得里亞海	10	401660	75.720278
7636	亞運	10	401670	75.722163
7637	依法	10	401680	75.724048
7638	侍者	10	401690	75.725933
7639	佳節	10	401700	75.727818
7640	使命	10	401710	75.729703
7641	兒保	10	401720	75.731588
7642	兒福法	10	401730	75.733473
7643	兩者	10	401740	75.735358
7644	兩極化	10	401750	75.737243
7645	刷毛	10	401760	75.739128
7646	制衡	10	401770	75.741013
7647	取材	10	401780	75.742898
7648	受害者	10	401790	75.744783
7649	受訓	10	401800	75.746668
7650	受訪	10	401810	75.748553
7651	周末	10	401820	75.750438
7652	坦承	10	401830	75.752323
7653	夜間部	10	401840	75.754208
7654	奔走	10	401850	75.756093
7655	姑且	10	401860	75.757978
7656	孤寂	10	401870	75.759863
7657	官府	10	401880	75.761748
7658	府學	10	401890	75.763633
7659	性功能	10	401900	75.765518
7660	性高潮	10	401910	75.767403
7661	拉丁美洲	10	401920	75.769288
7662	招考	10	401930	75.771173
7663	抨擊	10	401940	75.773058
7664	放眼	10	401950	75.774943
7665	旺季	10	401960	75.776828
7666	明朗	10	401970	75.778713
7667	服氣	10	401980	75.780598
7668	東北	10	401990	75.782483
7669	東印度公司	10	402000	75.784368
7670	林木	10	402010	75.786253
7671	林茂安	10	402020	75.788138
7672	松樹	10	402030	75.790023
7673	欣慰	10	402040	75.791908
7674	沼澤	10	402050	75.793793
7675	波士頓	10	402060	75.795678
7676	波及	10	402070	75.797563
7677	波長	10	402080	75.799448
7678	法定	10	402090	75.801333
7679	法寶	10	402100	75.803218
7680	法蘭克福車展	10	402110	75.805103
7681	治理	10	402120	75.806988
7682	炒地皮	10	402130	75.808873
7683	爭相	10	402140	75.810758
7684	盲點	10	402150	75.812643
7685	知己	10	402160	75.814528
7686	社會主義	10	402170	75.816413
7687	股分	10	402180	75.818298
7688	臥室	10	402190	75.820183
7689	芝加哥	10	402200	75.822068
7690	花市	10	402210	75.823953
7691	花鼓	10	402220	75.825838
7692	返國	10	402230	75.827723
7693	金牛	10	402240	75.829608
7694	長出	10	402250	75.831493
7695	長年	10	402260	75.833378
7696	長輩	10	402270	75.835263
7697	長髮	10	402280	75.837148
7698	門票	10	402290	75.839033
7699	阿富汗	10	402300	75.840918
7700	阿爾卑斯山	10	402310	75.842803
7701	附設	10	402320	75.844688
7702	雨傘	10	402330	75.846573
7703	青海	10	402340	75.848458
7704	信譽	10	402350	75.850343
7705	便捷	10	402360	75.852228
7706	保險套	10	402370	75.854113
7707	削減	10	402380	75.855998
7708	前人	10	402390	75.857883
7709	勇奪	10	402400	75.859768
7710	契丹	10	402410	75.861653
7711	宣洩	10	402420	75.863538
7712	挖角	10	402430	75.865423
7713	按鈕	10	402440	75.867308
7714	拼命	10	402450	75.869193
7715	拼湊	10	402460	75.871078
7716	指甲	10	402470	75.872963
7717	指針	10	402480	75.874848
7718	指控	10	402490	75.876733
7719	指點	10	402500	75.878618
7720	春分	10	402510	75.880503
7721	春秋	10	402520	75.882388
7722	查詢	10	402530	75.884273
7723	殆盡	10	402540	75.886158
7724	流亡	10	402550	75.888043
7725	洗手	10	402560	75.889928
7726	為例	10	402570	75.891813
7727	省力	10	402580	75.893698
7728	相當於	10	402590	75.895583
7729	研判	10	402600	75.897468
7730	科目	10	402610	75.899353
7731	科系	10	402620	75.901238
7732	科學園區	10	402630	75.903123
7733	穿插	10	402640	75.905008
7734	紅海	10	402650	75.906893
7735	紅線	10	402660	75.908778
7736	美人	10	402670	75.910663
7737	美夢	10	402680	75.912548
7738	美滿	10	402690	75.914433
7739	美觀	10	402700	75.916318
7740	苦心	10	402710	75.918203
7741	苦悶	10	402720	75.920088
7742	茁壯	10	402730	75.921973
7743	要件	10	402740	75.923858
7744	計分	10	402750	75.925743
7745	計時	10	402760	75.927628
7746	軍火	10	402770	75.929513
7747	軍品	10	402780	75.931398
7748	限定	10	402790	75.933283
7749	面孔	10	402800	75.935168
7750	面目	10	402810	75.937053
7751	音色	10	402820	75.938938
7752	風景區	10	402830	75.940823
7753	風趣	10	402840	75.942708
7754	首位	10	402850	75.944593
7755	首相	10	402860	75.946478
7756	個股	10	402870	75.948363
7757	修正案	10	402880	75.950248
7758	修復	10	402890	75.952133
7759	原型	10	402900	75.954018
7760	原聲帶	10	402910	75.955903
7761	害人	10	402920	75.957788
7762	害羞	10	402930	75.959673
7763	家產	10	402940	75.961558
7764	家蠶	10	402950	75.963443
7765	拿來	10	402960	75.965328
7766	捐出	10	402970	75.967213
7767	挽回	10	402980	75.969098
7768	挪亞	10	402990	75.970983
7769	效法	10	403000	75.972868
7770	時鐘	10	403010	75.974753
7771	書面	10	403020	75.976638
7772	校內	10	403030	75.978523
7773	校門	10	403040	75.980408
7774	氣喘	10	403050	75.982293
7775	泰山	10	403060	75.984178
7776	消防	10	403070	75.986063
7777	浸泡	10	403080	75.987948
7778	海內外	10	403090	75.989833
7779	海濱	10	403100	75.991718
7780	班次	10	403110	75.993603
7781	留住	10	403120	75.995488
7782	留情	10	403130	75.997373
7783	留給	10	403140	75.999258
7784	病史	10	403150	76.001143
7785	病菌	10	403160	76.003028
7786	真實性	10	403170	76.004913
7787	祖國	10	403180	76.006798
7788	祖廟	10	403190	76.008683
7789	窈窕	10	403200	76.010568
7790	紐約市	10	403210	76.012453
7791	耕作	10	403220	76.014338
7792	耗資	10	403230	76.016223
7793	胸懷	10	403240	76.018108
7794	草擬	10	403250	76.019993
7795	茶壺	10	403260	76.021878
7796	衰竭	10	403270	76.023763
7797	袁世凱	10	403280	76.025648
7798	記住	10	403290	76.027533
7799	財源	10	403300	76.029418
7800	起家	10	403310	76.031303
7801	送醫	10	403320	76.033188
7802	逆轉	10	403330	76.035073
7803	迷糊	10	403340	76.036958
7804	酒吧	10	403350	76.038843
7805	陣容	10	403360	76.040728
7806	馬拉松	10	403370	76.042613
7807	馬雅文化	10	403380	76.044498
7808	高中生	10	403390	76.046383
7809	高地	10	403400	76.048268
7810	高空	10	403410	76.050153
7811	高傳真	10	403420	76.052038
7812	高傳真電視	10	403430	76.053923
7813	做好	10	403440	76.055808
7814	偵探	10	403450	76.057693
7815	偏差	10	403460	76.059578
7816	偏偏	10	403470	76.061463
7817	副作用	10	403480	76.063348
7818	副理	10	403490	76.065233
7819	動用	10	403500	76.067118
7820	商家	10	403510	76.069003
7821	商量	10	403520	76.070888
7822	商標	10	403530	76.072773
7823	唯恐	10	403540	76.074658
7824	國代	10	403550	76.076543
7825	國務院	10	403560	76.078428
7826	國旗	10	403570	76.080313
7827	國語日報	10	403580	76.082198
7828	堅信	10	403590	76.084083
7829	堅毅	10	403600	76.085968
7830	基隆河	10	403610	76.087853
7831	專人	10	403620	76.089738
7832	專校	10	403630	76.091623
7833	常客	10	403640	76.093508
7834	常規	10	403650	76.095393
7835	帳面	10	403660	76.097278
7836	康熙	10	403670	76.099163
7837	庸俗	10	403680	76.101048
7838	張力	10	403690	76.102933
7839	強盜	10	403700	76.104818
7840	得罪	10	403710	76.106703
7841	徘徊	10	403720	76.108588
7842	患病	10	403730	76.110473
7843	情慾	10	403740	76.112358
7844	接收	10	403750	76.114243
7845	接班	10	403760	76.116128
7846	接連	10	403770	76.118013
7847	掃地	10	403780	76.119898
7848	推案	10	403790	76.121783
7849	掙脫	10	403800	76.123668
7850	排水	10	403810	76.125553
7851	排行	10	403820	76.127438
7852	排氣	10	403830	76.129323
7853	排檔桿	10	403840	76.131208
7854	啟事	10	403850	76.133093
7855	晚飯	10	403860	76.134978
7856	曹雪芹	10	403870	76.136863
7857	條文	10	403880	76.138748
7858	欲望	10	403890	76.140633
7859	氫氣	10	403900	76.142518
7860	涼快	10	403910	76.144403
7861	淡化	10	403920	76.146288
7862	清朝	10	403930	76.148173
7863	淑女	10	403940	76.150058
7864	牽牛花	10	403950	76.151943
7865	產地	10	403960	76.153828
7866	畢業典禮	10	403970	76.155713
7867	異口同聲	10	403980	76.157598
7868	眼看	10	403990	76.159483
7869	眺望	10	404000	76.161368
7870	窒息	10	404010	76.163253
7871	第三世界	10	404020	76.165138
7872	細部	10	404030	76.167023
7873	累計	10	404040	76.168908
7874	習氣	10	404050	76.170793
7875	脫穎而出	10	404060	76.172678
7876	船長	10	404070	76.174563
7877	蛋糕	10	404080	76.176448
7878	覓食	10	404090	76.178333
7879	許許多多	10	404100	76.180218
7880	販毒	10	404110	76.182103
7881	軟弱	10	404120	76.183988
7882	軟骨	10	404130	76.185873
7883	逗留	10	404140	76.187758
7884	速限	10	404150	76.189643
7885	造化	10	404160	76.191528
7886	陳晉和	10	404170	76.193413
7887	陰謀	10	404180	76.195298
7888	陶器	10	404190	76.197183
7889	雪上加霜	10	404200	76.199068
7890	雪地	10	404210	76.200953
7891	勞駕	10	404220	76.202838
7892	勝算	10	404230	76.204723
7893	場合	10	404240	76.206608
7894	報表	10	404250	76.208493
7895	寒風	10	404260	76.210378
7896	富翁	10	404270	76.212263
7897	復原	10	404280	76.214148
7898	復發	10	404290	76.216033
7899	悲情	10	404300	76.217918
7900	插入	10	404310	76.219803
7901	揮手	10	404320	76.221688
7902	敞開	10	404330	76.223573
7903	普遍級	10	404340	76.225458
7904	智慧財產權	10	404350	76.227343
7905	棘手	10	404360	76.229228
7906	植樹節	10	404370	76.231113
7907	減退	10	404380	76.232998
7908	減速	10	404390	76.234883
7909	渾身	10	404400	76.236768
7910	焚燒	10	404410	76.238653
7911	牌子	10	404420	76.240538
7912	猶太人	10	404430	76.242423
7913	琳琅滿目	10	404440	76.244308
7914	硬幣	10	404450	76.246193
7915	筆記型電腦	10	404460	76.248078
7916	華文廣告	10	404470	76.249963
7917	著急	10	404480	76.251848
7918	虛弱	10	404490	76.253733
7919	裁撤	10	404500	76.255618
7920	視訊	10	404510	76.257503
7921	視線	10	404520	76.259388
7922	視聽	10	404530	76.261273
7923	註冊	10	404540	76.263158
7924	貼紙	10	404550	76.265043
7925	費時	10	404560	76.266928
7926	貴刊	10	404570	76.268813
7927	超值	10	404580	76.270698
7928	距今	10	404590	76.272583
7929	進門	10	404600	76.274468
7930	進程	10	404610	76.276353
7931	開動	10	404620	76.278238
7932	階梯	10	404630	76.280123
7933	雅各	10	404640	76.282008
7934	雄中	10	404650	76.283893
7935	雄偉	10	404660	76.285778
7936	黃大洲	10	404670	76.287663
7937	黑面琵鷺	10	404680	76.289548
7938	傳教士	10	404690	76.291433
7939	傾聽	10	404700	76.293318
7940	傷殘	10	404710	76.295203
7941	匯集	10	404720	76.297088
7942	意象	10	404730	76.298973
7943	意圖	10	404740	76.300858
7944	意識型態	10	404750	76.302743
7945	感應	10	404760	76.304628
7946	愛因斯坦	10	404770	76.306513
7947	搶購	10	404780	76.308398
7948	搖身一變	10	404790	76.310283
7949	搖滾	10	404800	76.312168
7950	敬業	10	404810	76.314053
7951	新秀	10	404820	76.315938
7952	新知	10	404830	76.317823
7953	新婚	10	404840	76.319708
7954	暗戀桃花源	10	404850	76.321593
7955	會報	10	404860	76.323478
7956	極致	10	404870	76.325363
7957	楊南郡	10	404880	76.327248
7958	源自	10	404890	76.329133
7959	溺斃	10	404900	76.331018
7960	照明	10	404910	76.332903
7961	瑕疵	10	404920	76.334788
7962	經商	10	404930	76.336673
7963	罪犯	10	404940	76.338558
7964	聖誕節	10	404950	76.340443
7965	腳跟	10	404960	76.342328
7966	腦子	10	404970	76.344213
7967	腦細胞	10	404980	76.346098
7968	董監事	10	404990	76.347983
7969	補貼	10	405000	76.349868
7970	裝備	10	405010	76.351753
7971	解析	10	405020	76.353638
7972	跨國	10	405030	76.355523
7973	農田	10	405040	76.357408
7974	農會	10	405050	76.359293
7975	農藥	10	405060	76.361178
7976	遊覽	10	405070	76.363063
7977	達爾文	10	405080	76.364948
7978	過世	10	405090	76.366833
7979	遍及	10	405100	76.368718
7980	雷達	10	405110	76.370603
7981	電子媒體	10	405120	76.372488
7982	電動馬達	10	405130	76.374373
7983	電影業	10	405140	76.376258
7984	零星	10	405150	76.378143
7985	預知	10	405160	76.380028
7986	預演	10	405170	76.381913
7987	頒佈	10	405180	76.383798
7988	圖片	10	405190	76.385683
7989	壽山	10	405200	76.387568
7990	實況	10	405210	76.389453
7991	對白	10	405220	76.391338
7992	慷慨	10	405230	76.393223
7993	摧毀	10	405240	76.395108
7994	榜首	10	405250	76.396993
7995	榜香	10	405260	76.398878
7996	漏洞	10	405270	76.400763
7997	澈底	10	405280	76.402648
7998	漁民	10	405290	76.404533
7999	爾後	10	405300	76.406418
8000	瑣事	10	405310	76.408303
8001	疑慮	10	405320	76.410188
8002	磁場	10	405330	76.412073
8003	福州	10	405340	76.413958
8004	稱霸	10	405350	76.415843
8005	精細	10	405360	76.417728
8006	精進	10	405370	76.419613
8007	維他命	10	405380	76.421498
8008	維生	10	405390	76.423383
8009	維吾爾族	10	405400	76.425268
8010	臺灣海峽	10	405410	76.427153
8011	裴洛	10	405420	76.429038
8012	語體	10	405430	76.430923
8013	趙紫陽	10	405440	76.432808
8014	輔導金	10	405450	76.434693
8015	輕盈	10	405460	76.436578
8016	遠古	10	405470	76.438463
8017	遜色	10	405480	76.440348
8018	領隊	10	405490	76.442233
8019	餅乾	10	405500	76.444118
8020	劉氏	10	405510	76.446003
8021	劉維琪	10	405520	76.447888
8022	劉銘傳	10	405530	76.449773
8023	廣告業	10	405540	76.451658
8024	廣告學	10	405550	76.453543
8025	影人	10	405560	76.455428
8026	影印	10	405570	76.457313
8027	影集	10	405580	76.459198
8028	慶賀	10	405590	76.461083
8029	數位	10	405600	76.462968
8030	暴利	10	405610	76.464853
8031	標籤	10	405620	76.466738
8032	歐陽文忠公	10	405630	76.468623
8033	潛心	10	405640	76.470508
8034	潛意識	10	405650	76.472393
8035	潮溼	10	405660	76.474278
8036	熱能	10	405670	76.476163
8037	皺紋	10	405680	76.478048
8038	盤整	10	405690	76.479933
8039	稿件	10	405700	76.481818
8040	稻田	10	405710	76.483703
8041	締造	10	405720	76.485588
8042	蓮霧	10	405730	76.487473
8043	蔣中正	10	405740	76.489358
8044	蔡牽	10	405750	76.491243
8045	衛冕	10	405760	76.493128
8046	談談	10	405770	76.495013
8047	課長	10	405780	76.496898
8048	質地	10	405790	76.498783
8049	質感	10	405800	76.500668
8050	遷徙	10	405810	76.502553
8051	鋪陳	10	405820	76.504438
8052	養分	10	405830	76.506323
8053	駕駛者	10	405840	76.508208
8054	齒輪	10	405850	76.510093
8055	器皿	10	405860	76.511978
8056	學人	10	405870	76.513863
8057	學區	10	405880	76.515748
8058	導入	10	405890	76.517633
8059	憲兵	10	405900	76.519518
8060	擔負	10	405910	76.521403
8061	整合行銷傳播	10	405920	76.523288
8062	樸素	10	405930	76.525173
8063	燒烤	10	405940	76.527058
8064	燈籠	10	405950	76.528943
8065	蕭萬長	10	405960	76.530828
8066	褲子	10	405970	76.532713
8067	選股	10	405980	76.534598
8068	遺囑	10	405990	76.536483
8069	錢復	10	406000	76.538368
8070	隨手	10	406010	76.540253
8071	靜坐	10	406020	76.542138
8072	靜脈	10	406030	76.544023
8073	頭皮	10	406040	76.545908
8074	頭頂	10	406050	76.547793
8075	駱駝	10	406060	76.549678
8076	龍舟	10	406070	76.551563
8077	優越	10	406080	76.553448
8078	壓低	10	406090	76.555333
8079	戲曲	10	406100	76.557218
8080	戴安娜	10	406110	76.559103
8081	擠滿	10	406120	76.560988
8082	檢方	10	406130	76.562873
8083	檢定	10	406140	76.564758
8084	獲取	10	406150	76.566643
8085	禪師	10	406160	76.568528
8086	總有	10	406170	76.570413
8087	繁盛	10	406180	76.572298
8088	聯合報	10	406190	76.574183
8089	膽管	10	406200	76.576068
8090	臉色	10	406210	76.577953
8091	艱苦	10	406220	76.579838
8092	蟋蟀	10	406230	76.581723
8093	講述	10	406240	76.583608
8094	賺取	10	406250	76.585493
8095	購物中心	10	406260	76.587378
8096	購置	10	406270	76.589263
8097	還好	10	406280	76.591148
8098	還原	10	406290	76.593033
8099	邁入	10	406300	76.594918
8100	點綴	10	406310	76.596803
8101	歸功	10	406320	76.598688
8102	禮服	10	406330	76.600573
8103	翻修	10	406340	76.602458
8104	翻滾	10	406350	76.604343
8105	臍帶	10	406360	76.606228
8106	轉投資	10	406370	76.608113
8107	轉捩點	10	406380	76.609998
8108	離家	10	406390	76.611883
8109	題庫	10	406400	76.613768
8110	壞人	10	406410	76.615653
8111	攀爬	10	406420	76.617538
8112	瓊瑤	10	406430	76.619423
8113	繪製	10	406440	76.621308
8114	羅丹	10	406450	76.623193
8115	繳清	10	406460	76.625078
8116	藥丸	10	406470	76.626963
8117	識別	10	406480	76.628848
8118	證件	10	406490	76.630733
8119	關係企業	10	406500	76.632618
8120	類別	10	406510	76.634503
8121	嚴重性	10	406520	76.636388
8122	礦工	10	406530	76.638273
8123	辯護	10	406540	76.640158
8124	霸權	10	406550	76.642043
8125	歡度	10	406560	76.643928
8126	顫動	10	406570	76.645813
8127	變色	10	406580	76.647698
8128	靈敏	10	406590	76.649583
8129	觀音	10	406600	76.651468
8130	觀摩會	10	406610	76.653353
8131	讚揚	10	406620	76.655238
8132	紓解	10	406630	76.657123
8133	凃德錡	9	406639	76.658820
8134	一手	9	406648	76.660517
8135	一位	9	406657	76.662214
8136	一律	9	406666	76.663911
8137	一齊	9	406675	76.665608
8138	九族	9	406684	76.667305
8139	二專	9	406693	76.669002
8140	下巴	9	406702	76.670699
8141	下手	9	406711	76.672396
8142	下肢	9	406720	76.674093
8143	下落	9	406729	76.675790
8144	上來	9	406738	76.677487
8145	久遠	9	406747	76.679184
8146	千古	9	406756	76.680881
8147	口音	9	406765	76.682578
8148	土地公	9	406774	76.684275
8149	土地增值稅	9	406783	76.685972
8150	大阪灣	9	406792	76.687669
8151	大雨	9	406801	76.689366
8152	大笑	9	406810	76.691063
8153	大國	9	406819	76.692760
8154	大專院校	9	406828	76.694457
8155	大都會	9	406837	76.696154
8156	大提琴	9	406846	76.697851
8157	大勢	9	406855	76.699548
8158	大業	9	406864	76.701245
8159	大肆	9	406873	76.702942
8160	大腿	9	406882	76.704639
8161	大銀幕	9	406891	76.706336
8162	大螯	9	406900	76.708033
8163	小市民	9	406909	76.709730
8164	小屋	9	406918	76.711427
8165	小鬼當家	9	406927	76.713124
8166	小眾	9	406936	76.714821
8167	小豬	9	406945	76.716518
8168	山丘	9	406954	76.718215
8169	工時	9	406963	76.719912
8170	干擾素	9	406972	76.721609
8171	不朽	9	406981	76.723306
8172	不致於	9	406990	76.725003
8173	不得已	9	406999	76.726700
8174	不啻	9	407008	76.728397
8175	不謀而合	9	407017	76.730094
8176	中小型	9	407026	76.731791
8177	中世紀	9	407035	76.733488
8178	中央政府	9	407044	76.735185
8179	中美	9	407053	76.736882
8180	中視	9	407062	76.738579
8181	中選會	9	407071	76.740276
8182	中韓	9	407080	76.741973
8183	中藥	9	407089	76.743670
8184	互助	9	407098	76.745367
8185	互補	9	407107	76.747064
8186	仍能	9	407116	76.748761
8187	元凶	9	407125	76.750458
8188	內湖	9	407134	76.752155
8189	公子	9	407143	76.753852
8190	公共場所	9	407152	76.755549
8191	公務	9	407161	76.757246
8192	公會	9	407170	76.758943
8193	公館	9	407179	76.760640
8194	公釐	9	407188	76.762337
8195	分歧	9	407197	76.764034
8196	分量	9	407206	76.765731
8197	分解	9	407215	76.767428
8198	切身	9	407224	76.769125
8199	午飯	9	407233	76.770822
8200	升空	9	407242	76.772519
8201	友情	9	407251	76.774216
8202	友善	9	407260	76.775913
8203	反共	9	407269	76.777610
8204	天窗	9	407278	76.779307
8205	天燈	9	407287	76.781004
8206	太空人	9	407296	76.782701
8207	少年吔，安啦！	9	407305	76.784398
8208	尺碼	9	407314	76.786095
8209	巴哈	9	407323	76.787792
8210	巴基斯坦	9	407332	76.789489
8211	引來	9	407341	76.791186
8212	引誘	9	407350	76.792883
8213	心底	9	407359	76.794580
8214	手忙腳亂	9	407368	76.796277
8215	手帕	9	407377	76.797974
8216	手球賽	9	407386	76.799671
8217	支柱	9	407395	76.801368
8218	文化大學	9	407404	76.803065
8219	文官	9	407413	76.804762
8220	方麗珊	9	407422	76.806459
8221	日立製作所	9	407431	76.808156
8222	日夜	9	407440	76.809853
8223	木星	9	407449	76.811550
8224	木偶	9	407458	76.813247
8225	毛筆	9	407467	76.814944
8226	毛髮	9	407476	76.816641
8227	水位	9	407485	76.818338
8228	水鳥	9	407494	76.820035
8229	火力	9	407503	76.821732
8230	火花	9	407512	76.823429
8231	火葬	9	407521	76.825126
8232	王思婷	9	407530	76.826823
8233	王晶	9	407539	76.828520
8234	世俗	9	407548	76.830217
8235	世界性	9	407557	76.831914
8236	主線	9	407566	76.833611
8237	主權	9	407575	76.835308
8238	代表團	9	407584	76.837005
8239	充當	9	407593	76.838702
8240	兄弟姊妹	9	407602	76.840399
8241	兄妹	9	407611	76.842096
8242	出招	9	407620	76.843793
8243	出獄	9	407629	76.845490
8244	加起來	9	407638	76.847187
8245	功臣	9	407647	76.848884
8246	可惡	9	407656	76.850581
8247	可悲	9	407665	76.852278
8248	古今中外	9	407674	76.853975
8249	囚犯	9	407683	76.855672
8250	外公	9	407692	76.857369
8251	失火	9	407701	76.859066
8252	失眠	9	407710	76.860763
8253	失誤	9	407719	76.862460
8254	失戀	9	407728	76.864157
8255	孕婦	9	407737	76.865854
8256	巨額	9	407746	76.867551
8257	巧合	9	407755	76.869248
8258	左手	9	407764	76.870945
8259	市面	9	407773	76.872642
8260	布朗	9	407782	76.874339
8261	平常心	9	407791	76.876036
8262	打火機	9	407800	76.877733
8263	打拚	9	407809	76.879430
8264	打架	9	407818	76.881127
8265	打倒	9	407827	76.882824
8266	打壓	9	407836	76.884521
8267	打點	9	407845	76.886218
8268	打斷	9	407854	76.887915
8269	本行	9	407863	76.889612
8270	本業	9	407872	76.891309
8271	本錢	9	407881	76.893006
8272	正殿	9	407890	76.894703
8273	母愛	9	407899	76.896400
8274	玄宗	9	407908	76.898097
8275	玄機	9	407917	76.899794
8276	玉里	9	407926	76.901491
8277	生平	9	407935	76.903188
8278	生起	9	407944	76.904885
8279	生理時鐘	9	407953	76.906582
8280	用心良苦	9	407962	76.908279
8281	申訴	9	407971	76.909976
8282	白色恐怖	9	407980	76.911673
8283	目視	9	407989	76.913370
8284	石刻	9	407998	76.915067
8285	立案	9	408007	76.916764
8286	交織	9	408016	76.918461
8287	亦有	9	408025	76.920158
8288	企鵝	9	408034	76.921855
8289	光亮	9	408043	76.923552
8290	光澤	9	408052	76.925249
8291	光譜	9	408061	76.926946
8292	全場	9	408070	76.928643
8293	共和黨	9	408079	76.930340
8294	共計	9	408088	76.932037
8295	共襄盛舉	9	408097	76.933734
8296	再現	9	408106	76.935431
8297	冰淇淋	9	408115	76.937128
8298	列印	9	408124	76.938825
8299	列強	9	408133	76.940522
8300	印花	9	408142	76.942219
8301	印第安	9	408151	76.943916
8302	吉祥	9	408160	76.945613
8303	同房	9	408169	76.947310
8304	同級車	9	408178	76.949007
8305	各式	9	408187	76.950704
8306	各行各業	9	408196	76.952401
8307	名次	9	408205	76.954098
8308	吃喝	9	408214	76.955795
8309	吃藥	9	408223	76.957492
8310	回溯	9	408232	76.959189
8311	地質	9	408241	76.960886
8312	在在	9	408250	76.962583
8313	在此	9	408259	76.964280
8314	在位	9	408268	76.965977
8315	在臺	9	408277	76.967674
8316	多情	9	408286	76.969371
8317	好奇心	9	408295	76.971068
8318	守城	9	408304	76.972765
8319	安然	9	408313	76.974462
8320	寺廟	9	408322	76.976159
8321	年均溫	9	408331	76.977856
8322	年前	9	408340	76.979553
8323	式微	9	408349	76.981250
8324	成功率	9	408358	76.982947
8325	成形	9	408367	76.984644
8326	成品	9	408376	76.986341
8327	早日	9	408385	76.988038
8328	早安	9	408394	76.989735
8329	有心人	9	408403	76.991432
8330	有權	9	408412	76.993129
8331	此情可問天	9	408421	76.994826
8332	死神	9	408430	76.996523
8333	汙水	9	408439	76.998220
8334	老年	9	408448	76.999917
8335	老年人	9	408457	77.001614
8336	老式	9	408466	77.003311
8337	老是	9	408475	77.005008
8338	老街	9	408484	77.006705
8339	耳聾	9	408493	77.008402
8340	肉眼	9	408502	77.010099
8341	肋骨	9	408511	77.011796
8342	自主性	9	408520	77.013493
8343	自由派	9	408529	77.015190
8344	色素	9	408538	77.016887
8345	行庫	9	408547	77.018584
8346	行蹤	9	408556	77.020281
8347	西德	9	408565	77.021978
8348	伴侶	9	408574	77.023675
8349	佛陀	9	408583	77.025372
8350	何去何從	9	408592	77.027069
8351	作曲家	9	408601	77.028766
8352	作客	9	408610	77.030463
8353	判定	9	408619	77.032160
8354	利基	9	408628	77.033857
8355	助人	9	408637	77.035554
8356	助理	9	408646	77.037251
8357	卵子	9	408655	77.038948
8358	吞噬	9	408664	77.040645
8359	壯麗	9	408673	77.042342
8360	妙招	9	408682	77.044039
8361	妓女	9	408691	77.045736
8362	尾門	9	408700	77.047433
8363	快活	9	408709	77.049130
8364	快點	9	408718	77.050827
8365	抄家	9	408727	77.052524
8366	抄襲	9	408736	77.054221
8367	抗日	9	408745	77.055918
8368	抗衡	9	408754	77.057615
8369	扶持	9	408763	77.059312
8370	找回	9	408772	77.061009
8371	改正	9	408781	77.062706
8372	更動	9	408790	77.064403
8373	李文雄	9	408799	77.066100
8374	村民	9	408808	77.067797
8375	村長	9	408817	77.069494
8376	沉迷	9	408826	77.071191
8377	沉靜	9	408835	77.072888
8378	沐浴	9	408844	77.074585
8379	汽車業	9	408853	77.076282
8380	私校	9	408862	77.077979
8381	赤道	9	408871	77.079676
8382	赤裸裸	9	408880	77.081373
8383	走失	9	408889	77.083070
8384	走私船	9	408898	77.084767
8385	身手	9	408907	77.086464
8386	車重	9	408916	77.088161
8387	辛勞	9	408925	77.089858
8388	巡邏	9	408934	77.091555
8389	防火	9	408943	77.093252
8390	防傾桿	9	408952	77.094949
8391	防震	9	408961	77.096646
8392	並列	9	408970	77.098343
8393	亞述	9	408979	77.100040
8394	供應商	9	408988	77.101737
8395	來函	9	408997	77.103434
8396	來信	9	409006	77.105131
8397	刻板	9	409015	77.106828
8398	券商	9	409024	77.108525
8399	刺細胞	9	409033	77.110222
8400	刮目相看	9	409042	77.111919
8401	制度化	9	409051	77.113616
8402	取名	9	409060	77.115313
8403	受力	9	409069	77.117010
8404	呵護	9	409078	77.118707
8405	呼喚	9	409087	77.120404
8406	周介仁	9	409096	77.122101
8407	周邊	9	409105	77.123798
8408	命理學	9	409114	77.125495
8409	固有	9	409123	77.127192
8410	垃圾桶	9	409132	77.128889
8411	坦白	9	409141	77.130586
8412	奔跑	9	409150	77.132283
8413	委屈	9	409159	77.133980
8414	孟波	9	409168	77.135677
8415	尚可	9	409177	77.137374
8416	屈服	9	409186	77.139071
8417	岩壁	9	409195	77.140768
8418	忠誠	9	409204	77.142465
8419	性知識	9	409213	77.144162
8420	性情	9	409222	77.145859
8421	房市	9	409231	77.147556
8422	房門	9	409240	77.149253
8423	拉風	9	409249	77.150950
8424	拉開	9	409258	77.152647
8425	招手	9	409267	77.154344
8426	拔河	9	409276	77.156041
8427	放手	9	409285	77.157738
8428	放任	9	409294	77.159435
8429	放風箏	9	409303	77.161132
8430	明月	9	409312	77.162829
8431	明珠	9	409321	77.164526
8432	昇高	9	409330	77.166223
8433	服務中心	9	409339	77.167920
8434	朋馳車廠	9	409348	77.169617
8435	東南	9	409357	77.171314
8436	東漢	9	409366	77.173011
8437	果園	9	409375	77.174708
8438	林口	9	409384	77.176405
8439	武俠片	9	409393	77.178102
8440	泌尿	9	409402	77.179799
8441	泥巴	9	409411	77.181496
8442	河口	9	409420	77.183193
8443	河道	9	409429	77.184890
8444	法人機構	9	409438	77.186587
8445	法蘭克福	9	409447	77.188284
8446	泡湯	9	409456	77.189981
8447	爭奪戰	9	409465	77.191678
8448	玩弄	9	409474	77.193375
8449	玩耍	9	409483	77.195072
8450	直航	9	409492	77.196769
8451	社論	9	409501	77.198466
8452	空地	9	409510	77.200163
8453	股利	9	409519	77.201860
8454	芭蕾舞團	9	409528	77.203557
8455	花季	9	409537	77.205254
8456	初次	9	409546	77.206951
8457	表徵	9	409555	77.208648
8458	迎合	9	409564	77.210345
8459	金剛	9	409573	77.212042
8460	金髮	9	409582	77.213739
8461	長片	9	409591	77.215436
8462	長廊	9	409600	77.217133
8463	門戶	9	409609	77.218830
8464	門窗	9	409618	77.220527
8465	附帶	9	409627	77.222224
8466	雨季	9	409636	77.223921
8467	雨林	9	409645	77.225618
8468	信託公司	9	409654	77.227315
8469	信託銀行	9	409663	77.229012
8470	前身	9	409672	77.230709
8471	勇往直前	9	409681	77.232406
8472	勉勵	9	409690	77.234103
8473	哈哈大笑	9	409699	77.235800
8474	哈蘭	9	409708	77.237497
8475	城市獵人	9	409717	77.239194
8476	姚廣孝	9	409726	77.240891
8477	威龍闖天關	9	409735	77.242588
8478	客機	9	409744	77.244285
8479	封王	9	409753	77.245982
8480	帝國主義	9	409762	77.247679
8481	幽靈	9	409771	77.249376
8482	度假	9	409780	77.251073
8483	建成	9	409789	77.252770
8484	建廠	9	409798	77.254467
8485	後援會	9	409807	77.256164
8486	後頭	9	409816	77.257861
8487	急切	9	409825	77.259558
8488	急診	9	409834	77.261255
8489	怨恨	9	409843	77.262952
8490	拜拜	9	409852	77.264649
8491	指令	9	409861	77.266346
8492	政治犯	9	409870	77.268043
8493	政體	9	409879	77.269740
8494	故人	9	409888	77.271437
8495	施顏祥	9	409897	77.273134
8496	昭儀	9	409906	77.274831
8497	柔和	9	409915	77.276528
8498	流向	9	409924	77.278225
8499	流汗	9	409933	77.279922
8500	流星	9	409942	77.281619
8501	津貼	9	409951	77.283316
8502	洗碗	9	409960	77.285013
8503	派克	9	409969	77.286710
8504	洩漏	9	409978	77.288407
8505	為此	9	409987	77.290104
8506	皇太子	9	409996	77.291801
8507	省時	9	410005	77.293498
8508	相師	9	410014	77.295195
8509	相聚	9	410023	77.296892
8510	相應	9	410032	77.298589
8511	相識	9	410041	77.300286
8512	研究院	9	410050	77.301983
8513	研商	9	410059	77.303680
8514	研習會	9	410068	77.305377
8515	砍伐	9	410077	77.307074
8516	紅山	9	410086	77.308771
8517	紀律	9	410095	77.310468
8518	美女與野獸	9	410104	77.312165
8519	美德	9	410113	77.313862
8520	背負	9	410122	77.315559
8521	胎兒	9	410131	77.317256
8522	致富	9	410140	77.318953
8523	致癌	9	410149	77.320650
8524	苦練	9	410158	77.322347
8525	要領	9	410167	77.324044
8526	訂立	9	410176	77.325741
8527	訂婚	9	410185	77.327438
8528	負債	9	410194	77.329135
8529	重生	9	410203	77.330832
8530	重任	9	410212	77.332529
8531	陌生人	9	410221	77.334226
8532	降溫	9	410230	77.335923
8533	降臨	9	410239	77.337620
8534	音效	9	410248	77.339317
8535	風采	9	410257	77.341014
8536	風靡	9	410266	77.342711
8537	飛揚	9	410275	77.344408
8538	飛越	9	410284	77.346105
8539	食慾	9	410293	77.347802
8540	首日	9	410302	77.349499
8541	首戰	9	410311	77.351196
8542	香港人	9	410320	77.352893
8543	香港腳	9	410329	77.354590
8544	修養	9	410338	77.356287
8545	剝奪	9	410347	77.357984
8546	原舞者	9	410356	77.359681
8547	哭泣	9	410365	77.361378
8548	娘娘	9	410374	77.363075
8549	孫女	9	410383	77.364772
8550	家庭主婦	9	410392	77.366469
8551	家教	9	410401	77.368166
8552	家境	9	410410	77.369863
8553	差錯	9	410419	77.371560
8554	師長	9	410428	77.373257
8555	徒步	9	410437	77.374954
8556	拿起	9	410446	77.376651
8557	挫敗	9	410455	77.378348
8558	效用	9	410464	77.380045
8559	旅途	9	410473	77.381742
8560	時分	9	410482	77.383439
8561	晉升	9	410491	77.385136
8562	朗誦	9	410500	77.386833
8563	栽培	9	410509	77.388530
8564	氣象局	9	410518	77.390227
8565	氣憤	9	410527	77.391924
8566	消長	9	410536	77.393621
8567	消暑	9	410545	77.395318
8568	海水浴場	9	410554	77.397015
8569	海風	9	410563	77.398712
8570	浮冰	9	410572	77.400409
8571	烤肉	9	410581	77.402106
8572	烈血大風暴	9	410590	77.403803
8573	烏鴉	9	410599	77.405500
8574	特價	9	410608	77.407197
8575	班上	9	410617	77.408894
8576	琉球	9	410626	77.410591
8577	琉璃	9	410635	77.412288
8578	破敗	9	410644	77.413985
8579	破滅	9	410653	77.415682
8580	破舊	9	410662	77.417379
8581	神仙	9	410671	77.419076
8582	神氣	9	410680	77.420773
8583	神童	9	410689	77.422470
8584	租車	9	410698	77.424167
8585	站穩	9	410707	77.425864
8586	納稅人	9	410716	77.427561
8587	紙張	9	410725	77.429258
8588	胸骨	9	410734	77.430955
8589	胸腔	9	410743	77.432652
8590	航空公司	9	410752	77.434349
8591	茫然	9	410761	77.436046
8592	記憶力	9	410770	77.437743
8593	起色	9	410779	77.439440
8594	起舞	9	410788	77.441137
8595	送往	9	410797	77.442834
8596	逆差	9	410806	77.444531
8597	迷失	9	410815	77.446228
8598	迷你車	9	410824	77.447925
8599	迷宮	9	410833	77.449622
8600	退潮	9	410842	77.451319
8601	退學	9	410851	77.453016
8602	退縮	9	410860	77.454713
8603	迴響	9	410869	77.456410
8604	追趕	9	410878	77.458107
8605	閃爍	9	410887	77.459804
8606	陡峭	9	410896	77.461501
8607	馬達加斯加島	9	410905	77.463198
8608	高峰會議	9	410914	77.464895
8609	高處	9	410923	77.466592
8610	高等	9	410932	77.468289
8611	高等法院	9	410941	77.469986
8612	高貴	9	410950	77.471683
8613	偽裝	9	410959	77.473380
8614	停頓	9	410968	77.475077
8615	假裝	9	410977	77.476774
8616	側面	9	410986	77.478471
8617	剪輯	9	410995	77.480168
8618	副主席	9	411004	77.481865
8619	動動腦	9	411013	77.483562
8620	商圈	9	411022	77.485259
8621	問候	9	411031	77.486956
8622	問路	9	411040	77.488653
8623	國民教育	9	411049	77.490350
8624	國泰人壽	9	411058	77.492047
8625	堅硬	9	411067	77.493744
8626	培養皿	9	411076	77.495441
8627	帶回	9	411085	77.497138
8628	張曼玉	9	411094	77.498835
8629	強暴	9	411103	77.500532
8630	從頭到尾	9	411112	77.502229
8631	情調	9	411121	77.503926
8632	惜福	9	411130	77.505623
8633	接班人	9	411139	77.507320
8634	接送	9	411148	77.509017
8635	接獲	9	411157	77.510714
8636	捧場	9	411166	77.512411
8637	掉落	9	411175	77.514108
8638	掛號	9	411184	77.515805
8639	推陳出新	9	411193	77.517502
8640	推開	9	411202	77.519199
8641	推敲	9	411211	77.520896
8642	推算	9	411220	77.522593
8643	排灣族	9	411229	77.524290
8644	救人	9	411238	77.525987
8645	救助	9	411247	77.527684
8646	救命	9	411256	77.529381
8647	教員	9	411265	77.531078
8648	啟程	9	411274	77.532775
8649	晨曦會	9	411283	77.534472
8650	混淆	9	411292	77.536169
8651	混雜	9	411301	77.537866
8652	淘氣	9	411310	77.539563
8653	深造	9	411319	77.541260
8654	深層	9	411328	77.542957
8655	焊接	9	411337	77.544654
8656	猛烈	9	411346	77.546351
8657	理所當然	9	411355	77.548048
8658	甜美	9	411364	77.549745
8659	產能	9	411373	77.551442
8660	盛產	9	411382	77.553139
8661	盛會	9	411391	77.554836
8662	眾生相	9	411400	77.556533
8663	眾所周知	9	411409	77.558230
8664	眼界	9	411418	77.559927
8665	眼瞼	9	411427	77.561624
8666	票券	9	411436	77.563321
8667	第二春	9	411445	77.565018
8668	細長	9	411454	77.566715
8669	終結者	9	411463	77.568412
8670	莫大	9	411472	77.570109
8671	荷花	9	411481	77.571806
8672	袋子	9	411490	77.573503
8673	規避	9	411499	77.575200
8674	設想	9	411508	77.576897
8675	貧童	9	411517	77.578594
8676	軟式	9	411526	77.580291
8677	通行	9	411535	77.581988
8678	連連	9	411544	77.583685
8679	連揆	9	411553	77.585382
8680	連環	9	411562	77.587079
8681	連繫	9	411571	77.588776
8682	逐一	9	411580	77.590473
8683	造訪	9	411589	77.592170
8684	造價	9	411598	77.593867
8685	部署	9	411607	77.595564
8686	都委會	9	411616	77.597261
8687	都會區	9	411625	77.598958
8688	酗酒	9	411634	77.600655
8689	野鳥	9	411643	77.602352
8690	野獸	9	411652	77.604049
8691	頂端	9	411661	77.605746
8692	麻痺	9	411670	77.607443
8693	創建	9	411679	77.609140
8694	勞委會	9	411688	77.610837
8695	勞基法	9	411697	77.612534
8696	喜事	9	411706	77.614231
8697	喇嘛	9	411715	77.615928
8698	圍觀	9	411724	77.617625
8699	報刊	9	411733	77.619322
8700	報酬率	9	411742	77.621019
8701	寒冬	9	411751	77.622716
8702	富人	9	411760	77.624413
8703	復興	9	411769	77.626110
8704	惡作劇	9	411778	77.627807
8705	摒除	9	411787	77.629504
8706	揚名	9	411796	77.631201
8707	智商	9	411805	77.632898
8708	棕色	9	411814	77.634595
8709	欺負	9	411823	77.636292
8710	殘骸	9	411832	77.637989
8711	渲染	9	411841	77.639686
8712	湖北	9	411850	77.641383
8713	滋潤	9	411859	77.643080
8714	湄洲	9	411868	77.644777
8715	無與倫比	9	411877	77.646474
8716	番茄	9	411886	77.648171
8717	發抖	9	411895	77.649868
8718	發言人	9	411904	77.651565
8719	發洩	9	411913	77.653262
8720	發音	9	411922	77.654959
8721	硬性	9	411931	77.656656
8722	稅務	9	411940	77.658353
8723	童心	9	411949	77.660050
8724	華府	9	411958	77.661747
8725	華國鋒	9	411967	77.663444
8726	華裔	9	411976	77.665141
8727	華僑	9	411985	77.666838
8728	著迷	9	411994	77.668535
8729	著落	9	412003	77.670232
8730	菜價	9	412012	77.671929
8731	街角	9	412021	77.673626
8732	評量	9	412030	77.675323
8733	評審團	9	412039	77.677020
8734	賀卡	9	412048	77.678717
8735	越野賽	9	412057	77.680414
8736	超商	9	412066	77.682111
8737	辜振甫	9	412075	77.683808
8738	開往	9	412084	77.685505
8739	開班	9	412093	77.687202
8740	開業	9	412102	77.688899
8741	開端	9	412111	77.690596
8742	開徵	9	412120	77.692293
8743	開闊	9	412129	77.693990
8744	間斷	9	412138	77.695687
8745	集結	9	412147	77.697384
8746	集集支線	9	412156	77.699081
8747	集錦	9	412165	77.700778
8748	雲林縣	9	412174	77.702475
8749	順手	9	412183	77.704172
8750	須知	9	412192	77.705869
8751	黃石公園	9	412201	77.707566
8752	傲人	9	412210	77.709263
8753	傳動	9	412219	77.710960
8754	催促	9	412228	77.712657
8755	傷痕	9	412237	77.714354
8756	勤快	9	412246	77.716051
8757	嗅覺	9	412255	77.717748
8758	圓山	9	412264	77.719445
8759	填補	9	412273	77.721142
8760	奧黛麗赫本	9	412282	77.722839
8761	意在言外	9	412291	77.724536
8762	想出	9	412300	77.726233
8763	想辦法	9	412309	77.727930
8764	搜集	9	412318	77.729627
8765	搶眼	9	412327	77.731324
8766	搶奪	9	412336	77.733021
8767	新人類	9	412345	77.734718
8768	新市鎮	9	412354	77.736415
8769	新國民黨連線	9	412363	77.738112
8770	新寵	9	412372	77.739809
8771	會合	9	412381	77.741506
8772	會面	9	412390	77.743203
8773	會議室	9	412399	77.744900
8774	極地	9	412408	77.746597
8775	源流	9	412417	77.748294
8776	源源不斷	9	412426	77.749991
8777	照常	9	412435	77.751688
8778	當做	9	412444	77.753385
8779	督促	9	412453	77.755082
8780	萬能	9	412462	77.756779
8781	萬華	9	412471	77.758476
8782	經理人	9	412480	77.760173
8783	經部	9	412489	77.761870
8784	經濟效益	9	412498	77.763567
8785	群星	9	412507	77.765264
8786	腰部	9	412516	77.766961
8787	腳本	9	412525	77.768658
8788	腫瘤	9	412534	77.770355
8789	艇摋	9	412543	77.772052
8790	落榜	9	412552	77.773749
8791	落選	9	412561	77.775446
8792	補給	9	412570	77.777143
8793	裝修	9	412579	77.778840
8794	解剖	9	412588	77.780537
8795	試試	9	412597	77.782234
8796	誠如	9	412606	77.783931
8797	誠信	9	412615	77.785628
8798	誠然	9	412624	77.787325
8799	詭異	9	412633	77.789022
8800	賄賂	9	412642	77.790719
8801	跨入	9	412651	77.792416
8802	路試	9	412660	77.794113
8803	跳繩	9	412669	77.795810
8804	道謝	9	412678	77.797507
8805	隔絕	9	412687	77.799204
8806	電子控制	9	412696	77.800901
8807	電扇	9	412705	77.802598
8808	電氣	9	412714	77.804295
8809	電視節目	9	412723	77.805992
8810	電話號碼	9	412732	77.807689
8811	電磁爐	9	412741	77.809386
8812	零售	9	412750	77.811083
8813	預見	9	412759	77.812780
8814	頒發	9	412768	77.814477
8815	飽和	9	412777	77.816174
8816	匱乏	9	412786	77.817871
8817	厭惡	9	412795	77.819568
8818	嘉縣	9	412804	77.821265
8819	圖表	9	412813	77.822962
8820	圖畫	9	412822	77.824659
8821	夢境	9	412831	77.826356
8822	奪冠	9	412840	77.828053
8823	對決	9	412849	77.829750
8824	幣值	9	412858	77.831447
8825	弊病	9	412867	77.833144
8826	彰化縣	9	412876	77.834841
8827	敲定	9	412885	77.836538
8828	暢談	9	412894	77.838235
8829	演進	9	412903	77.839932
8830	漢城	9	412912	77.841629
8831	漫畫家	9	412921	77.843326
8832	瑰寶	9	412930	77.845023
8833	盡興	9	412939	77.846720
8834	監委	9	412948	77.848417
8835	監視器	9	412957	77.850114
8836	監察	9	412966	77.851811
8837	福祉	9	412975	77.853508
8838	稱職	9	412984	77.855205
8839	精明	9	412993	77.856902
8840	綿延	9	413002	77.858599
8841	聚合	9	413011	77.860296
8842	聚落	9	413020	77.861993
8843	腐蝕	9	413029	77.863690
8844	腿部	9	413038	77.865387
8845	臺胞	9	413047	77.867084
8846	臺區	9	413056	77.868781
8847	與日俱增	9	413065	77.870478
8848	舞弊	9	413074	77.872175
8849	蓋子	9	413083	77.873872
8850	裸體	9	413092	77.875569
8851	認可	9	413101	77.877266
8852	誤導	9	413110	77.878963
8853	說唱	9	413119	77.880660
8854	說教	9	413128	77.882357
8855	輕巧	9	413137	77.884054
8856	輕生	9	413146	77.885751
8857	輕型	9	413155	77.887448
8858	遠眺	9	413164	77.889145
8859	遙不可及	9	413173	77.890842
8860	需求量	9	413182	77.892539
8861	領悟	9	413191	77.894236
8862	鳳梨	9	413200	77.895933
8863	墜落	9	413209	77.897630
8864	履行	9	413218	77.899327
8865	廠方	9	413227	77.901024
8866	彈跳	9	413236	77.902721
8867	憂鬱	9	413245	77.904418
8868	撰文	9	413254	77.906115
8869	撮合	9	413263	77.907812
8870	敵對	9	413272	77.909509
8871	暫緩	9	413281	77.911206
8872	暴動	9	413290	77.912903
8873	樟樹	9	413299	77.914600
8874	樁腳	9	413308	77.916297
8875	標的	9	413317	77.917994
8876	標準化	9	413326	77.919691
8877	歐陽修	9	413335	77.921388
8878	毅力	9	413344	77.923085
8879	熟識	9	413353	77.924782
8880	璀璨	9	413362	77.926479
8881	盤旋	9	413371	77.928176
8882	範例	9	413380	77.929873
8883	編制	9	413389	77.931570
8884	蔣達昌	9	413398	77.933267
8885	蝌蚪	9	413407	77.934964
8886	調控	9	413416	77.936661
8887	賠償	9	413425	77.938358
8888	賣場	9	413434	77.940055
8889	賣壓	9	413443	77.941752
8890	質樸	9	413452	77.943449
8891	鋁合金輪圈	9	413461	77.945146
8892	銳減	9	413470	77.946843
8893	養生	9	413479	77.948540
8894	劑量	9	413488	77.950237
8895	奮力	9	413497	77.951934
8896	學分	9	413506	77.953631
8897	戰術	9	413515	77.955328
8898	操控性	9	413524	77.957025
8899	操駕	9	413533	77.958722
8900	擔當	9	413542	77.960419
8901	橫向	9	413551	77.962116
8902	橫跨	9	413560	77.963813
8903	橢圓形	9	413569	77.965510
8904	橋墩	9	413578	77.967207
8905	機種	9	413587	77.968904
8906	機體	9	413596	77.970601
8907	歷來	9	413605	77.972298
8908	歷練	9	413614	77.973995
8909	獨力	9	413623	77.975692
8910	縣民	9	413632	77.977389
8911	興致	9	413641	77.979086
8912	褪色	9	413650	77.980783
8913	親朋好友	9	413659	77.982480
8914	輸卵管	9	413668	77.984177
8915	辦公大樓	9	413677	77.985874
8916	選風	9	413686	77.987571
8917	遺體	9	413695	77.989268
8918	錯亂	9	413704	77.990965
8919	錄音機	9	413713	77.992662
8920	靜物	9	413722	77.994359
8921	頭蓋骨	9	413731	77.996056
8922	鴨子	9	413740	77.997753
8923	優選	9	413749	77.999450
8924	壓軸	9	413758	78.001147
8925	擊中	9	413767	78.002844
8926	曙光	9	413776	78.004541
8927	環署	9	413785	78.006238
8928	縮水	9	413794	78.007935
8929	績優股	9	413803	78.009632
8930	總和	9	413812	78.011329
8931	總計	9	413821	78.013026
8932	總幹事	9	413830	78.014723
8933	縱容	9	413839	78.016420
8934	繁多	9	413848	78.018117
8935	聲稱	9	413857	78.019814
8936	舉手	9	413866	78.021511
8937	舉動	9	413875	78.023208
8938	薄弱	9	413884	78.024905
8939	謙虛	9	413893	78.026602
8940	賽車場	9	413902	78.028299
8941	還能	9	413911	78.029996
8942	醜陋	9	413920	78.031693
8943	鍾愛	9	413929	78.033390
8944	鮮血	9	413938	78.035087
8945	黏土板	9	413947	78.036784
8946	點燈	9	413956	78.038481
8947	叢書	9	413965	78.040178
8948	嚮導	9	413974	78.041875
8949	斷言	9	413983	78.043572
8950	歸政	9	413992	78.045269
8951	歸屬	9	414001	78.046966
8952	獵戶座	9	414010	78.048663
8953	簡章	9	414019	78.050360
8954	翻開	9	414028	78.052057
8955	翻新	9	414037	78.053754
8956	職業婦女	9	414046	78.055451
8957	蹤跡	9	414055	78.057148
8958	轉彎	9	414064	78.058845
8959	醬油	9	414073	78.060542
8960	離心力	9	414082	78.062239
8961	雜亂	9	414091	78.063936
8962	雙十	9	414100	78.065633
8963	雙管齊下	9	414109	78.067330
8964	禱告	9	414118	78.069027
8965	簽訂	9	414127	78.070724
8966	贈品	9	414136	78.072421
8967	關西	9	414145	78.074118
8968	關門	9	414154	78.075815
8969	寶島	9	414163	78.077512
8970	礦物	9	414172	78.079209
8971	競逐	9	414181	78.080906
8972	觸動	9	414190	78.082603
8973	警報	9	414199	78.084300
8974	闡釋	9	414208	78.085997
8975	黨員	9	414217	78.087694
8976	黨團	9	414226	78.089391
8977	鐵軌	9	414235	78.091088
8978	霸主	9	414244	78.092785
8979	露珠	9	414253	78.094482
8980	饗宴	9	414262	78.096179
8981	攤販	9	414271	78.097876
8982	驚異	9	414280	78.099573
8983	驚醒	9	414289	78.101270
8984	鑽石	9	414298	78.102967
8985	噁心	9	414307	78.104664
8986	糗事	9	414316	78.106361
8987	一大早	8	414324	78.107869
8988	一句話	8	414332	78.109377
8989	一年	8	414340	78.110885
8990	一批	8	414348	78.112393
8991	一無所知	8	414356	78.113901
8992	一項	8	414364	78.115409
8993	一點點	8	414372	78.116917
8994	二十二碳六烯酸	8	414380	78.118425
8995	人行道	8	414388	78.119933
8996	人間世	8	414396	78.121441
8997	人影	8	414404	78.122949
8998	入主	8	414412	78.124457
8999	入院	8	414420	78.125965
9000	入會	8	414428	78.127473
9001	八成	8	414436	78.128981
9002	十月	8	414444	78.130489
9003	三重	8	414452	78.131997
9004	三溫暖	8	414460	78.133505
9005	三疊紀	8	414468	78.135013
9006	下水	8	414476	78.136521
9007	下鄉	8	414484	78.138029
9008	下廚	8	414492	78.139537
9009	上車	8	414500	78.141045
9010	上限	8	414508	78.142553
9011	上級	8	414516	78.144061
9012	上當	8	414524	78.145569
9013	士大夫	8	414532	78.147077
9014	大手筆	8	414540	78.148585
9015	大軍	8	414548	78.150093
9016	大異其趣	8	414556	78.151601
9017	大街	8	414564	78.153109
9018	大街小巷	8	414572	78.154617
9019	大漲	8	414580	78.156125
9020	大盤	8	414588	78.157633
9021	女童	8	414596	78.159141
9022	子宮外孕	8	414604	78.160649
9023	子彈	8	414612	78.162157
9024	小人物	8	414620	78.163665
9025	小巧	8	414628	78.165173
9026	小便	8	414636	78.166681
9027	小津安二郎	8	414644	78.168189
9028	小溪	8	414652	78.169697
9029	小腸	8	414660	78.171205
9030	小夥子	8	414668	78.172713
9031	小貓咪	8	414676	78.174221
9032	山羊	8	414684	78.175729
9033	工友	8	414692	78.177237
9034	工會	8	414700	78.178745
9035	才情	8	414708	78.180253
9036	才華	8	414716	78.181761
9037	不外乎	8	414724	78.183269
9038	不由得	8	414732	78.184777
9039	不自覺	8	414740	78.186285
9040	中日	8	414748	78.187793
9041	中止	8	414756	78.189301
9042	中古	8	414764	78.190809
9043	中立	8	414772	78.192317
9044	中型車	8	414780	78.193825
9045	中科院	8	414788	78.195333
9046	中美洲	8	414796	78.196841
9047	中級	8	414804	78.198349
9048	中區	8	414812	78.199857
9049	中廣	8	414820	78.201365
9050	五月	8	414828	78.202873
9051	五穀	8	414836	78.204381
9052	內外	8	414844	78.205889
9053	內政	8	414852	78.207397
9054	公地放領	8	414860	78.208905
9055	公克	8	414868	78.210413
9056	公差	8	414876	78.211921
9057	公費	8	414884	78.213429
9058	公權力	8	414892	78.214937
9059	分公司	8	414900	78.216445
9060	分化	8	414908	78.217953
9061	分組	8	414916	78.219461
9062	切斷	8	414924	78.220969
9063	午睡	8	414932	78.222477
9064	反之	8	414940	78.223985
9065	反駁	8	414948	78.225493
9066	天候	8	414956	78.227001
9067	太極拳	8	414964	78.228509
9068	夭折	8	414972	78.230017
9069	引爆	8	414980	78.231525
9070	心肌梗塞	8	414988	78.233033
9071	心胸	8	414996	78.234541
9072	心智障礙	8	415004	78.236049
9073	手裡	8	415012	78.237557
9074	扎根	8	415020	78.239065
9075	支流	8	415028	78.240573
9076	方程式	8	415036	78.242081
9077	日月潭	8	415044	78.243589
9078	日光	8	415052	78.245097
9079	日程	8	415060	78.246605
9080	日曆	8	415068	78.248113
9081	木板	8	415076	78.249621
9082	欠佳	8	415084	78.251129
9083	水池	8	415092	78.252637
9084	火車頭	8	415100	78.254145
9085	牛仔	8	415108	78.255653
9086	牛蛙	8	415116	78.257161
9087	王妃	8	415124	78.258669
9088	王府	8	415132	78.260177
9089	王慧君	8	415140	78.261685
9090	世事	8	415148	78.263193
9091	世界紀錄	8	415156	78.264701
9092	主婦聯盟	8	415164	78.266209
9093	主播	8	415172	78.267717
9094	代步	8	415180	78.269225
9095	充電	8	415188	78.270733
9096	冬令	8	415196	78.272241
9097	冬夜	8	415204	78.273749
9098	出乎意料	8	415212	78.275257
9099	出巡	8	415220	78.276765
9100	出使	8	415228	78.278273
9101	出版社	8	415236	78.279781
9102	出貨	8	415244	78.281289
9103	出資	8	415252	78.282797
9104	出籠	8	415260	78.284305
9105	加油站	8	415268	78.285813
9106	匆忙	8	415276	78.287321
9107	北極	8	415284	78.288829
9108	北極星	8	415292	78.290337
9109	占地	8	415300	78.291845
9110	占星	8	415308	78.293353
9111	可樂	8	415316	78.294861
9112	可謂	8	415324	78.296369
9113	古都	8	415332	78.297877
9114	叫座	8	415340	78.299385
9115	只得	8	415348	78.300893
9116	史無前例	8	415356	78.302401
9117	四川	8	415364	78.303909
9118	四輪碟煞	8	415372	78.305417
9119	外行	8	415380	78.306925
9120	外圍	8	415388	78.308433
9121	外景	8	415396	78.309941
9122	外殼	8	415404	78.311449
9123	外幣	8	415412	78.312957
9124	失能險	8	415420	78.314465
9125	失調	8	415428	78.315973
9126	失衡	8	415436	78.317481
9127	失蹤兒	8	415444	78.318989
9128	尼諾	8	415452	78.320497
9129	尼羅河	8	415460	78.322005
9130	市中心	8	415468	78.323513
9131	平實	8	415476	78.325021
9132	平價	8	415484	78.326529
9133	幼發拉底河	8	415492	78.328037
9134	弗林德斯山脈	8	415500	78.329545
9135	必備	8	415508	78.331053
9136	打仗	8	415516	78.332561
9137	打出	8	415524	78.334069
9138	打折	8	415532	78.335577
9139	打招呼	8	415540	78.337085
9140	打拼	8	415548	78.338593
9141	打發	8	415556	78.340101
9142	未雨綢繆	8	415564	78.341609
9143	末端	8	415572	78.343117
9144	正音	8	415580	78.344625
9145	正規	8	415588	78.346133
9146	民主黨	8	415596	78.347641
9147	民間企業	8	415604	78.349149
9148	民謠	8	415612	78.350657
9149	犯法	8	415620	78.352165
9150	玉米	8	415628	78.353673
9151	玉蜀黍	8	415636	78.355181
9152	瓜地馬拉	8	415644	78.356689
9153	甘比亞	8	415652	78.358197
9154	生活水準	8	415660	78.359705
9155	生疏	8	415668	78.361213
9156	生態保育	8	415676	78.362721
9157	用語	8	415684	78.364229
9158	白木林	8	415692	78.365737
9159	白血病	8	415700	78.367245
9160	白血球	8	415708	78.368753
9161	白紙	8	415716	78.370261
9162	白雪	8	415724	78.371769
9163	目瞪口呆	8	415732	78.373277
9164	石油	8	415740	78.374785
9165	石橋	8	415748	78.376293
9166	石雕	8	415756	78.377801
9167	交際	8	415764	78.379309
9168	伊斯蘭教	8	415772	78.380817
9169	伍迪艾倫	8	415780	78.382325
9170	企業化	8	415788	78.383833
9171	光采	8	415796	78.385341
9172	光源	8	415804	78.386849
9173	光影	8	415812	78.388357
9174	先進國家	8	415820	78.389865
9175	先機	8	415828	78.391373
9176	先驅	8	415836	78.392881
9177	共和國	8	415844	78.394389
9178	共產主義	8	415852	78.395897
9179	再說	8	415860	78.397405
9180	冰雪	8	415868	78.398913
9181	刑罰	8	415876	78.400421
9182	印表機	8	415884	78.401929
9183	各類	8	415892	78.403437
9184	向心力	8	415900	78.404945
9185	名冊	8	415908	78.406453
9186	名言	8	415916	78.407961
9187	名聲	8	415924	78.409469
9188	名醫	8	415932	78.410977
9189	吃掉	8	415940	78.412485
9190	回信	8	415948	78.413993
9191	回紇	8	415956	78.415501
9192	回首	8	415964	78.417009
9193	回教徒	8	415972	78.418517
9194	地下道	8	415980	78.420025
9195	地方派系	8	415988	78.421533
9196	地利	8	415996	78.423041
9197	地盤	8	416004	78.424549
9198	地緣	8	416012	78.426057
9199	妄想	8	416020	78.427565
9200	好用	8	416028	78.429073
9201	好意	8	416036	78.430581
9202	字幕	8	416044	78.432089
9203	字體	8	416052	78.433597
9204	守候	8	416060	78.435105
9205	守護神	8	416068	78.436613
9206	安眠藥	8	416076	78.438121
9207	安頓	8	416084	78.439629
9208	成型	8	416092	78.441137
9209	成就感	8	416100	78.442645
9210	成藥	8	416108	78.444153
9211	收到	8	416116	78.445661
9212	早起	8	416124	78.447169
9213	曲子	8	416132	78.448677
9214	有形	8	416140	78.450185
9215	有無	8	416148	78.451693
9216	有罪	8	416156	78.453201
9217	朱星羽	8	416164	78.454709
9218	次長	8	416172	78.456217
9219	死人	8	416180	78.457725
9220	死者	8	416188	78.459233
9221	江南	8	416196	78.460741
9222	竹筍	8	416204	78.462249
9223	老二	8	416212	78.463757
9224	老爹	8	416220	78.465265
9225	老實	8	416228	78.466773
9226	而後	8	416236	78.468281
9227	自助	8	416244	78.469789
9228	自律	8	416252	78.471297
9229	自動變速箱	8	416260	78.472805
9230	自然科學	8	416268	78.474313
9231	血腥	8	416276	78.475821
9232	行徑	8	416284	78.477329
9233	衣裳	8	416292	78.478837
9234	西遊記	8	416300	78.480345
9235	住房	8	416308	78.481853
9236	何嘗	8	416316	78.483361
9237	估算	8	416324	78.484869
9238	伸縮	8	416332	78.486377
9239	作畫	8	416340	78.487885
9240	伯恩斯坦	8	416348	78.489393
9241	低語	8	416356	78.490901
9242	低潮	8	416364	78.492409
9243	低聲	8	416372	78.493917
9244	克制	8	416380	78.495425
9245	克萊斯勒	8	416388	78.496933
9246	免試	8	416396	78.498441
9247	冷氣機	8	416404	78.499949
9248	冷酷	8	416412	78.501457
9249	利空	8	416420	78.502965
9250	吹玻璃	8	416428	78.504473
9251	吻合	8	416436	78.505981
9252	吸取	8	416444	78.507489
9253	吸食	8	416452	78.508997
9254	含義	8	416460	78.510505
9255	妝點	8	416468	78.512013
9256	尿布	8	416476	78.513521
9257	希拉細胞	8	416484	78.515029
9258	戒毒者	8	416492	78.516537
9259	戒掉	8	416500	78.518045
9260	戒備	8	416508	78.519553
9261	戒煙	8	416516	78.521061
9262	我家	8	416524	78.522569
9263	我執	8	416532	78.524077
9264	抗戰	8	416540	78.525585
9265	技法	8	416548	78.527093
9266	扯鈴	8	416556	78.528601
9267	投資者	8	416564	78.530109
9268	抓地力	8	416572	78.531617
9269	改行	8	416580	78.533125
9270	改制	8	416588	78.534633
9271	攸關	8	416596	78.536141
9272	李焜耀	8	416604	78.537649
9273	每晚	8	416612	78.539157
9274	沉醉	8	416620	78.540665
9275	災情	8	416628	78.542173
9276	私奔	8	416636	78.543681
9277	私梟	8	416644	78.545189
9278	肝功能	8	416652	78.546697
9279	良知	8	416660	78.548205
9280	豆類	8	416668	78.549713
9281	貝加爾湖	8	416676	78.551221
9282	走入	8	416684	78.552729
9283	走動	8	416692	78.554237
9284	身軀	8	416700	78.555745
9285	車庫	8	416708	78.557253
9286	車速	8	416716	78.558761
9287	里程碑	8	416724	78.560269
9288	乳癌	8	416732	78.561777
9289	事事	8	416740	78.563285
9290	亞太經合會	8	416748	78.564793
9291	依附	8	416756	78.566301
9292	佳音	8	416764	78.567809
9293	使用者	8	416772	78.569317
9294	供不應求	8	416780	78.570825
9295	供給量	8	416788	78.572333
9296	例行	8	416796	78.573841
9297	來華	8	416804	78.575349
9298	侏羅紀	8	416812	78.576857
9299	兩性	8	416820	78.578365
9300	兩側	8	416828	78.579873
9301	兩端	8	416836	78.581381
9302	制訂	8	416844	78.582889
9303	卓越雜誌	8	416852	78.584397
9304	取勝	8	416860	78.585905
9305	受限	8	416868	78.587413
9306	受益	8	416876	78.588921
9307	受賄	8	416884	78.590429
9308	周年慶	8	416892	78.591937
9309	命案	8	416900	78.593445
9310	垃圾堆	8	416908	78.594953
9311	坦誠	8	416916	78.596461
9312	姑惡	8	416924	78.597969
9313	官司	8	416932	78.599477
9314	宜人	8	416940	78.600985
9315	居多	8	416948	78.602493
9316	岩洞	8	416956	78.604001
9317	府城	8	416964	78.605509
9318	延展	8	416972	78.607017
9319	延期	8	416980	78.608525
9320	往日	8	416988	78.610033
9321	彼岸	8	416996	78.611541
9322	怪獸	8	417004	78.613049
9323	房東	8	417012	78.614557
9324	承包	8	417020	78.616065
9325	承攬	8	417028	78.617573
9326	招攬	8	417036	78.619081
9327	拇指	8	417044	78.620589
9328	抱持	8	417052	78.622097
9329	抱負	8	417060	78.623605
9330	放領	8	417068	78.625113
9331	明主	8	417076	78.626621
9332	明明	8	417084	78.628129
9333	明清	8	417092	78.629637
9334	明證	8	417100	78.631145
9335	杭州	8	417108	78.632653
9336	林地	8	417116	78.634161
9337	林青霞	8	417124	78.635669
9338	泥沙	8	417132	78.637177
9339	法文	8	417140	78.638685
9340	油漆	8	417148	78.640193
9341	沿用	8	417156	78.641701
9342	治癒	8	417164	78.643209
9343	泡泡	8	417172	78.644717
9344	版本	8	417180	78.646225
9345	物資	8	417188	78.647733
9346	玩味	8	417196	78.649241
9347	玫瑰花	8	417204	78.650749
9348	盲人	8	417212	78.652257
9349	直飛	8	417220	78.653765
9350	直銷	8	417228	78.655273
9351	空氣動力學	8	417236	78.656781
9352	芝麻	8	417244	78.658289
9353	芝麻油	8	417252	78.659797
9354	花卉	8	417260	78.661305
9355	花店	8	417268	78.662813
9356	花招	8	417276	78.664321
9357	花紋	8	417284	78.665829
9358	花瓣	8	417292	78.667337
9359	近視眼	8	417300	78.668845
9360	邱創煥	8	417308	78.670353
9361	金牛座	8	417316	78.671861
9362	金泳三	8	417324	78.673369
9363	金鼎獎	8	417332	78.674877
9364	長方形	8	417340	78.676385
9365	長處	8	417348	78.677893
9366	長跑	8	417356	78.679401
9367	阿拉伯	8	417364	78.680909
9368	青翠	8	417372	78.682417
9369	信件	8	417380	78.683925
9370	侵略	8	417388	78.685433
9371	侯孝賢	8	417396	78.686941
9372	保七	8	417404	78.688449
9373	保加利亞	8	417412	78.689957
9374	保證金	8	417420	78.691465
9375	俗稱	8	417428	78.692973
9376	侷限	8	417436	78.694481
9377	前衛	8	417444	78.695989
9378	前瞻	8	417452	78.697497
9379	剋星	8	417460	78.699005
9380	勇士	8	417468	78.700513
9381	勇於	8	417476	78.702021
9382	南市	8	417484	78.703529
9383	南宋	8	417492	78.705037
9384	南洋	8	417500	78.706545
9385	南極	8	417508	78.708053
9386	咬傷	8	417516	78.709561
9387	威權	8	417524	78.711069
9388	宣戰	8	417532	78.712577
9389	室友	8	417540	78.714085
9390	屋簷	8	417548	78.715593
9391	巷子	8	417556	78.717101
9392	建地	8	417564	78.718609
9393	建國	8	417572	78.720117
9394	後人	8	417580	78.721625
9395	後世	8	417588	78.723133
9396	思潮	8	417596	78.724641
9397	急忙	8	417604	78.726149
9398	急轉彎	8	417612	78.727657
9399	恍然大悟	8	417620	78.729165
9400	持平	8	417628	78.730673
9401	指揮官	8	417636	78.732181
9402	括約肌	8	417644	78.733689
9403	既定	8	417652	78.735197
9404	春雨	8	417660	78.736705
9405	星期六	8	417668	78.738213
9406	柔弱	8	417676	78.739721
9407	柯富元	8	417684	78.741229
9408	查明	8	417692	78.742737
9409	查緝	8	417700	78.744245
9410	查證	8	417708	78.745753
9411	毒性	8	417716	78.747261
9412	流水	8	417724	78.748769
9413	流出	8	417732	78.750277
9414	流連	8	417740	78.751785
9415	流暢	8	417748	78.753293
9416	活動中心	8	417756	78.754801
9417	洽詢	8	417764	78.756309
9418	為甚麼	8	417772	78.757817
9419	珍藏	8	417780	78.759325
9420	盆栽	8	417788	78.760833
9421	相片光碟	8	417796	78.762341
9422	相連	8	417804	78.763849
9423	相提並論	8	417812	78.765357
9424	相隔	8	417820	78.766865
9425	看醫生	8	417828	78.768373
9426	祈求	8	417836	78.769881
9427	祇有	8	417844	78.771389
9428	秋風	8	417852	78.772897
9429	穿上	8	417860	78.774405
9430	突如其來	8	417868	78.775913
9431	紅位移	8	417876	78.777421
9432	紅宮	8	417884	78.778929
9433	紅樓夢	8	417892	78.780437
9434	紀念品	8	417900	78.781945
9435	美方	8	417908	78.783453
9436	美意	8	417916	78.784961
9437	美貌	8	417924	78.786469
9438	美豔	8	417932	78.787977
9439	胃口	8	417940	78.789485
9440	胃腸	8	417948	78.790993
9441	背叛	8	417956	78.792501
9442	背痛	8	417964	78.794009
9443	胡漢民	8	417972	78.795517
9444	致使	8	417980	78.797025
9445	致意	8	417988	78.798533
9446	苦痛	8	417996	78.800041
9447	苦戰	8	418004	78.801549
9448	若能	8	418012	78.803057
9449	負成長	8	418020	78.804565
9450	軍中	8	418028	78.806073
9451	迪茲達勒維蒂	8	418036	78.807581
9452	迫不及待	8	418044	78.809089
9453	郁慕明	8	418052	78.810597
9454	重量級	8	418060	78.812105
9455	限水	8	418068	78.813613
9456	限期	8	418076	78.815121
9457	面面觀	8	418084	78.816629
9458	面對面	8	418092	78.818137
9459	音訊	8	418100	78.819645
9460	風暴	8	418108	78.821153
9461	飛行器	8	418116	78.822661
9462	飛馳	8	418124	78.824169
9463	飛躍	8	418132	78.825677
9464	食譜	8	418140	78.827185
9465	香菸	8	418148	78.828693
9466	借用	8	418156	78.830201
9467	借款	8	418164	78.831709
9468	借錢	8	418172	78.833217
9469	個個	8	418180	78.834725
9470	個展	8	418188	78.836233
9471	修憲	8	418196	78.837741
9472	倉儲	8	418204	78.839249
9473	凌晨	8	418212	78.840757
9474	剝削	8	418220	78.842265
9475	哪些	8	418228	78.843773
9476	套牢	8	418236	78.845281
9477	套房	8	418244	78.846789
9478	孫子	8	418252	78.848297
9479	孫中山	8	418260	78.849805
9480	孫震	8	418268	78.851313
9481	害蟲	8	418276	78.852821
9482	家長會	8	418284	78.854329
9483	家畜	8	418292	78.855837
9484	容貌	8	418300	78.857345
9485	庫存	8	418308	78.858853
9486	座標	8	418316	78.860361
9487	座頭鯨	8	418324	78.861869
9488	拿到	8	418332	78.863377
9489	拿捏	8	418340	78.864885
9490	振奮	8	418348	78.866393
9491	捕鯨	8	418356	78.867901
9492	挺身而出	8	418364	78.869409
9493	挫折感	8	418372	78.870917
9494	挨罵	8	418380	78.872425
9495	效能	8	418388	78.873933
9496	旁白	8	418396	78.875441
9497	時間表	8	418404	78.876949
9498	書套	8	418412	78.878457
9499	書桌	8	418420	78.879965
9500	校車	8	418428	78.881473
9501	校隊	8	418436	78.882981
9502	核子	8	418444	78.884489
9503	核桃仁	8	418452	78.885997
9504	根基	8	418460	78.887505
9505	根深蒂固	8	418468	78.889013
9506	格式	8	418476	78.890521
9507	桃花	8	418484	78.892029
9508	氣功	8	418492	78.893537
9509	浪花	8	418500	78.895045
9510	消費品	8	418508	78.896553
9511	消磨	8	418516	78.898061
9512	海平面	8	418524	78.899569
9513	海防	8	418532	78.901077
9514	海岸山脈	8	418540	78.902585
9515	海岸線	8	418548	78.904093
9516	浮動	8	418556	78.905601
9517	烈士	8	418564	78.907109
9518	烏雲	8	418572	78.908617
9519	特區	8	418580	78.910125
9520	特優	8	418588	78.911633
9521	班夫	8	418596	78.913141
9522	班長	8	418604	78.914649
9523	留在	8	418612	78.916157
9524	真情	8	418620	78.917665
9525	真愛	8	418628	78.919173
9526	真諦	8	418636	78.920681
9527	破碎	8	418644	78.922189
9528	神色	8	418652	78.923697
9529	神明	8	418660	78.925205
9530	神經細胞	8	418668	78.926713
9531	秘書	8	418676	78.928221
9532	粉碎	8	418684	78.929729
9533	素食	8	418692	78.931237
9534	紙片	8	418700	78.932745
9535	缺氧	8	418708	78.934253
9536	缺貨	8	418716	78.935761
9537	翁大銘	8	418724	78.937269
9538	耕種	8	418732	78.938777
9539	耗油量	8	418740	78.940285
9540	耽擱	8	418748	78.941793
9541	能幹	8	418756	78.943301
9542	荒野	8	418764	78.944809
9543	茶會	8	418772	78.946317
9544	財稅	8	418780	78.947825
9545	逆勢	8	418788	78.949333
9546	逆境	8	418796	78.950841
9547	迷霧	8	418804	78.952349
9548	退休金	8	418812	78.953857
9549	退輔會	8	418820	78.955365
9550	退燒	8	418828	78.956873
9551	迴診	8	418836	78.958381
9552	逃亡	8	418844	78.959889
9553	針葉林	8	418852	78.961397
9554	閃亮	8	418860	78.962905
9555	院子	8	418868	78.964413
9556	除掉	8	418876	78.965921
9557	馬祖	8	418884	78.967429
9558	馬雅人	8	418892	78.968937
9559	馬達加斯加	8	418900	78.970445
9560	高血壓	8	418908	78.971953
9561	高官	8	418916	78.973461
9562	高尚	8	418924	78.974969
9563	高密度	8	418932	78.976477
9564	高球證	8	418940	78.977985
9565	高雄人	8	418948	78.979493
9566	高壓	8	418956	78.981001
9567	高聳	8	418964	78.982509
9568	高點	8	418972	78.984017
9569	鬥牛	8	418980	78.985525
9570	停電	8	418988	78.987033
9571	停滯	8	418996	78.988541
9572	做成	8	419004	78.990049
9573	偷竊	8	419012	78.991557
9574	偏向	8	419020	78.993065
9575	剪貼	8	419028	78.994573
9576	副總統	8	419036	78.996081
9577	商談	8	419044	78.997589
9578	問道	8	419052	78.999097
9579	國手	8	419060	79.000605
9580	國父紀念館	8	419068	79.002113
9581	國民小學	8	419076	79.003621
9582	國有	8	419084	79.005129
9583	國軍	8	419092	79.006637
9584	堵塞	8	419100	79.008145
9585	婦幼節	8	419108	79.009653
9586	密不可分	8	419116	79.011161
9587	專賣店	8	419124	79.012669
9588	專職	8	419132	79.014177
9589	巢穴	8	419140	79.015685
9590	帶到	8	419148	79.017193
9591	帳單	8	419156	79.018701
9592	張曼娟	8	419164	79.020209
9593	強者	8	419172	79.021717
9594	惋惜	8	419180	79.023225
9595	情侶	8	419188	79.024733
9596	探測船	8	419196	79.026241
9597	探視	8	419204	79.027749
9598	接管	8	419212	79.029257
9599	捷徑	8	419220	79.030765
9600	捷運局	8	419228	79.032273
9601	推理	8	419236	79.033781
9602	推銷員	8	419244	79.035289
9603	排定	8	419252	79.036797
9604	斜面	8	419260	79.038305
9605	旋風	8	419268	79.039813
9606	旋渦	8	419276	79.041321
9607	殺無赦	8	419284	79.042829
9608	殺價	8	419292	79.044337
9609	添購	8	419300	79.045845
9610	清大	8	419308	79.047353
9611	清廷	8	419316	79.048861
9612	清明	8	419324	79.050369
9613	清純	8	419332	79.051877
9614	清償	8	419340	79.053385
9615	淪陷	8	419348	79.054893
9616	淪落	8	419356	79.056401
9617	深知	8	419364	79.057909
9618	深愛	8	419372	79.059417
9619	牽扯	8	419380	79.060925
9620	猜想	8	419388	79.062433
9621	現身說法	8	419396	79.063941
9622	瓶裝水	8	419404	79.065449
9623	畢卡索	8	419412	79.066957
9624	異己	8	419420	79.068465
9625	盛名	8	419428	79.069973
9626	盛事	8	419436	79.071481
9627	盛衰	8	419444	79.072989
9628	盛裝	8	419452	79.074497
9629	組裝	8	419460	79.076005
9630	終日	8	419468	79.077513
9631	羞愧	8	419476	79.079021
9632	翌年	8	419484	79.080529
9633	脫胎換骨	8	419492	79.082037
9634	處決	8	419500	79.083545
9635	被捕	8	419508	79.085053
9636	袋鼠	8	419516	79.086561
9637	訪視	8	419524	79.088069
9638	訪談	8	419532	79.089577
9639	貨運	8	419540	79.091085
9640	貧瘠	8	419548	79.092593
9641	軟片	8	419556	79.094101
9642	這些人	8	419564	79.095609
9643	這段	8	419572	79.097117
9644	這場	8	419580	79.098625
9645	通告	8	419588	79.100133
9646	通信	8	419596	79.101641
9647	通俗	8	419604	79.103149
9648	通俗劇	8	419612	79.104657
9649	通航	8	419620	79.106165
9650	通話	8	419628	79.107673
9651	通膨	8	419636	79.109181
9652	連帶	8	419644	79.110689
9653	速食	8	419652	79.112197
9654	部屬	8	419660	79.113705
9655	都能	8	419668	79.115213
9656	陰雨	8	419676	79.116721
9657	陰暗	8	419684	79.118229
9658	陰霾	8	419692	79.119737
9659	頂瓜瓜	8	419700	79.121245
9660	鳥人	8	419708	79.122753
9661	麥哲倫	8	419716	79.124261
9662	麥當勞	8	419724	79.125769
9663	麻醉劑	8	419732	79.127277
9664	傀儡	8	419740	79.128785
9665	最大扭力	8	419748	79.130293
9666	割據	8	419756	79.131801
9667	勝負	8	419764	79.133309
9668	喧囂	8	419772	79.134817
9669	單調	8	419780	79.136325
9670	報禁	8	419788	79.137833
9671	寒暑	8	419796	79.139341
9672	就診	8	419804	79.140849
9673	彭百顯	8	419812	79.142357
9674	悲痛	8	419820	79.143865
9675	慨嘆	8	419828	79.145373
9676	提卡爾	8	419836	79.146881
9677	提煉	8	419844	79.148389
9678	敦煌	8	419852	79.149897
9679	普及率	8	419860	79.151405
9680	景物	8	419868	79.152913
9681	智齒	8	419876	79.154421
9682	期刊	8	419884	79.155929
9683	棲身	8	419892	79.157437
9684	棋手	8	419900	79.158945
9685	植物園	8	419908	79.160453
9686	殘障者	8	419916	79.161961
9687	殘廢	8	419924	79.163469
9688	湧入	8	419932	79.164977
9689	減緩	8	419940	79.166485
9690	湖南	8	419948	79.167993
9691	渦輪	8	419956	79.169501
9692	焚化廠	8	419964	79.171009
9693	無助	8	419972	79.172517
9694	無線電波	8	419980	79.174025
9695	煮飯	8	419988	79.175533
9696	畫報	8	419996	79.177041
9697	痛恨	8	420004	79.178549
9698	痙攣	8	420012	79.180057
9699	登山客	8	420020	79.181565
9700	登峰造極	8	420028	79.183073
9701	發財	8	420036	79.184581
9702	發售	8	420044	79.186089
9703	發票	8	420052	79.187597
9704	發電廠	8	420060	79.189105
9705	發誓	8	420068	79.190613
9706	短視	8	420076	79.192121
9707	硬式	8	420084	79.193629
9708	硬度	8	420092	79.195137
9709	稀薄	8	420100	79.196645
9710	策略性	8	420108	79.198153
9711	結尾	8	420116	79.199661
9712	結緣	8	420124	79.201169
9713	絕招	8	420132	79.202677
9714	絕活	8	420140	79.204185
9715	善心	8	420148	79.205693
9716	腔腸動物	8	420156	79.207201
9717	虛偽	8	420164	79.208709
9718	虛構	8	420172	79.210217
9719	裁決	8	420180	79.211725
9720	訴苦	8	420188	79.213233
9721	訴訟	8	420196	79.214741
9722	貼切	8	420204	79.216249
9723	費力	8	420212	79.217757
9724	買到	8	420220	79.219265
9725	越嶺道	8	420228	79.220773
9726	超車	8	420236	79.222281
9727	超級大玩家	8	420244	79.223789
9728	超級市場	8	420252	79.225297
9729	超強	8	420260	79.226805
9730	跑步	8	420268	79.228313
9731	跆拳道	8	420276	79.229821
9732	週刊	8	420284	79.231329
9733	進出口	8	420292	79.232837
9734	進攻	8	420300	79.234345
9735	進取	8	420308	79.235853
9736	進氣	8	420316	79.237361
9737	鄉民	8	420324	79.238869
9738	鄉愁	8	420332	79.240377
9739	鄉親	8	420340	79.241885
9740	開刀房	8	420348	79.243393
9741	開元	8	420356	79.244901
9742	開悟	8	420364	79.246409
9743	開發中國家	8	420372	79.247917
9744	開跑	8	420380	79.249425
9745	集中營	8	420388	79.250933
9746	順差	8	420396	79.252441
9747	黃花	8	420404	79.253949
9748	黑潮	8	420412	79.255457
9749	傳記	8	420420	79.256965
9750	傾倒	8	420428	79.258473
9751	勢在必行	8	420436	79.259981
9752	匯兌	8	420444	79.261489
9753	匯聚	8	420452	79.262997
9754	匯價	8	420460	79.264505
9755	塑膠袋	8	420468	79.266013
9756	填寫	8	420476	79.267521
9757	嫉妒	8	420484	79.269029
9758	微電腦	8	420492	79.270537
9759	愚蠢	8	420500	79.272045
9760	想想	8	420508	79.273553
9761	愛好	8	420516	79.275061
9762	愛國	8	420524	79.276569
9763	愛滋病毒腦症	8	420532	79.278077
9764	敬佩	8	420540	79.279585
9765	新手	8	420548	79.281093
9766	新生報	8	420556	79.282601
9767	新意	8	420564	79.284109
9768	新鮮人	8	420572	79.285617
9769	暗中	8	420580	79.287125
9770	暖流	8	420588	79.288633
9771	楊必成	8	420596	79.290141
9772	溝渠	8	420604	79.291649
9773	當日	8	420612	79.293157
9774	當兵	8	420620	79.294665
9775	當紅	8	420628	79.296173
9776	畸形	8	420636	79.297681
9777	督導	8	420644	79.299189
9778	萬里長城	8	420652	79.300697
9779	萬曆	8	420660	79.302205
9780	經手	8	420668	79.303713
9781	經濟日報	8	420676	79.305221
9782	置身	8	420684	79.306729
9783	罪名	8	420692	79.308237
9784	聖火	8	420700	79.309745
9785	聖地	8	420708	79.311253
9786	腸胃	8	420716	79.312761
9787	落入	8	420724	79.314269
9788	落葉	8	420732	79.315777
9789	葫蘆	8	420740	79.317285
9790	葡萄酒	8	420748	79.318793
9791	蜂蜜	8	420756	79.320301
9792	裙子	8	420764	79.321809
9793	補校	8	420772	79.323317
9794	裝滿	8	420780	79.324825
9795	試題	8	420788	79.326333
9796	資本額	8	420796	79.327841
9797	資料室	8	420804	79.329349
9798	路口	8	420812	79.330857
9799	路途	8	420820	79.332365
9800	跳槽	8	420828	79.333873
9801	農家	8	420836	79.335381
9802	運送	8	420844	79.336889
9803	運動場	8	420852	79.338397
9804	運勢	8	420860	79.339905
9805	遊玩	8	420868	79.341413
9806	達賴喇嘛	8	420876	79.342921
9807	過戶	8	420884	79.344429
9808	過熱	8	420892	79.345937
9809	酬賓	8	420900	79.347445
9810	電信	8	420908	79.348953
9811	電流	8	420916	79.350461
9812	電通所	8	420924	79.351969
9813	電腦繪圖	8	420932	79.353477
9814	電影公司	8	420940	79.354985
9815	電壓	8	420948	79.356493
9816	電聯車	8	420956	79.358001
9817	靖廬	8	420964	79.359509
9818	頑固	8	420972	79.361017
9819	飽受	8	420980	79.362525
9820	飽滿	8	420988	79.364033
9821	僧侶	8	420996	79.365541
9822	僕人	8	421004	79.367049
9823	劃時代	8	421012	79.368557
9824	厭煩	8	421020	79.370065
9825	團圓	8	421028	79.371573
9826	團聚	8	421036	79.373081
9827	圖書室	8	421044	79.374589
9828	圖樣	8	421052	79.376097
9829	寧可	8	421060	79.377605
9830	實相	8	421068	79.379113
9831	實話	8	421076	79.380621
9832	對應	8	421084	79.382129
9833	慘重	8	421092	79.383637
9834	截稿	8	421100	79.385145
9835	榜樣	8	421108	79.386653
9836	歌迷	8	421116	79.388161
9837	滴管	8	421124	79.389669
9838	滿天	8	421132	79.391177
9839	滿清	8	421140	79.392685
9840	滿載	8	421148	79.394193
9841	熊三郎	8	421156	79.395701
9842	熊鄉	8	421164	79.397209
9843	瘧原蟲	8	421172	79.398717
9844	種菜	8	421180	79.400225
9845	管子	8	421188	79.401733
9846	精神官能症	8	421196	79.403241
9847	精神疾病	8	421204	79.404749
9848	緊接	8	421212	79.406257
9849	緊湊	8	421220	79.407765
9850	綱要	8	421228	79.409273
9851	臺地	8	421236	79.410781
9852	臺電	8	421244	79.412289
9853	與生俱來	8	421252	79.413797
9854	蒞臨	8	421260	79.415305
9855	蜜月	8	421268	79.416813
9856	語重心長	8	421276	79.418321
9857	認錯	8	421284	79.419829
9858	誤差	8	421292	79.421337
9859	趕到	8	421300	79.422845
9860	輔大	8	421308	79.424353
9861	輕量化	8	421316	79.425861
9862	遠大	8	421324	79.427369
9863	遙遙無期	8	421332	79.428877
9864	銅板	8	421340	79.430385
9865	閣下	8	421348	79.431893
9866	雌蟹	8	421356	79.433401
9867	領班	8	421364	79.434909
9868	駁回	8	421372	79.436417
9869	鳳陽	8	421380	79.437925
9870	增高	8	421388	79.439433
9871	寫照	8	421396	79.440941
9872	彈奏	8	421404	79.442449
9873	撲克牌	8	421412	79.443957
9874	撒萊	8	421420	79.445465
9875	數值	8	421428	79.446973
9876	樣式	8	421436	79.448481
9877	標記	8	421444	79.449989
9878	樂意	8	421452	79.451497
9879	歐洲車	8	421460	79.453005
9880	潛水	8	421468	79.454513
9881	潛伏	8	421476	79.456021
9882	潤滑油	8	421484	79.457529
9883	熟練	8	421492	79.459037
9884	熱絡	8	421500	79.460545
9885	獎助金	8	421508	79.462053
9886	獎品	8	421516	79.463561
9887	盤勢	8	421524	79.465069
9888	穀物	8	421532	79.466577
9889	窮人	8	421540	79.468085
9890	編印	8	421548	79.469593
9891	編排	8	421556	79.471101
9892	線路	8	421564	79.472609
9893	膜拜	8	421572	79.474117
9894	蔬果	8	421580	79.475625
9895	衛浴	8	421588	79.477133
9896	複合式	8	421596	79.478641
9897	諒解	8	421604	79.480149
9898	請假	8	421612	79.481657
9899	課文	8	421620	79.483165
9900	課堂	8	421628	79.484673
9901	豬肉	8	421636	79.486181
9902	賣座	8	421644	79.487689
9903	賣淫	8	421652	79.489197
9904	賣點	8	421660	79.490705
9905	賣斷	8	421668	79.492213
9906	輪廓	8	421676	79.493721
9907	適應力	8	421684	79.495229
9908	銷量	8	421692	79.496737
9909	銳利	8	421700	79.498245
9910	養父	8	421708	79.499753
9911	養育	8	421716	79.501261
9912	鴉片	8	421724	79.502769
9913	鴉片戰爭	8	421732	79.504277
9914	學子	8	421740	79.505785
9915	學年	8	421748	79.507293
9916	學府	8	421756	79.508801
9917	導師	8	421764	79.510309
9918	導護	8	421772	79.511817
9919	憑藉	8	421780	79.513325
9920	操盤	8	421788	79.514833
9921	橫行	8	421796	79.516341
9922	橫越	8	421804	79.517849
9923	橡皮艇	8	421812	79.519357
9924	激增	8	421820	79.520865
9925	燈油	8	421828	79.522373
9926	獨一無二	8	421836	79.523881
9927	獨到	8	421844	79.525389
9928	獨臺	8	421852	79.526897
9929	興衰	8	421860	79.528405
9930	興盛	8	421868	79.529913
9931	親和力	8	421876	79.531421
9932	謀求	8	421884	79.532929
9933	賴世聲	8	421892	79.534437
9934	輸贏	8	421900	79.535945
9935	辨別	8	421908	79.537453
9936	辦公桌	8	421916	79.538961
9937	遲遲	8	421924	79.540469
9938	錢財	8	421932	79.541977
9939	險峻	8	421940	79.543485
9940	雕琢	8	421948	79.544993
9941	靜悄悄	8	421956	79.546501
9942	餐具	8	421964	79.548009
9943	餐盒	8	421972	79.549517
9944	館長	8	421980	79.551025
9945	優等	8	421988	79.552533
9946	幫派	8	421996	79.554041
9947	懂得	8	422004	79.555549
9948	擠壓	8	422012	79.557057
9949	擬訂	8	422020	79.558565
9950	濫墾	8	422028	79.560073
9951	燭光	8	422036	79.561581
9952	爵士	8	422044	79.563089
9953	糞便	8	422052	79.564597
9954	縮影	8	422060	79.566105
9955	縫合	8	422068	79.567613
9956	總管理處	8	422076	79.569121
9957	繁忙	8	422084	79.570629
9958	聲譽	8	422092	79.572137
9959	臀部	8	422100	79.573645
9960	臉紅	8	422108	79.575153
9961	謊言	8	422116	79.576661
9962	購地	8	422124	79.578169
9963	趨吉避凶	8	422132	79.579677
9964	鮮麗	8	422140	79.581185
9965	鴻禧大溪別館	8	422148	79.582693
9966	檯面	8	422156	79.584201
9967	簡介	8	422164	79.585709
9968	簡明仁	8	422172	79.587217
9969	簡短	8	422180	79.588725
9970	翻身	8	422188	79.590233
9971	蟬聯	8	422196	79.591741
9972	豐碩	8	422204	79.593249
9973	轉包	8	422212	79.594757
9974	轉頭	8	422220	79.596265
9975	轉讓	8	422228	79.597773
9976	離島	8	422236	79.599281
9977	離譜	8	422244	79.600789
9978	雜貨店	8	422252	79.602297
9979	雙腿	8	422260	79.603805
9980	雞年	8	422268	79.605313
9981	題字	8	422276	79.606821
9982	壞事	8	422284	79.608329
9983	繩索	8	422292	79.609837
9984	繳納	8	422300	79.611345
9985	識字	8	422308	79.612853
9986	贊同	8	422316	79.614361
9987	關鍵性	8	422324	79.615869
9988	難求	8	422332	79.617377
9989	難關	8	422340	79.618885
9990	顛峰	8	422348	79.620393
9991	饅頭	8	422356	79.621901
9992	嚴刑峻法	8	422364	79.623409
9993	嚴禁	8	422372	79.624917
9994	寶特瓶	8	422380	79.626425
9995	懸疑	8	422388	79.627933
9996	競技場	8	422396	79.629441
9997	籌劃	8	422404	79.630949
9998	籃賽	8	422412	79.632457
9999	繼承人	8	422420	79.633965
10000	蘇俄	8	422428	79.635473
10001	觸手	8	422436	79.636981
10002	鐘頭	8	422444	79.638489
10003	鐘聲	8	422452	79.639997
10004	黨代表	8	422460	79.641505
10005	黨籍	8	422468	79.643013
10006	屬性	8	422476	79.644521
10007	攝影棚	8	422484	79.646029
10008	灌輸	8	422492	79.647537
10009	纏身	8	422500	79.649045
10010	纏綿	8	422508	79.650553
10011	襪子	8	422516	79.652061
10012	魔力	8	422524	79.653569
10013	黯然	8	422532	79.655077
10014	歡欣	8	422540	79.656585
10015	聽取	8	422548	79.658093
10016	顫抖	8	422556	79.659601
10017	戀人	8	422564	79.661109
10018	變形蟲	8	422572	79.662617
10019	變態	8	422580	79.664125
10020	體態	8	422588	79.665633
10021	罐子	8	422596	79.667141
10022	罐頭	8	422604	79.668649
10023	讓步	8	422612	79.670157
10024	靈巧	8	422620	79.671665
10025	讚譽	8	422628	79.673173
10026	鱷魚	8	422636	79.674681
10027	豔麗	8	422644	79.676189
10028	潁州	8	422652	79.677697
10029	一共	7	422659	79.679017
10030	一刻	7	422666	79.680337
10031	一炮而紅	7	422673	79.681657
10032	一座	7	422680	79.682977
10033	一副	7	422687	79.684297
10034	一塊	7	422694	79.685617
10035	一道	7	422701	79.686937
10036	一對一	7	422708	79.688257
10037	一應俱全	7	422715	79.689577
10038	一點兒	7	422722	79.690897
10039	乃是	7	422729	79.692217
10040	人身	7	422736	79.693537
10041	人頭	7	422743	79.694857
10042	入場	7	422750	79.696177
10043	入關	7	422757	79.697497
10044	刀子	7	422764	79.698817
10045	三國志	7	422771	79.700137
10046	下挫	7	422778	79.701457
10047	下屬	7	422785	79.702777
10048	上上下下	7	422792	79.704097
10049	上巴陵	7	422799	79.705417
10050	上門	7	422806	79.706737
10051	上街	7	422813	79.708057
10052	上榜	7	422820	79.709377
10053	千方百計	7	422827	79.710697
10054	千年	7	422834	79.712017
10055	口氣	7	422841	79.713337
10056	口腔衛生	7	422848	79.714657
10057	口頭禪	7	422855	79.715977
10058	大刀	7	422862	79.717297
10059	大吃一驚	7	422869	79.718617
10060	大有人在	7	422876	79.719937
10061	大衣	7	422883	79.721257
10062	大官	7	422890	79.722577
10063	大抵	7	422897	79.723897
10064	大直	7	422904	79.725217
10065	大型電腦	7	422911	79.726537
10066	大峽谷	7	422918	79.727857
10067	大氣壓力	7	422925	79.729177
10068	大眾傳播	7	422932	79.730497
10069	大開眼界	7	422939	79.731817
10070	大廠	7	422946	79.733137
10071	女奴	7	422953	79.734457
10072	子弟兵	7	422960	79.735777
10073	小小	7	422967	79.737097
10074	小吃	7	422974	79.738417
10075	小店	7	422981	79.739737
10076	小草	7	422988	79.741057
10077	小幅	7	422995	79.742377
10078	小猴子	7	423002	79.743697
10079	小精靈	7	423009	79.745017
10080	小腿	7	423016	79.746337
10081	小劇場	7	423023	79.747657
10082	山西	7	423030	79.748977
10083	山東	7	423037	79.750297
10084	山峰	7	423044	79.751617
10085	已然	7	423051	79.752937
10086	不才	7	423058	79.754257
10087	不由自主	7	423065	79.755577
10088	不好意思	7	423072	79.756897
10089	不折不扣	7	423079	79.758217
10090	不足為奇	7	423086	79.759537
10091	不治	7	423093	79.760857
10092	不相上下	7	423100	79.762177
10093	不耐煩	7	423107	79.763497
10094	不負	7	423114	79.764817
10095	不振	7	423121	79.766137
10096	不落人後	7	423128	79.767457
10097	不懈	7	423135	79.768777
10098	不諱言	7	423142	79.770097
10099	不斷地	7	423149	79.771417
10100	不歸路	7	423156	79.772737
10101	中央銀行	7	423163	79.774057
10102	中正機場	7	423170	79.775377
10103	中度	7	423177	79.776697
10104	中秋夜	7	423184	79.778017
10105	中常委	7	423191	79.779337
10106	中等	7	423198	79.780657
10107	中華隊	7	423205	79.781977
10108	中華經濟研究院	7	423212	79.783297
10109	中餐	7	423219	79.784617
10110	中壢	7	423226	79.785937
10111	五官	7	423233	79.787257
10112	仁宗	7	423240	79.788577
10113	元代	7	423247	79.789897
10114	元老	7	423254	79.791217
10115	元首	7	423261	79.792537
10116	元宵	7	423268	79.793857
10117	內戰	7	423275	79.795177
10118	公牛隊	7	423282	79.796497
10119	公交會	7	423289	79.797817
10120	公地	7	423296	79.799137
10121	公安	7	423303	79.800457
10122	公事	7	423310	79.801777
10123	公廁	7	423317	79.803097
10124	公德心	7	423324	79.804417
10125	公噸	7	423331	79.805737
10126	公轉	7	423338	79.807057
10127	分貝	7	423345	79.808377
10128	分娩	7	423352	79.809697
10129	分級	7	423359	79.811017
10130	切勿	7	423366	79.812337
10131	升旗	7	423373	79.813657
10132	升學主義	7	423380	79.814977
10133	友好	7	423387	79.816297
10134	反芻	7	423394	79.817617
10135	反感	7	423401	79.818937
10136	天王星	7	423408	79.820257
10137	天色	7	423415	79.821577
10138	天使心	7	423422	79.822897
10139	天津	7	423429	79.824217
10140	天賦	7	423436	79.825537
10141	太守	7	423443	79.826857
10142	太過	7	423450	79.828177
10143	孔廟	7	423457	79.829497
10144	尤清	7	423464	79.830817
10145	巴斯卡	7	423471	79.832137
10146	幻象	7	423478	79.833457
10147	心肝	7	423485	79.834777
10148	心疼	7	423492	79.836097
10149	心路	7	423499	79.837417
10150	心跳聲	7	423506	79.838737
10151	手腕	7	423513	79.840057
10152	手勢	7	423520	79.841377
10153	文具	7	423527	79.842697
10154	日出	7	423534	79.844017
10155	日軍	7	423541	79.845337
10156	木屋	7	423548	79.846657
10157	毋寧	7	423555	79.847977
10158	比起	7	423562	79.849297
10159	水井	7	423569	79.850617
10160	水荒	7	423576	79.851937
10161	水族箱	7	423583	79.853257
10162	水壺	7	423590	79.854577
10163	水痘	7	423597	79.855897
10164	水管	7	423604	79.857217
10165	水銀體溫計	7	423611	79.858537
10166	水槽	7	423618	79.859857
10167	水壩	7	423625	79.861177
10168	片面	7	423632	79.862497
10169	片酬	7	423639	79.863817
10170	牙痛	7	423646	79.865137
10171	牙膏	7	423653	79.866457
10172	牛肉	7	423660	79.867777
10173	世界強權的興衰	7	423667	79.869097
10174	主計處	7	423674	79.870417
10175	主軸	7	423681	79.871737
10176	主幹	7	423688	79.873057
10177	主編	7	423695	79.874377
10178	以便	7	423702	79.875697
10179	他山之石	7	423709	79.877017
10180	代理業	7	423716	79.878337
10181	仙女座	7	423723	79.879657
10182	出人頭地	7	423730	79.880977
10183	出汗	7	423737	79.882297
10184	出事	7	423744	79.883617
10185	出差	7	423751	79.884937
10186	出書	7	423758	79.886257
10187	出海	7	423765	79.887577
10188	出境	7	423772	79.888897
10189	功勞	7	423779	79.890217
10190	北宋	7	423786	79.891537
10191	北投	7	423793	79.892857
10192	半小時	7	423800	79.894177
10193	可信	7	423807	79.895497
10194	右派	7	423814	79.896817
10195	司空見慣	7	423821	79.898137
10196	司長	7	423828	79.899457
10197	叫唆	7	423835	79.900777
10198	另一半	7	423842	79.902097
10199	史前	7	423849	79.903417
10200	史記	7	423856	79.904737
10201	史實	7	423863	79.906057
10202	句子	7	423870	79.907377
10203	四技	7	423877	79.908697
10204	外衣	7	423884	79.910017
10205	失常	7	423891	79.911337
10206	失傳	7	423898	79.912657
10207	尼加拉瓜	7	423905	79.913977
10208	尼泊爾	7	423912	79.915297
10209	巨擘	7	423919	79.916617
10210	巧固球	7	423926	79.917937
10211	巧遇	7	423933	79.919257
10212	市調	7	423940	79.920577
10213	布蘭徹	7	423947	79.921897
10214	平息	7	423954	79.923217
10215	平庸	7	423961	79.924537
10216	平滑	7	423968	79.925857
10217	幼童軍	7	423975	79.927177
10218	打人	7	423982	79.928497
10219	打入	7	423989	79.929817
10220	打鬥	7	423996	79.931137
10221	打造	7	424003	79.932457
10222	打結	7	424010	79.933777
10223	打鼾	7	424017	79.935097
10224	打轉	7	424024	79.936417
10225	末日	7	424031	79.937737
10226	正向	7	424038	79.939057
10227	正常人	7	424045	79.940377
10228	正隆	7	424052	79.941697
10229	母廠	7	424059	79.943017
10230	民生報	7	424066	79.944337
10231	民族舞	7	424073	79.945657
10232	民營企業	7	424080	79.946977
10233	永久凍土	7	424087	79.948297
10234	犯案	7	424094	79.949617
10235	生根	7	424101	79.950937
10236	生涯規劃	7	424108	79.952257
10237	田地	7	424115	79.953577
10238	田徑	7	424122	79.954897
10239	申辦	7	424129	79.956217
10240	白布	7	424136	79.957537
10241	白兔	7	424143	79.958857
10242	皮革	7	424150	79.960177
10243	石板	7	424157	79.961497
10244	石油危機	7	424164	79.962817
10245	交屋	7	424171	79.964137
10246	交貨	7	424178	79.965457
10247	伊斯坦堡	7	424185	79.966777
10248	伊爾庫茨克	7	424192	79.968097
10249	仲裁	7	424199	79.969417
10250	仰韶文化	7	424206	79.970737
10251	光彩	7	424213	79.972057
10252	光速	7	424220	79.973377
10253	光景	7	424227	79.974697
10254	光滑	7	424234	79.976017
10255	光臨	7	424241	79.977337
10256	先河	7	424248	79.978657
10257	全面性	7	424255	79.979977
10258	全校	7	424262	79.981297
10259	共事	7	424269	79.982617
10260	共黨	7	424276	79.983937
10261	冰山	7	424283	79.985257
10262	冰凍	7	424290	79.986577
10263	划船	7	424297	79.987897
10264	划算	7	424304	79.989217
10265	印度支那	7	424311	79.990537
10266	危言聳聽	7	424318	79.991857
10267	危急	7	424325	79.993177
10268	吉他	7	424332	79.994497
10269	同類	7	424339	79.995817
10270	吐蕃	7	424346	79.997137
10271	各方面	7	424353	79.998457
10272	名目	7	424360	79.999777
10273	名作	7	424367	80.001097
10274	名將	7	424374	80.002417
10275	合乎	7	424381	80.003737
10276	合計	7	424388	80.005057
10277	合演	7	424395	80.006377
10278	吃不消	7	424402	80.007697
10279	吃喝玩樂	7	424409	80.009017
10280	地基	7	424416	80.010337
10281	地產	7	424423	80.011657
10282	好久	7	424430	80.012977
10283	好感	7	424437	80.014297
10284	好聽	7	424444	80.015617
10285	字形	7	424451	80.016937
10286	存有	7	424458	80.018257
10287	宇宙線	7	424465	80.019577
10288	安詳	7	424472	80.020897
10289	安養	7	424479	80.022217
10290	安徽	7	424486	80.023537
10291	尖叫	7	424493	80.024857
10292	年少	7	424500	80.026177
10293	年老	7	424507	80.027497
10294	年薪	7	424514	80.028817
10295	成年禮	7	424521	80.030137
10296	成熟度	7	424528	80.031457
10297	收看	7	424535	80.032777
10298	曲解	7	424542	80.034097
10299	有助	7	424549	80.035417
10300	有事	7	424556	80.036737
10301	有救	7	424563	80.038057
10302	有聲片	7	424570	80.039377
10303	次日	7	424577	80.040697
10304	次要	7	424584	80.042017
10305	死亡率	7	424591	80.043337
10306	池塘	7	424598	80.044657
10307	灰色	7	424605	80.045977
10308	百合	7	424612	80.047297
10309	羽球賽	7	424619	80.048617
10310	老少	7	424626	80.049937
10311	老母	7	424633	80.051257
10312	老朋友	7	424640	80.052577
10313	老屋	7	424647	80.053897
10314	老闆娘	7	424654	80.055217
10315	考古學	7	424661	80.056537
10316	考證	7	424668	80.057857
10317	耳目一新	7	424675	80.059177
10318	耳語	7	424682	80.060497
10319	自如	7	424689	80.061817
10320	自此	7	424696	80.063137
10321	自我介紹	7	424703	80.064457
10322	自保	7	424710	80.065777
10323	自省	7	424717	80.067097
10324	自負	7	424724	80.068417
10325	自排變速箱	7	424731	80.069737
10326	自滿	7	424738	80.071057
10327	至喜亭	7	424745	80.072377
10328	臼齒	7	424752	80.073697
10329	艾歷	7	424759	80.075017
10330	行員	7	424766	80.076337
10331	行善	7	424773	80.077657
10332	行囊	7	424780	80.078977
10333	衣索匹亞	7	424787	80.080297
10334	衣櫃	7	424794	80.081617
10335	西南	7	424801	80.082937
10336	西海岸	7	424808	80.084257
10337	西餐	7	424815	80.085577
10338	住所	7	424822	80.086897
10339	住院醫師	7	424829	80.088217
10340	佛寺	7	424836	80.089537
10341	何方	7	424843	80.090857
10342	何貴正	7	424850	80.092177
10343	伺候	7	424857	80.093497
10344	伸直	7	424864	80.094817
10345	佃農	7	424871	80.096137
10346	但願	7	424878	80.097457
10347	作息	7	424885	80.098777
10348	作夢	7	424892	80.100097
10349	伯伯	7	424899	80.101417
10350	低沉	7	424906	80.102737
10351	低速	7	424913	80.104057
10352	低矮	7	424920	80.105377
10353	低頭	7	424927	80.106697
10354	冷水	7	424934	80.108017
10355	別開生面	7	424941	80.109337
10356	判決	7	424948	80.110657
10357	判斷力	7	424955	80.111977
10358	即刻	7	424962	80.113297
10359	吾珥	7	424969	80.114617
10360	否決	7	424976	80.115937
10361	吸氣	7	424983	80.117257
10362	吸塵器	7	424990	80.118577
10363	困苦	7	424997	80.119897
10364	坑洞	7	425004	80.121217
10365	坐落	7	425011	80.122537
10366	妥當	7	425018	80.123857
10367	宏偉	7	425025	80.125177
10368	尾隨	7	425032	80.126497
10369	希臘人	7	425039	80.127817
10370	忘懷	7	425046	80.129137
10371	快艇	7	425053	80.130457
10372	技師	7	425060	80.131777
10373	批發	7	425067	80.133097
10374	改用	7	425074	80.134417
10375	更改	7	425081	80.135737
10376	李石曾	7	425088	80.137057
10377	李立群	7	425095	80.138377
10378	李穗蓉	7	425102	80.139697
10379	村莊	7	425109	80.141017
10380	杜撰	7	425116	80.142337
10381	杜鵑	7	425123	80.143657
10382	求職	7	425130	80.144977
10383	沉淪	7	425137	80.146297
10384	沉澱	7	425144	80.147617
10385	汽車廠	7	425151	80.148937
10386	灼傷	7	425158	80.150257
10387	牢牢	7	425165	80.151577
10388	男方	7	425172	80.152897
10389	私下	7	425179	80.154217
10390	肚臍	7	425186	80.155537
10391	言行	7	425193	80.156857
10392	言談	7	425200	80.158177
10393	言論自由	7	425207	80.159497
10394	赤峰	7	425214	80.160817
10395	足球隊	7	425221	80.162137
10396	身世	7	425228	80.163457
10397	車位	7	425235	80.164777
10398	車票	7	425242	80.166097
10399	車輪	7	425249	80.167417
10400	辛勤	7	425256	80.168737
10401	辛酸	7	425263	80.170057
10402	那次	7	425270	80.171377
10403	那時候	7	425277	80.172697
10404	里耶卡	7	425284	80.174017
10405	防制	7	425291	80.175337
10406	乖乖	7	425298	80.176657
10407	乳酪	7	425305	80.177977
10408	亞倫	7	425312	80.179297
10409	依次	7	425319	80.180617
10410	依序	7	425326	80.181937
10411	佳餚	7	425333	80.183257
10412	供髓者	7	425340	80.184577
10413	併入	7	425347	80.185897
10414	兩人	7	425354	80.187217
10415	其他人	7	425361	80.188537
10416	刻不容緩	7	425368	80.189857
10417	刺激性	7	425375	80.191177
10418	到場	7	425382	80.192497
10419	制止	7	425389	80.193817
10420	卓別林	7	425396	80.195137
10421	卑南	7	425403	80.196457
10422	卑賤	7	425410	80.197777
10423	取捨	7	425417	80.199097
10424	受精卵	7	425424	80.200417
10425	受罰	7	425431	80.201737
10426	受歡迎	7	425438	80.203057
10427	咀嚼	7	425445	80.204377
10428	和風	7	425452	80.205697
10429	周全	7	425459	80.207017
10430	周詳	7	425466	80.208337
10431	命脈	7	425473	80.209657
10432	命題	7	425480	80.210977
10433	固執	7	425487	80.212297
10434	坦尚尼亞	7	425494	80.213617
10435	奉行	7	425501	80.214937
10436	孟加拉	7	425508	80.216257
10437	宗室	7	425515	80.217577
10438	屈辱	7	425522	80.218897
10439	店員	7	425529	80.220217
10440	店家	7	425536	80.221537
10441	延緩	7	425543	80.222857
10442	性敏感區	7	425550	80.224177
10443	拉出	7	425557	80.225497
10444	拉扯	7	425564	80.226817
10445	招呼	7	425571	80.228137
10446	招訓	7	425578	80.229457
10447	抽籤	7	425585	80.230777
10448	抵消	7	425592	80.232097
10449	拘泥	7	425599	80.233417
10450	拖鞋	7	425606	80.234737
10451	放屁	7	425613	80.236057
10452	放牧	7	425620	80.237377
10453	易塔克島	7	425627	80.238697
10454	明治維新	7	425634	80.240017
10455	昏睡	7	425641	80.241337
10456	服務生	7	425648	80.242657
10457	服務臺	7	425655	80.243977
10458	東北部	7	425662	80.245297
10459	林相	7	425669	80.246617
10460	武力犯臺	7	425676	80.247937
10461	氛圍	7	425683	80.249257
10462	注音	7	425690	80.250577
10463	泥濘	7	425697	80.251897
10464	河北	7	425704	80.253217
10465	河畔	7	425711	80.254537
10466	沼氣	7	425718	80.255857
10467	波瀾	7	425725	80.257177
10468	法師	7	425732	80.258497
10469	法務部	7	425739	80.259817
10470	炒菜	7	425746	80.261137
10471	爭辯	7	425753	80.262457
10472	版圖	7	425760	80.263777
10473	牧場	7	425767	80.265097
10474	社工員	7	425774	80.266417
10475	社會成本	7	425781	80.267737
10476	社會黨	7	425788	80.269057
10477	空中小姐	7	425795	80.270377
10478	空曠	7	425802	80.271697
10479	肥料	7	425809	80.273017
10480	花生	7	425816	80.274337
10481	花草	7	425823	80.275657
10482	花旗銀行	7	425830	80.276977
10483	初賽	7	425837	80.278297
10484	迎面	7	425844	80.279617
10485	返流	7	425851	80.280937
10486	返臺	7	425858	80.282257
10487	近郊	7	425865	80.283577
10488	金花鼠	7	425872	80.284897
10489	金黃	7	425879	80.286217
10490	金融市場	7	425886	80.287537
10491	金礦	7	425893	80.288857
10492	長老	7	425900	80.290177
10493	長時間	7	425907	80.291497
10494	長袍	7	425914	80.292817
10495	長程	7	425921	80.294137
10496	門神	7	425928	80.295457
10497	門檻	7	425935	80.296777
10498	陀螺	7	425942	80.298097
10499	阿卡魯拉	7	425949	80.299417
10500	阿波羅	7	425956	80.300737
10501	阿諾	7	425963	80.302057
10502	阻隔	7	425970	80.303377
10503	阻斷	7	425977	80.304697
10504	附約	7	425984	80.306017
10505	雨中	7	425991	80.307337
10506	青山	7	425998	80.308657
10507	青山綠水	7	426005	80.309977
10508	非但	7	426012	80.311297
10509	信服	7	426019	80.312617
10510	信封	7	426026	80.313937
10511	信息	7	426033	80.315257
10512	信託法	7	426040	80.316577
10513	信箋	7	426047	80.317897
10514	侵害	7	426054	80.319217
10515	侵襲	7	426061	80.320537
10516	保姆	7	426068	80.321857
10517	保險金	7	426075	80.323177
10518	侮辱	7	426082	80.324497
10519	俐落	7	426089	80.325817
10520	前去	7	426096	80.327137
10521	前額	7	426103	80.328457
10522	南美洲	7	426110	80.329777
10523	南港	7	426117	80.331097
10524	厚實	7	426124	80.332417
10525	叛逆	7	426131	80.333737
10526	品嘗	7	426138	80.335057
10527	垂頭喪氣	7	426145	80.336377
10528	威士忌	7	426152	80.337697
10529	宣揚	7	426159	80.339017
10530	室內設計	7	426166	80.340337
10531	室外	7	426173	80.341657
10532	屏障	7	426180	80.342977
10533	後方	7	426187	80.344297
10534	後漢書	7	426194	80.345617
10535	後顧之憂	7	426201	80.346937
10536	急需	7	426208	80.348257
10537	急劇	7	426215	80.349577
10538	怨言	7	426222	80.350897
10539	恍然	7	426229	80.352217
10540	指向	7	426236	80.353537
10541	挑起	7	426243	80.354857
10542	政治系	7	426250	80.356177
10543	政風	7	426257	80.357497
10544	故障	7	426264	80.358817
10545	是的	7	426271	80.360137
10546	星象	7	426278	80.361457
10547	昨晚	7	426285	80.362777
10548	柔情	7	426292	80.364097
10549	柔道	7	426299	80.365417
10550	架式	7	426306	80.366737
10551	查閱	7	426313	80.368057
10552	枸杞	7	426320	80.369377
10553	段落	7	426327	80.370697
10554	毒藥	7	426334	80.372017
10555	洋蔥	7	426341	80.373337
10556	流浪狗	7	426348	80.374657
10557	流域	7	426355	80.375977
10558	流逝	7	426362	80.377297
10559	流量	7	426369	80.378617
10560	津津有味	7	426376	80.379937
10561	洞悉	7	426383	80.381257
10562	活水	7	426390	80.382577
10563	派人	7	426397	80.383897
10564	派駐	7	426404	80.385217
10565	炫燦	7	426411	80.386537
10566	為難	7	426418	80.387857
10567	珍奇	7	426425	80.389177
10568	界線	7	426432	80.390497
10569	皇子	7	426439	80.391817
10570	盈虧	7	426446	80.393137
10571	盆地	7	426453	80.394457
10572	省錢	7	426460	80.395777
10573	相干	7	426467	80.397097
10574	相見	7	426474	80.398417
10575	相思	7	426481	80.399737
10576	相約	7	426488	80.401057
10577	相容	7	426495	80.402377
10578	相術	7	426502	80.403697
10579	看護	7	426509	80.405017
10580	科長	7	426516	80.406337
10581	秋日	7	426523	80.407657
10582	突破性	7	426530	80.408977
10583	突起	7	426537	80.410297
10584	紅脣	7	426544	80.411617
10585	紅糖	7	426551	80.412937
10586	紀元	7	426558	80.414257
10587	紀念館	7	426565	80.415577
10588	約瑟	7	426572	80.416897
10589	美麗島事件	7	426579	80.418217
10590	背書	7	426586	80.419537
10591	背棄	7	426593	80.420857
10592	苗家	7	426600	80.422177
10593	苗栗縣	7	426607	80.423497
10594	英文字	7	426614	80.424817
10595	英明	7	426621	80.426137
10596	貞操	7	426628	80.427457
10597	軍售	7	426635	80.428777
10598	軍機大臣	7	426642	80.430097
10599	重頭戲	7	426649	80.431417
10600	面目全非	7	426656	80.432737
10601	韋端	7	426663	80.434057
10602	音符	7	426670	80.435377
10603	音節	7	426677	80.436697
10604	風範	7	426684	80.438017
10605	風霜	7	426691	80.439337
10606	飛行員	7	426698	80.440657
10607	飛碟	7	426705	80.441977
10608	首季	7	426712	80.443297
10609	首屈一指	7	426719	80.444617
10610	首重	7	426726	80.445937
10611	首領	7	426733	80.447257
10612	香蕉	7	426740	80.448577
10613	俯視	7	426747	80.449897
10614	倡議	7	426754	80.451217
10615	候選	7	426761	80.452537
10616	修法	7	426768	80.453857
10617	倪再沁	7	426775	80.455177
10618	倉庫	7	426782	80.456497
10619	凌駕	7	426789	80.457817
10620	凋謝	7	426796	80.459137
10621	匪夷所思	7	426803	80.460457
10622	原子核	7	426810	80.461777
10623	原廠	7	426817	80.463097
10624	唐琬	7	426824	80.464417
10625	哥倆好	7	426831	80.465737
10626	哺乳類	7	426838	80.467057
10627	埋怨	7	426845	80.468377
10628	埋首	7	426852	80.469697
10629	夏姬	7	426859	80.471017
10630	孫運璿	7	426866	80.472337
10631	家喻戶曉	7	426873	80.473657
10632	宴請	7	426880	80.474977
10633	射出	7	426887	80.476297
10634	射箭	7	426894	80.477617
10635	展期	7	426901	80.478937
10636	展覽會	7	426908	80.480257
10637	展露	7	426915	80.481577
10638	席次	7	426922	80.482897
10639	徒然	7	426929	80.484217
10640	恐怖分子	7	426936	80.485537
10641	恐怖片	7	426943	80.486857
10642	捉迷藏	7	426950	80.488177
10643	捐地	7	426957	80.489497
10644	效力	7	426964	80.490817
10645	時事	7	426971	80.492137
10646	時宜	7	426978	80.493457
10647	時時刻刻	7	426985	80.494777
10648	時報廣告金像獎	7	426992	80.496097
10649	時數	7	426999	80.497417
10650	書刊	7	427006	80.498737
10651	書市	7	427013	80.500057
10652	書局	7	427020	80.501377
10653	校友	7	427027	80.502697
10654	核武	7	427034	80.504017
10655	桌椅	7	427041	80.505337
10656	柴油	7	427048	80.506657
10657	桃縣	7	427055	80.507977
10658	殊榮	7	427062	80.509297
10659	海狗	7	427069	80.510617
10660	海星	7	427076	80.511937
10661	海鮮	7	427083	80.513257
10662	特異	7	427090	80.514577
10663	特惠	7	427097	80.515897
10664	狹小	7	427104	80.517217
10665	真心	7	427111	80.518537
10666	真空	7	427118	80.519857
10667	祖父	7	427125	80.521177
10668	租賃	7	427132	80.522497
10669	秦俑	7	427139	80.523817
10670	笑臉	7	427146	80.525137
10671	索取	7	427153	80.526457
10672	納悶	7	427160	80.527777
10673	紙廠	7	427167	80.529097
10674	紛亂	7	427174	80.530417
10675	缺血	7	427181	80.531737
10676	胸膛	7	427188	80.533057
10677	脈管炎	7	427195	80.534377
10678	脊柱	7	427202	80.535697
10679	航空工業	7	427209	80.537017
10680	航運	7	427216	80.538337
10681	荒唐	7	427223	80.539657
10682	記趣	7	427230	80.540977
10683	財物	7	427237	80.542297
10684	起先	7	427244	80.543617
10685	迴路	7	427251	80.544937
10686	逃漏稅	7	427258	80.546257
10687	逃學	7	427265	80.547577
10688	酒店	7	427272	80.548897
10689	配角	7	427279	80.550217
10690	釘子	7	427286	80.551537
10691	除卻	7	427293	80.552857
10692	馬利	7	427300	80.554177
10693	馬來人	7	427307	80.555497
10694	骨折	7	427314	80.556817
10695	高亢	7	427321	80.558137
10696	高枕無憂	7	427328	80.559457
10697	高個子	7	427335	80.560777
10698	高球場	7	427342	80.562097
10699	高超	7	427349	80.563417
10700	高僧	7	427356	80.564737
10701	高薪	7	427363	80.566057
10702	停徵	7	427370	80.567377
10703	停辦	7	427377	80.568697
10704	偶而	7	427384	80.570017
10705	偏重	7	427391	80.571337
10706	偏食	7	427398	80.572657
10707	偏高	7	427405	80.573977
10708	偏離	7	427412	80.575297
10709	副主任	7	427419	80.576617
10710	副教授	7	427426	80.577937
10711	勘察	7	427433	80.579257
10712	動向	7	427440	80.580577
10713	曼德拉	7	427447	80.581897
10714	商界	7	427454	80.583217
10715	啄木鳥	7	427461	80.584537
10716	唱遊	7	427468	80.585857
10717	國防部長	7	427475	80.587177
10718	國勢	7	427482	80.588497
10719	國際單位制	7	427489	80.589817
10720	國際機場	7	427496	80.591137
10721	國寶	7	427503	80.592457
10722	國籍	7	427510	80.593777
10723	堅決	7	427517	80.595097
10724	堅實	7	427524	80.596417
10725	執筆	7	427531	80.597737
10726	執意	7	427538	80.599057
10727	奢侈	7	427545	80.600377
10728	寄養	7	427552	80.601697
10729	密林	7	427559	80.603017
10730	專刊	7	427566	80.604337
10731	專屬	7	427573	80.605657
10732	屠殺	7	427580	80.606977
10733	崑劇	7	427587	80.608297
10734	常務	7	427594	80.609617
10735	常勝軍	7	427601	80.610937
10736	帶原者	7	427608	80.612257
10737	帶頭	7	427615	80.613577
10738	康乃馨	7	427622	80.614897
10739	張耆	7	427629	80.616217
10740	強硬	7	427636	80.617537
10741	彩陶	7	427643	80.618857
10742	彩畫	7	427650	80.620177
10743	情書	7	427657	80.621497
10744	情操	7	427664	80.622817
10745	控告	7	427671	80.624137
10746	捲入	7	427678	80.625457
10747	探險家	7	427685	80.626777
10748	接合	7	427692	80.628097
10749	接替	7	427699	80.629417
10750	掩蓋	7	427706	80.630737
10751	掃描	7	427713	80.632057
10752	授予	7	427720	80.633377
10753	排泄	7	427727	80.634697
10754	排泄物	7	427734	80.636017
10755	教人	7	427741	80.637337
10756	教化	7	427748	80.638657
10757	教育部長	7	427755	80.639977
10758	教具	7	427762	80.641297
10759	教師節	7	427769	80.642617
10760	斜方肌	7	427776	80.643937
10761	斬釘截鐵	7	427783	80.645257
10762	晝夜	7	427790	80.646577
10763	晚安	7	427797	80.647897
10764	殺傷力	7	427804	80.649217
10765	清水	7	427811	80.650537
10766	清香	7	427818	80.651857
10767	清爽	7	427825	80.653177
10768	清寒	7	427832	80.654497
10769	淋病	7	427839	80.655817
10770	涵義	7	427846	80.657137
10771	淚囊	7	427853	80.658457
10772	深山	7	427860	80.659777
10773	深切	7	427867	80.661097
10774	深具	7	427874	80.662417
10775	深陷	7	427881	80.663737
10776	烹飪	7	427888	80.665057
10777	烹調	7	427895	80.666377
10778	猜謎	7	427902	80.667697
10779	球技	7	427909	80.669017
10780	理事	7	427916	80.670337
10781	理賠	7	427923	80.671657
10782	現形	7	427930	80.672977
10783	產婦	7	427937	80.674297
10784	畢生	7	427944	80.675617
10785	異物	7	427951	80.676937
10786	異數	7	427958	80.678257
10787	疏散	7	427965	80.679577
10788	疏遠	7	427972	80.680897
10789	疏離	7	427979	80.682217
10790	眼花	7	427986	80.683537
10791	眼藥水	7	427993	80.684857
10792	票源	7	428000	80.686177
10793	祭拜	7	428007	80.687497
10794	移民局	7	428014	80.688817
10795	移師	7	428021	80.690137
10796	粗獷	7	428028	80.691457
10797	統籌	7	428035	80.692777
10798	細小	7	428042	80.694097
10799	細雨	7	428049	80.695417
10800	細胞自戕	7	428056	80.696737
10801	組團	7	428063	80.698057
10802	終身壽險	7	428070	80.699377
10803	莫名	7	428077	80.700697
10804	荷包	7	428084	80.702017
10805	被害人	7	428091	80.703337
10806	設有	7	428098	80.704657
10807	販售	7	428105	80.705977
10808	責無旁貸	7	428112	80.707297
10809	貨車	7	428119	80.708617
10810	這塊	7	428126	80.709937
10811	通盤	7	428133	80.711257
10812	連同	7	428140	80.712577
10813	郭富城	7	428147	80.713897
10814	野狗	7	428154	80.715217
10815	野狼	7	428161	80.716537
10816	陳文郎	7	428168	80.717857
10817	陳哲男	7	428175	80.719177
10818	陶片	7	428182	80.720497
10819	陶醉	7	428189	80.721817
10820	陷於	7	428196	80.723137
10821	頂樓	7	428203	80.724457
10822	麥克風	7	428210	80.725777
10823	凱撒	7	428217	80.727097
10824	凱賽	7	428224	80.728417
10825	創業者	7	428231	80.729737
10826	勞苦	7	428238	80.731057
10827	勝過	7	428245	80.732377
10828	博士班	7	428252	80.733697
10829	喧鬧	7	428259	80.735017
10830	喜怒哀樂	7	428266	80.736337
10831	喜慶	7	428273	80.737657
10832	單輪車	7	428280	80.738977
10833	報考	7	428287	80.740297
10834	報章	7	428294	80.741617
10835	報警	7	428301	80.742937
10836	富貴	7	428308	80.744257
10837	寓教於樂	7	428315	80.745577
10838	尊榮	7	428322	80.746897
10839	尋覓	7	428329	80.748217
10840	廂型車	7	428336	80.749537
10841	復出	7	428343	80.750857
10842	復古	7	428350	80.752177
10843	惡習	7	428357	80.753497
10844	悲壯	7	428364	80.754817
10845	提防	7	428371	80.756137
10846	提案	7	428378	80.757457
10847	換季	7	428385	80.758777
10848	換算	7	428392	80.760097
10849	散形	7	428399	80.761417
10850	普查	7	428406	80.762737
10851	景況	7	428413	80.764057
10852	智慧型	7	428420	80.765377
10853	朝會	7	428427	80.766697
10854	欽佩	7	428434	80.768017
10855	港臺	7	428441	80.769337
10856	游走	7	428448	80.770657
10857	游牧	7	428455	80.771977
10858	焚化	7	428462	80.773297
10859	無所謂	7	428469	80.774617
10860	無為	7	428476	80.775937
10861	無望	7	428483	80.777257
10862	無視	7	428490	80.778577
10863	無微不至	7	428497	80.779897
10864	無謂	7	428504	80.781217
10865	犀利	7	428511	80.782537
10866	猶太	7	428518	80.783857
10867	甦醒	7	428525	80.785177
10868	畫出	7	428532	80.786497
10869	畫筆	7	428539	80.787817
10870	痢疾	7	428546	80.789137
10871	痛心	7	428553	80.790457
10872	發威	7	428560	80.791777
10873	發射星雲	7	428567	80.793097
10874	發問	7	428574	80.794417
10875	發跡	7	428581	80.795737
10876	短褲	7	428588	80.797057
10877	稀鬆	7	428595	80.798377
10878	童妓	7	428602	80.799697
10879	筆名	7	428609	80.801017
10880	結業	7	428616	80.802337
10881	善人	7	428623	80.803657
10882	善意	7	428630	80.804977
10883	腋窩	7	428637	80.806297
10884	舒伯特	7	428644	80.807617
10885	華康	7	428651	80.808937
10886	華盛頓	7	428658	80.810257
10887	華智	7	428665	80.811577
10888	華隆集團	7	428672	80.812897
10889	著墨	7	428679	80.814217
10890	菊花	7	428686	80.815537
10891	虛榮	7	428693	80.816857
10892	蛤仔難	7	428700	80.818177
10893	裁定	7	428707	80.819497
10894	裂開	7	428714	80.820817
10895	視窗	7	428721	80.822137
10896	評語	7	428728	80.823457
10897	評議	7	428735	80.824777
10898	貯存	7	428742	80.826097
10899	貼近	7	428749	80.827417
10900	賀禮	7	428756	80.828737
10901	貴姓	7	428763	80.830057
10902	買菜	7	428770	80.831377
10903	超大型電子	7	428777	80.832697
10904	超級跑車	7	428784	80.834017
10905	跌幅	7	428791	80.835337
10906	跌落	7	428798	80.836657
10907	進城	7	428805	80.837977
10908	開播	7	428812	80.839297
10909	開銷	7	428819	80.840617
10910	開賽	7	428826	80.841937
10911	隆起	7	428833	80.843257
10912	雄蟹	7	428840	80.844577
10913	韌性	7	428847	80.845897
10914	黃必棟	7	428854	80.847217
10915	黃奉正	7	428861	80.848537
10916	黑名單	7	428868	80.849857
10917	黑澤明	7	428875	80.851177
10918	債權人	7	428882	80.852497
10919	傲視	7	428889	80.853817
10920	傳染性	7	428896	80.855137
10921	僅存	7	428903	80.856457
10922	嗓子	7	428910	80.857777
10923	園區	7	428917	80.859097
10924	圓弧	7	428924	80.860417
10925	圓潤	7	428931	80.861737
10926	塔塔加	7	428938	80.863057
10927	奧斯卡	7	428945	80.864377
10928	奧會	7	428952	80.865697
10929	媽咪	7	428959	80.867017
10930	幹勁	7	428966	80.868337
10931	意涵	7	428973	80.869657
10932	意猶未盡	7	428980	80.870977
10933	慈濟功德會	7	428987	80.872297
10934	慈禧	7	428994	80.873617
10935	愛迪生	7	429001	80.874937
10936	愛惜	7	429008	80.876257
10937	愛戀	7	429015	80.877577
10938	搭建	7	429022	80.878897
10939	搏鬥	7	429029	80.880217
10940	搜索	7	429036	80.881537
10941	搶先	7	429043	80.882857
10942	敬重	7	429050	80.884177
10943	敬意	7	429057	80.885497
10944	新石器時代	7	429064	80.886817
10945	新竹縣市	7	429071	80.888137
10946	新作	7	429078	80.889457
10947	新法	7	429085	80.890777
10948	新近	7	429092	80.892097
10949	新裝	7	429099	80.893417
10950	暗自	7	429106	80.894737
10951	暗藏	7	429113	80.896057
10952	會陰體	7	429120	80.897377
10953	業障	7	429127	80.898697
10954	楓葉	7	429134	80.900017
10955	歲末	7	429141	80.901337
10956	毽子	7	429148	80.902657
10957	溫差	7	429155	80.903977
10958	溫飽	7	429162	80.905297
10959	溫德斯	7	429169	80.906617
10960	準確性	7	429176	80.907937
10961	滄桑	7	429183	80.909257
10962	照例	7	429190	80.910577
10963	照亮	7	429197	80.911897
10964	照相機	7	429204	80.913217
10965	當政者	7	429211	80.914537
10966	當道	7	429218	80.915857
10967	睜開	7	429225	80.917177
10968	矮人	7	429232	80.918497
10969	禁令	7	429239	80.919817
10970	萬花筒	7	429246	80.921137
10971	萬象	7	429253	80.922457
10972	經紀	7	429260	80.923777
10973	經銷	7	429267	80.925097
10974	經濟成長率	7	429274	80.926417
10975	罪惡感	7	429281	80.927737
10976	群山	7	429288	80.929057
10977	腳毛	7	429295	80.930377
10978	腳印	7	429302	80.931697
10979	腫大	7	429309	80.933017
10980	落日	7	429316	80.934337
10981	落腳	7	429323	80.935657
10982	落難	7	429330	80.936977
10983	葉片	7	429337	80.938297
10984	葉爾辛	7	429344	80.939617
10985	裝潢	7	429351	80.940937
10986	試用	7	429358	80.942257
10987	詩文	7	429365	80.943577
10988	詩篇	7	429372	80.944897
10989	跳蚤市場	7	429379	80.946217
10990	跳脫	7	429386	80.947537
10991	農人	7	429393	80.948857
10992	農作物	7	429400	80.950177
10993	農保	7	429407	80.951497
10994	運動量	7	429414	80.952817
10995	遊覽車	7	429421	80.954137
10996	道出	7	429428	80.955457
10997	道別	7	429435	80.956777
10998	違建	7	429442	80.958097
10999	過夜	7	429449	80.959417
11000	過剩	7	429456	80.960737
11001	酬勞	7	429463	80.962057
11002	雷雨	7	429470	80.963377
11003	電玩店	7	429477	80.964697
11004	電信局	7	429484	80.966017
11005	電訊	7	429491	80.967337
11006	電廠	7	429498	80.968657
11007	電影片	7	429505	80.969977
11008	電擊	7	429512	80.971297
11009	電療	7	429519	80.972617
11010	電纜	7	429526	80.973937
11011	預留	7	429533	80.975257
11012	預售屋	7	429540	80.976577
11013	預報	7	429547	80.977897
11014	飾帶	7	429554	80.979217
11015	鼓聲	7	429561	80.980537
11016	厭倦	7	429568	80.981857
11017	境外	7	429575	80.983177
11018	壽險公司	7	429582	80.984497
11019	夢中	7	429589	80.985817
11020	夢魘	7	429596	80.987137
11021	實情	7	429603	80.988457
11022	實業	7	429610	80.989777
11023	實驗車	7	429617	80.991097
11024	對稱	7	429624	80.992417
11025	廖輝英	7	429631	80.993737
11026	彰宜機場	7	429638	80.995057
11027	慘烈	7	429645	80.996377
11028	截癱	7	429652	80.997697
11029	旗鼓相當	7	429659	80.999017
11030	榮民	7	429666	81.000337
11031	構築	7	429673	81.001657
11032	槍擊	7	429680	81.002977
11033	歌星	7	429687	81.004297
11034	歌詞	7	429694	81.005617
11035	漂浮	7	429701	81.006937
11036	滿天飛	7	429708	81.008257
11037	滿懷	7	429715	81.009577
11038	漆黑	7	429722	81.010897
11039	漲潮	7	429729	81.012217
11040	盡心	7	429736	81.013537
11041	睡蓮	7	429743	81.014857
11042	磁鐵	7	429750	81.016177
11043	福利國	7	429757	81.017497
11044	福氣	7	429764	81.018817
11045	種花	7	429771	81.020137
11046	端正	7	429778	81.021457
11047	管足	7	429785	81.022777
11048	精準	7	429792	81.024097
11049	綻放	7	429799	81.025417
11050	綜藝節目	7	429806	81.026737
11051	臺灣大學	7	429813	81.028057
11052	與會	7	429820	81.029377
11053	舞臺劇	7	429827	81.030697
11054	蒼白	7	429834	81.032017
11055	認出	7	429841	81.033337
11056	誘發	7	429848	81.034657
11057	賓塔	7	429855	81.035977
11058	赫伯定律	7	429862	81.037297
11059	趕走	7	429869	81.038617
11060	輔選	7	429876	81.039937
11061	輕便	7	429883	81.041257
11062	遠比	7	429890	81.042577
11063	酸雨	7	429897	81.043897
11064	銀色	7	429904	81.045217
11065	閣員	7	429911	81.046537
11066	領略	7	429918	81.047857
11067	領會	7	429925	81.049177
11068	鳳山	7	429932	81.050497
11069	鳳凰	7	429939	81.051817
11070	鼻涕	7	429946	81.053137
11071	儀錶座	7	429953	81.054457
11072	劉一明	7	429960	81.055777
11073	劉秉忠	7	429967	81.057097
11074	劉泰英	7	429974	81.058417
11075	劍橋	7	429981	81.059737
11076	嘴角	7	429988	81.061057
11077	嘴脣	7	429995	81.062377
11078	寬度	7	430002	81.063697
11079	寬恕	7	430009	81.065017
11080	審美	7	430016	81.066337
11081	寫字樓	7	430023	81.067657
11082	廢棄	7	430030	81.068977
11083	廟宇	7	430037	81.070297
11084	廝殺	7	430044	81.071617
11085	廣西	7	430051	81.072937
11086	廠牌	7	430058	81.074257
11087	德記	7	430065	81.075577
11088	德國人	7	430072	81.076897
11089	徵文比賽	7	430079	81.078217
11090	憤慨	7	430086	81.079537
11091	摩天大樓	7	430093	81.080857
11092	撰稿	7	430100	81.082177
11093	撥款	7	430107	81.083497
11094	播映	7	430114	81.084817
11095	數年	7	430121	81.086137
11096	標點符號	7	430128	81.087457
11097	模倣	7	430135	81.088777
11098	歐洲人	7	430142	81.090097
11099	潛藏	7	430149	81.091417
11100	潮水	7	430156	81.092737
11101	熱中	7	430163	81.094057
11102	熱帶雨林	7	430170	81.095377
11103	熱鬧滾滾	7	430177	81.096697
11104	熱騰騰	7	430184	81.098017
11105	確知	7	430191	81.099337
11106	確信	7	430198	81.100657
11107	穀倉	7	430205	81.101977
11108	稽查	7	430212	81.103297
11109	稻子	7	430219	81.104617
11110	緬懷	7	430226	81.105937
11111	緝私	7	430233	81.107257
11112	緣由	7	430240	81.108577
11113	緩解	7	430247	81.109897
11114	衝撞	7	430254	81.111217
11115	請辭	7	430261	81.112537
11116	課外	7	430268	81.113857
11117	調配	7	430275	81.115177
11118	調幅	7	430282	81.116497
11119	調漲	7	430289	81.117817
11120	論點	7	430296	81.119137
11121	賠錢	7	430303	81.120457
11122	賞花	7	430310	81.121777
11123	賞識	7	430317	81.123097
11124	賭注	7	430324	81.124417
11125	賭場	7	430331	81.125737
11126	賣掉	7	430338	81.127057
11127	踏入	7	430345	81.128377
11128	輪圈	7	430352	81.129697
11129	鄰里	7	430359	81.131017
11130	鄭重	7	430366	81.132337
11131	鄧紀方	7	430373	81.133657
11132	醉心	7	430380	81.134977
11133	鋪設	7	430387	81.136297
11134	養蠶	7	430394	81.137617
11135	凝視	7	430401	81.138937
11136	學苑	7	430408	81.140257
11137	導引	7	430415	81.141577
11138	懊惱	7	430422	81.142897
11139	整建	7	430429	81.144217
11140	曆法	7	430436	81.145537
11141	曉得	7	430443	81.146857
11142	樹幹	7	430450	81.148177
11143	機房	7	430457	81.149497
11144	機油	7	430464	81.150817
11145	機型	7	430471	81.152137
11146	歷史系	7	430478	81.153457
11147	歷任	7	430485	81.154777
11148	濃烈	7	430492	81.156097
11149	濃密	7	430499	81.157417
11150	熾熱	7	430506	81.158737
11151	燈泡	7	430513	81.160057
11152	獨木舟	7	430520	81.161377
11153	獨具	7	430527	81.162697
11154	積分	7	430534	81.164017
11155	積雪	7	430541	81.165337
11156	螢光幕	7	430548	81.166657
11157	親手	7	430555	81.167977
11158	親生	7	430562	81.169297
11159	親吻	7	430569	81.170617
11160	親職教育	7	430576	81.171937
11161	諮商	7	430583	81.173257
11162	辦到	7	430590	81.174577
11163	遴選	7	430597	81.175897
11164	選定	7	430604	81.177217
11165	選情	7	430611	81.178537
11166	選罷法	7	430618	81.179857
11167	遺存	7	430625	81.181177
11168	遺產稅	7	430632	81.182497
11169	醒目	7	430639	81.183817
11170	鋼筋	7	430646	81.185137
11171	錄音室	7	430653	81.186457
11172	錄影機	7	430660	81.187777
11173	隨波逐流	7	430667	81.189097
11174	隨從	7	430674	81.190417
11175	險惡	7	430681	81.191737
11176	險種	7	430688	81.193057
11177	靜態	7	430695	81.194377
11178	頻傳	7	430702	81.195697
11179	頭版	7	430709	81.197017
11180	餐點	7	430716	81.198337
11181	鮑羅廷	7	430723	81.199657
11182	鴛鴦	7	430730	81.200977
11183	龍美仙	7	430737	81.202297
11184	優生	7	430744	81.203617
11185	儲備	7	430751	81.204937
11186	嚇壞	7	430758	81.206257
11187	嬪妃	7	430765	81.207577
11188	嬤嬤	7	430772	81.208897
11189	應有盡有	7	430779	81.210217
11190	應景	7	430786	81.211537
11191	應戰	7	430793	81.212857
11192	濱海	7	430800	81.214177
11193	營利	7	430807	81.215497
11194	營利事業	7	430814	81.216817
11195	獲利率	7	430821	81.218137
11196	瞬時	7	430828	81.219457
11197	總司令	7	430835	81.220777
11198	總冠軍	7	430842	81.222097
11199	總價	7	430849	81.223417
11200	總質詢	7	430856	81.224737
11201	繁茂	7	430863	81.226057
11202	聲響	7	430870	81.227377
11203	臨時會	7	430877	81.228697
11204	舉足輕重	7	430884	81.230017
11205	螺絲釘	7	430891	81.231337
11206	謝深山	7	430898	81.232657
11207	豁免	7	430905	81.233977
11208	購屋者	7	430912	81.235297
11209	輾轉	7	430919	81.236617
11210	避震器	7	430926	81.237937
11211	還沒	7	430933	81.239257
11212	邀約	7	430940	81.240577
11213	鍥而不捨	7	430947	81.241897
11214	隸屬	7	430954	81.243217
11215	鞠躬	7	430961	81.244537
11216	鮮乳	7	430968	81.245857
11217	鴿子	7	430975	81.247177
11218	黏膠	7	430982	81.248497
11219	擴音器	7	430989	81.249817
11220	斷交	7	430996	81.251137
11221	檸檬	7	431003	81.252457
11222	歸咎	7	431010	81.253777
11223	歸國	7	431017	81.255097
11224	歸類	7	431024	81.256417
11225	簡易型	7	431031	81.257737
11226	翻案	7	431038	81.259057
11227	翻閱	7	431045	81.260377
11228	職責	7	431052	81.261697
11229	舊有	7	431059	81.263017
11230	舊衣	7	431066	81.264337
11231	藍本	7	431073	81.265657
11232	豐原	7	431080	81.266977
11233	轉任	7	431087	81.268297
11234	轉到	7	431094	81.269617
11235	轉為	7	431101	81.270937
11236	醫學界	7	431108	81.272257
11237	鎮長	7	431115	81.273577
11238	闖關	7	431122	81.274897
11239	雜草	7	431129	81.276217
11240	雜感	7	431136	81.277537
11241	雙凸輪軸	7	431143	81.278857
11242	雙安全氣囊	7	431150	81.280177
11243	騎馬	7	431157	81.281497
11244	壞蛋	7	431164	81.282817
11245	寵兒	7	431171	81.284137
11246	曠野	7	431178	81.285457
11247	羅馬尼亞	7	431185	81.286777
11248	羅興階	7	431192	81.288097
11249	贈與	7	431199	81.289417
11250	贈獎	7	431206	81.290737
11251	關渡	7	431213	81.292057
11252	難看	7	431220	81.293377
11253	難能可貴	7	431227	81.294697
11254	韻律	7	431234	81.296017
11255	顛覆	7	431241	81.297337
11256	顛簸	7	431248	81.298657
11257	鬍子	7	431255	81.299977
11258	鬍鬚	7	431262	81.301297
11259	嚴凱泰	7	431269	81.302617
11260	獻禮	7	431276	81.303937
11261	競價	7	431283	81.305257
11262	蘊藏	7	431290	81.306577
11263	蠕動	7	431297	81.307897
11264	議價	7	431304	81.309217
11265	麵粉	7	431311	81.310537
11266	麵條	7	431318	81.311857
11267	灌木	7	431325	81.313177
11268	護衛	7	431332	81.314497
11269	囊括	7	431339	81.315817
11270	權責	7	431346	81.317137
11271	歡呼	7	431353	81.318457
11272	聽障	7	431360	81.319777
11273	臟器	7	431367	81.321097
11274	讀到	7	431374	81.322417
11275	讀取	7	431381	81.323737
11276	鑑於	7	431388	81.325057
11277	變故	7	431395	81.326377
11278	變異	7	431402	81.327697
11279	變通	7	431409	81.329017
11280	顯示器	7	431416	81.330337
11281	驚嘆	7	431423	81.331657
11282	驚魂	7	431430	81.332977
11283	驚嚇	7	431437	81.334297
11284	驗證	7	431444	81.335617
11285	體色	7	431451	81.336937
11286	體育場	7	431458	81.338257
11287	體育課	7	431465	81.339577
11288	矗立	7	431472	81.340897
11289	齲齒	7	431479	81.342217
11290	觀望	7	431486	81.343537
11291	讚嘆	7	431493	81.344857
11292	驪歌	7	431500	81.346177
11293	粘液	7	431507	81.347497
11294	緋聞	7	431514	81.348817
11295	飆漲	7	431521	81.350137
11296	一大堆	6	431527	81.351268
11297	一念之間	6	431533	81.352399
11298	一枝獨秀	6	431539	81.353530
11299	一條	6	431545	81.354661
11300	一處	6	431551	81.355792
11301	一會	6	431557	81.356923
11302	一落千丈	6	431563	81.358054
11303	一鳴驚人	6	431569	81.359185
11304	一模一樣	6	431575	81.360316
11305	一整天	6	431581	81.361447
11306	丁謂	6	431587	81.362578
11307	了結	6	431593	81.363709
11308	二次世界大戰	6	431599	81.364840
11309	人山人海	6	431605	81.365971
11310	人命	6	431611	81.367102
11311	人像	6	431617	81.368233
11312	入伍	6	431623	81.369364
11313	八字	6	431629	81.370495
11314	八里	6	431635	81.371626
11315	力圖	6	431641	81.372757
11316	十二生肖	6	431647	81.373888
11317	十四全大會	6	431653	81.375019
11318	三角關係	6	431659	81.376150
11319	三商銀	6	431665	81.377281
11320	三餐	6	431671	81.378412
11321	下沉	6	431677	81.379543
11322	下檔	6	431683	81.380674
11323	上陣	6	431689	81.381805
11324	上進	6	431695	81.382936
11325	丫頭	6	431701	81.384067
11326	久久	6	431707	81.385198
11327	久等	6	431713	81.386329
11328	千里眼	6	431719	81.387460
11329	口才	6	431725	81.388591
11330	口腔保健	6	431731	81.389722
11331	口罩	6	431737	81.390853
11332	土地所有權	6	431743	81.391984
11333	土地信託	6	431749	81.393115
11334	土雞	6	431755	81.394246
11335	士紳	6	431761	81.395377
11336	大戶	6	431767	81.396508
11337	大功	6	431773	81.397639
11338	大石	6	431779	81.398770
11339	大同小異	6	431785	81.399901
11340	大名	6	431791	81.401032
11341	大作	6	431797	81.402163
11342	大宗	6	431803	81.403294
11343	大拇指	6	431809	81.404425
11344	大城	6	431815	81.405556
11345	大城市	6	431821	81.406687
11346	大洋	6	431827	81.407818
11347	大堂	6	431833	81.408949
11348	大都市	6	431839	81.410080
11349	大魚	6	431845	81.411211
11350	大筆	6	431851	81.412342
11351	大雁	6	431857	81.413473
11352	大溪	6	431863	81.414604
11353	大舉	6	431869	81.415735
11354	大體上	6	431875	81.416866
11355	女主人	6	431881	81.417997
11356	小人	6	431887	81.419128
11357	小牛頓	6	431893	81.420259
11358	小住	6	431899	81.421390
11359	小車	6	431905	81.422521
11360	小桃冠鸚鵡	6	431911	81.423652
11361	小管	6	431917	81.424783
11362	山野	6	431923	81.425914
11363	山腳	6	431929	81.427045
11364	山巒	6	431935	81.428176
11365	工業局	6	431941	81.429307
11366	工業界	6	431947	81.430438
11367	工業國	6	431953	81.431569
11368	已知	6	431959	81.432700
11369	才幹	6	431965	81.433831
11370	才藝班	6	431971	81.434962
11371	不一	6	431977	81.436093
11372	不一而足	6	431983	81.437224
11373	不久	6	431989	81.438355
11374	不按牌理出牌	6	431995	81.439486
11375	不悅	6	432001	81.440617
11376	不得而知	6	432007	81.441748
11377	不勝枚舉	6	432013	81.442879
11378	不慌不忙	6	432019	81.444010
11379	不愧	6	432025	81.445141
11380	不忮不求	6	432031	81.446272
11381	中元普渡	6	432037	81.447403
11382	中文版	6	432043	81.448534
11383	中央集權	6	432049	81.449665
11384	中央黨部	6	432055	81.450796
11385	中風	6	432061	81.451927
11386	中常會	6	432067	81.453058
11387	中暑	6	432073	81.454189
11388	中華民族	6	432079	81.455320
11389	中路	6	432085	81.456451
11390	五花八門	6	432091	81.457582
11391	五絃琴	6	432097	81.458713
11392	五燈獎	6	432103	81.459844
11393	什麼事	6	432109	81.460975
11394	今起	6	432115	81.462106
11395	元月	6	432121	81.463237
11396	內政部長	6	432127	81.464368
11397	六一堂	6	432133	81.465499
11398	公牛	6	432139	81.466630
11399	公益信託	6	432145	81.467761
11400	公然	6	432151	81.468892
11401	公營企業	6	432157	81.470023
11402	公營事業	6	432163	81.471154
11403	分泌物	6	432169	81.472285
11404	分班	6	432175	81.473416
11405	分偶家庭	6	432181	81.474547
11406	分帳	6	432187	81.475678
11407	分期付款	6	432193	81.476809
11408	切入	6	432199	81.477940
11409	切記	6	432205	81.479071
11410	化腐朽為神奇	6	432211	81.480202
11411	化學物質	6	432217	81.481333
11412	升任	6	432223	81.482464
11413	反向	6	432229	81.483595
11414	反問	6	432235	81.484726
11415	反敗為勝	6	432241	81.485857
11416	反貪污	6	432247	81.486988
11417	反撲	6	432253	81.488119
11418	天子	6	432259	81.489250
11419	天王	6	432265	81.490381
11420	天災	6	432271	81.491512
11421	天際	6	432277	81.492643
11422	天橋	6	432283	81.493774
11423	太后	6	432289	81.494905
11424	太監	6	432295	81.496036
11425	少有	6	432301	81.497167
11426	少於	6	432307	81.498298
11427	少數人	6	432313	81.499429
11428	巴洛士港	6	432319	81.500560
11429	巴陵	6	432325	81.501691
11430	引擎蓋	6	432331	81.502822
11431	心肺復甦術	6	432337	81.503953
11432	心動	6	432343	81.505084
11433	心理醫生	6	432349	81.506215
11434	心想	6	432355	81.507346
11435	心搏	6	432361	81.508477
11436	心儀	6	432367	81.509608
11437	手足無措	6	432373	81.510739
11438	手筆	6	432379	81.511870
11439	手藝	6	432385	81.513001
11440	文盲	6	432391	81.514132
11441	文學史	6	432397	81.515263
11442	文藝片	6	432403	81.516394
11443	日內瓦	6	432409	81.517525
11444	日落	6	432415	81.518656
11445	日增	6	432421	81.519787
11446	月光族	6	432427	81.520918
11447	月夜	6	432433	81.522049
11448	月初	6	432439	81.523180
11449	月曆	6	432445	81.524311
11450	木工	6	432451	81.525442
11451	木馬	6	432457	81.526573
11452	比目魚	6	432463	81.527704
11453	毛蟲	6	432469	81.528835
11454	水土	6	432475	81.529966
11455	水母	6	432481	81.531097
11456	水坑	6	432487	81.532228
11457	水氣	6	432493	81.533359
11458	水鬼	6	432499	81.534490
11459	水域	6	432505	81.535621
11460	水腫	6	432511	81.536752
11461	水滴	6	432517	81.537883
11462	水箱	6	432523	81.539014
11463	火焰山	6	432529	81.540145
11464	火警	6	432535	81.541276
11465	片斷	6	432541	81.542407
11466	牙齦癌	6	432547	81.543538
11467	牛乳	6	432553	81.544669
11468	牛津	6	432559	81.545800
11469	牛群	6	432565	81.546931
11470	世界級	6	432571	81.548062
11471	世界觀	6	432577	81.549193
11472	主政	6	432583	81.550324
11473	主政者	6	432589	81.551455
11474	主筆	6	432595	81.552586
11475	以撒	6	432601	81.553717
11476	仕途	6	432607	81.554848
11477	代表權	6	432613	81.555979
11478	仙境	6	432619	81.557110
11479	冬至	6	432625	81.558241
11480	凹凸不平	6	432631	81.559372
11481	出版商	6	432637	81.560503
11482	出馬	6	432643	81.561634
11483	出產	6	432649	81.562765
11484	出超	6	432655	81.563896
11485	出錯	6	432661	81.565027
11486	出賽	6	432667	81.566158
11487	加冕	6	432673	81.567289
11488	加緊	6	432679	81.568420
11489	加劇	6	432685	81.569551
11490	功德	6	432691	81.570682
11491	包公	6	432697	81.571813
11492	北非	6	432703	81.572944
11493	古希臘	6	432709	81.574075
11494	古籍	6	432715	81.575206
11495	召見	6	432721	81.576337
11496	句點	6	432727	81.577468
11497	四小龍	6	432733	81.578599
11498	四門轎車	6	432739	81.579730
11499	四海	6	432745	81.580861
11500	四週	6	432751	81.581992
11501	四輪驅動系統	6	432757	81.583123
11502	外力	6	432763	81.584254
11503	外交政策	6	432769	81.585385
11504	外祖母	6	432775	81.586516
11505	失足	6	432781	81.587647
11506	失意	6	432787	81.588778
11507	奶油	6	432793	81.589909
11508	尼略	6	432799	81.591040
11509	巨龍	6	432805	81.592171
11510	市郊	6	432811	81.593302
11511	市售	6	432817	81.594433
11512	市鎮	6	432823	81.595564
11513	布殊	6	432829	81.596695
11514	布袋	6	432835	81.597826
11515	布景	6	432841	81.598957
11516	平方	6	432847	81.600088
11517	平行	6	432853	81.601219
11518	平臺	6	432859	81.602350
11519	平整	6	432865	81.603481
11520	打氣	6	432871	81.604612
11521	打掃	6	432877	81.605743
11522	本月	6	432883	81.606874
11523	未來的	6	432889	81.608005
11524	正比	6	432895	81.609136
11525	正派	6	432901	81.610267
11526	正電子	6	432907	81.611398
11527	母校	6	432913	81.612529
11528	民主運動	6	432919	81.613660
11529	民怨	6	432925	81.614791
11530	民族主義	6	432931	81.615922
11531	永和	6	432937	81.617053
11532	犯錯	6	432943	81.618184
11533	瓦斯車	6	432949	81.619315
11534	甘苦	6	432955	81.620446
11535	甘蔗	6	432961	81.621577
11536	甘願	6	432967	81.622708
11537	生力軍	6	432973	81.623839
11538	生物學家	6	432979	81.624970
11539	生食	6	432985	81.626101
11540	生殖器官	6	432991	81.627232
11541	用法	6	432997	81.628363
11542	用盡	6	433003	81.629494
11543	白羊座	6	433009	81.630625
11544	白髮	6	433015	81.631756
11545	皮球	6	433021	81.632887
11546	石門水庫	6	433027	81.634018
11547	示意	6	433033	81.635149
11548	立方公里	6	433039	81.636280
11549	交叉路口	6	433045	81.637411
11550	交集	6	433051	81.638542
11551	交感神經	6	433057	81.639673
11552	交鋒	6	433063	81.640804
11553	伊甸園	6	433069	81.641935
11554	休閒活動	6	433075	81.643066
11555	仲介業	6	433081	81.644197
11556	件數	6	433087	81.645328
11557	任天堂	6	433093	81.646459
11558	仰慕	6	433099	81.647590
11559	份子	6	433105	81.648721
11560	光禿禿	6	433111	81.649852
11561	先人	6	433117	81.650983
11562	先天	6	433123	81.652114
11563	全套	6	433129	81.653245
11564	全勝	6	433135	81.654376
11565	共生	6	433141	81.655507
11566	共產	6	433147	81.656638
11567	共通	6	433153	81.657769
11568	劣勢	6	433159	81.658900
11569	印製	6	433165	81.660031
11570	危險率	6	433171	81.661162
11571	同心	6	433177	81.662293
11572	同住	6	433183	81.663424
11573	同性	6	433189	81.664555
11574	同意權	6	433195	81.665686
11575	各方	6	433201	81.666817
11576	各級	6	433207	81.667948
11577	各處	6	433213	81.669079
11578	名下	6	433219	81.670210
11579	名利	6	433225	81.671341
11580	名車	6	433231	81.672472
11581	名氣	6	433237	81.673603
11582	名著	6	433243	81.674734
11583	名譽	6	433249	81.675865
11584	合拍	6	433255	81.676996
11585	合夥	6	433261	81.678127
11586	合辦	6	433267	81.679258
11587	合歡山	6	433273	81.680389
11588	回流	6	433279	81.681520
11589	回音	6	433285	81.682651
11590	回頭路	6	433291	81.683782
11591	地方政府	6	433297	81.684913
11592	地平線	6	433303	81.686044
11593	地名	6	433309	81.687175
11594	地域性	6	433315	81.688306
11595	地雷	6	433321	81.689437
11596	地鐵	6	433327	81.690568
11597	多樣性	6	433333	81.691699
11598	好多	6	433339	81.692830
11599	好笑	6	433345	81.693961
11600	如願	6	433351	81.695092
11601	字樣	6	433357	81.696223
11602	安全島	6	433363	81.697354
11603	安寧	6	433369	81.698485
11604	屹立	6	433375	81.699616
11605	年份	6	433381	81.700747
11606	年歲	6	433387	81.701878
11607	年輕化	6	433393	81.703009
11608	成人教育	6	433399	81.704140
11609	成交	6	433405	81.705271
11610	成棒	6	433411	81.706402
11611	托育	6	433417	81.707533
11612	收場	6	433423	81.708664
11613	收復	6	433429	81.709795
11614	收視率	6	433435	81.710926
11615	收錄	6	433441	81.712057
11616	早產兒	6	433447	81.713188
11617	曲目	6	433453	81.714319
11618	有目共睹	6	433459	81.715450
11619	有情	6	433465	81.716581
11620	有意思	6	433471	81.717712
11621	有感	6	433477	81.718843
11622	有聲電影	6	433483	81.719974
11623	朱鎔基	6	433489	81.721105
11624	死因	6	433495	81.722236
11625	汗衫	6	433501	81.723367
11626	江蘇	6	433507	81.724498
11627	污水	6	433513	81.725629
11628	百老匯	6	433519	81.726760
11629	百般	6	433525	81.727891
11630	百態	6	433531	81.729022
11631	竹林	6	433537	81.730153
11632	老士官	6	433543	81.731284
11633	老歌	6	433549	81.732415
11634	老樹	6	433555	81.733546
11635	耳熟能詳	6	433561	81.734677
11636	自力救濟	6	433567	81.735808
11637	自主權	6	433573	81.736939
11638	自以為是	6	433579	81.738070
11639	自由自在	6	433585	81.739201
11640	自由貿易	6	433591	81.740332
11641	自由貿易區	6	433597	81.741463
11642	自言自語	6	433603	81.742594
11643	自居	6	433609	81.743725
11644	自強	6	433615	81.744856
11645	自理	6	433621	81.745987
11646	自然課	6	433627	81.747118
11647	自給自足	6	433633	81.748249
11648	自傳	6	433639	81.749380
11649	自學	6	433645	81.750511
11650	自願就學方案	6	433651	81.751642
11651	血淚	6	433657	81.752773
11652	行政機關	6	433663	81.753904
11653	行禮	6	433669	81.755035
11654	行醫	6	433675	81.756166
11655	西片	6	433681	81.757297
11656	西貢	6	433687	81.758428
11657	串連	6	433693	81.759559
11658	伴奏	6	433699	81.760690
11659	作坊	6	433705	81.761821
11660	作為	6	433711	81.762952
11661	低下	6	433717	81.764083
11662	余陳	6	433723	81.765214
11663	佈置	6	433729	81.766345
11664	克律普梭	6	433735	81.767476
11665	免除	6	433741	81.768607
11666	冷凍食品	6	433747	81.769738
11667	冷氣團	6	433753	81.770869
11668	冷淡	6	433759	81.772000
11669	冷清	6	433765	81.773131
11670	利多	6	433771	81.774262
11671	利益輸送	6	433777	81.775393
11672	刪減	6	433783	81.776524
11673	助手	6	433789	81.777655
11674	助聽器	6	433795	81.778786
11675	即位	6	433801	81.779917
11676	即興	6	433807	81.781048
11677	吾人	6	433813	81.782179
11678	吳光亮	6	433819	81.783310
11679	吳沙	6	433825	81.784441
11680	吳裕德	6	433831	81.785572
11681	君臣	6	433837	81.786703
11682	吸進	6	433843	81.787834
11683	含蓄	6	433849	81.788965
11684	吟唱	6	433855	81.790096
11685	均有	6	433861	81.791227
11686	坎城影展	6	433867	81.792358
11687	坐牢	6	433873	81.793489
11688	夾帶	6	433879	81.794620
11689	妒忌	6	433885	81.795751
11690	妨害	6	433891	81.796882
11691	妓院	6	433897	81.798013
11692	形相	6	433903	81.799144
11693	忘情	6	433909	81.800275
11694	忍者龜	6	433915	81.801406
11695	快車	6	433921	81.802537
11696	扼殺	6	433927	81.803668
11697	找來	6	433933	81.804799
11698	投身	6	433939	81.805930
11699	投資報酬率	6	433945	81.807061
11700	抓緊	6	433951	81.808192
11701	改觀	6	433957	81.809323
11702	攻讀	6	433963	81.810454
11703	更正	6	433969	81.811585
11704	束手無策	6	433975	81.812716
11705	李心德	6	433981	81.813847
11706	李連杰	6	433987	81.814978
11707	每下愈況	6	433993	81.816109
11708	求知	6	433999	81.817240
11709	求證	6	434005	81.818371
11710	沙皇	6	434011	81.819502
11711	沉睡	6	434017	81.820633
11712	沒收	6	434023	81.821764
11713	牡丹花	6	434029	81.822895
11714	狄斯耐	6	434035	81.824026
11715	狂想	6	434041	81.825157
11716	狂歡	6	434047	81.826288
11717	男女平等	6	434053	81.827419
11718	男朋友	6	434059	81.828550
11719	男孩子	6	434065	81.829681
11720	私底下	6	434071	81.830812
11721	芒果	6	434077	81.831943
11722	見效	6	434083	81.833074
11723	豆芽	6	434089	81.834205
11724	貝勒	6	434095	81.835336
11725	走開	6	434101	81.836467
11726	足足	6	434107	81.837598
11727	車名	6	434113	81.838729
11728	車長	6	434119	81.839860
11729	那年	6	434125	81.840991
11730	防晒	6	434131	81.842122
11731	防撞	6	434137	81.843253
11732	並存	6	434143	81.844384
11733	事業部	6	434149	81.845515
11734	事態	6	434155	81.846646
11735	亞加梅農	6	434161	81.847777
11736	京師	6	434167	81.848908
11737	依歸	6	434173	81.850039
11738	侍中	6	434179	81.851170
11739	侍奉	6	434185	81.852301
11740	使用權	6	434191	81.853432
11741	使命感	6	434197	81.854563
11742	使然	6	434203	81.855694
11743	供需	6	434209	81.856825
11744	佩勒蒂埃	6	434215	81.857956
11745	侏羅紀公園	6	434221	81.859087
11746	兒童文學	6	434227	81.860218
11747	兒童劇	6	434233	81.861349
11748	典籍	6	434239	81.862480
11749	刻苦	6	434245	81.863611
11750	刻劃	6	434251	81.864742
11751	到期	6	434257	81.865873
11752	卓著	6	434263	81.867004
11753	卸下	6	434269	81.868135
11754	取用	6	434275	81.869266
11755	受挫	6	434281	81.870397
11756	咖啡館	6	434287	81.871528
11757	咆哮	6	434293	81.872659
11758	和談	6	434299	81.873790
11759	和闐	6	434305	81.874921
11760	周刊	6	434311	81.876052
11761	周恩來	6	434317	81.877183
11762	周轉	6	434323	81.878314
11763	周懷政	6	434329	81.879445
11764	咋舌	6	434335	81.880576
11765	固體	6	434341	81.881707
11766	垃圾車	6	434347	81.882838
11767	坦克	6	434353	81.883969
11768	奉命	6	434359	81.885100
11769	奄奄一息	6	434365	81.886231
11770	孤單	6	434371	81.887362
11771	季秀蘭	6	434377	81.888493
11772	定量	6	434383	81.889624
11773	定論	6	434389	81.890755
11774	官兵	6	434395	81.891886
11775	官階	6	434401	81.893017
11776	官價	6	434407	81.894148
11777	居士	6	434413	81.895279
11778	居室	6	434419	81.896410
11779	居高不下	6	434425	81.897541
11780	岩漿	6	434431	81.898672
11781	岳母	6	434437	81.899803
11782	店面	6	434443	81.900934
11783	底價	6	434449	81.902065
11784	延遲	6	434455	81.903196
11785	延攬	6	434461	81.904327
11786	性意識	6	434467	81.905458
11787	性觀念	6	434473	81.906589
11788	房舍	6	434479	81.907720
11789	所幸	6	434485	81.908851
11790	所知	6	434491	81.909982
11791	所得稅	6	434497	81.911113
11792	承接	6	434503	81.912244
11793	拉拉山	6	434509	81.913375
11794	拉高	6	434515	81.914506
11795	招牌菜	6	434521	81.915637
11796	拔掉	6	434527	81.916768
11797	拈花惹草	6	434533	81.917899
11798	抽驗	6	434539	81.919030
11799	拍賣會	6	434545	81.920161
11800	拆掉	6	434551	81.921292
11801	放入	6	434557	81.922423
11802	放生	6	434563	81.923554
11803	放射	6	434569	81.924685
11804	放進	6	434575	81.925816
11805	易開罐	6	434581	81.926947
11806	明史	6	434587	81.928078
11807	明定	6	434593	81.929209
11808	明知	6	434599	81.930340
11809	明華園	6	434605	81.931471
11810	服役	6	434611	81.932602
11811	東方人	6	434617	81.933733
11812	果膠	6	434623	81.934864
11813	枝葉	6	434629	81.935995
11814	林山田	6	434635	81.937126
11815	林垂宙	6	434641	81.938257
11816	林炳坤	6	434647	81.939388
11817	林振國	6	434653	81.940519
11818	注藥	6	434659	81.941650
11819	河南	6	434665	81.942781
11820	河馬	6	434671	81.943912
11821	波士尼亞	6	434677	81.945043
11822	法西斯	6	434683	81.946174
11823	法務部長	6	434689	81.947305
11824	法國人	6	434695	81.948436
11825	油性	6	434701	81.949567
11826	油彩	6	434707	81.950698
11827	沿線	6	434713	81.951829
11828	治本	6	434719	81.952960
11829	泡沫經濟	6	434725	81.954091
11830	炙手可熱	6	434731	81.955222
11831	爭吵	6	434737	81.956353
11832	物理	6	434743	81.957484
11833	物超所值	6	434749	81.958615
11834	玩意兒	6	434755	81.959746
11835	直至	6	434761	81.960877
11836	直言	6	434767	81.962008
11837	直昇機	6	434773	81.963139
11838	直接民主	6	434779	81.964270
11839	直達	6	434785	81.965401
11840	直逼	6	434791	81.966532
11841	知性之旅	6	434797	81.967663
11842	社交圈	6	434803	81.968794
11843	社長	6	434809	81.969925
11844	社教館	6	434815	81.971056
11845	社群	6	434821	81.972187
11846	秉承	6	434827	81.973318
11847	空洞化	6	434833	81.974449
11848	空運	6	434839	81.975580
11849	空檔	6	434845	81.976711
11850	肥大	6	434851	81.977842
11851	肩部	6	434857	81.978973
11852	芭樂	6	434863	81.980104
11853	花粉	6	434869	81.981235
11854	虎克船長	6	434875	81.982366
11855	虎頭蜂	6	434881	81.983497
11856	表白	6	434887	81.984628
11857	迎戰	6	434893	81.985759
11858	金景善	6	434899	81.986890
11859	金黃色	6	434905	81.988021
11860	金飾	6	434911	81.989152
11861	金蓮花	6	434917	81.990283
11862	金融機構	6	434923	81.991414
11863	金鐘獎	6	434929	81.992545
11864	長安	6	434935	81.993676
11865	長者	6	434941	81.994807
11866	長篇	6	434947	81.995938
11867	長褲	6	434953	81.997069
11868	阿拉丁	6	434959	81.998200
11869	阿拉斯加	6	434965	81.999331
11870	阿爾巴尼亞	6	434971	82.000462
11871	阿諾史瓦辛格	6	434977	82.001593
11872	阻撓	6	434983	82.002724
11873	附著	6	434989	82.003855
11874	雨刷	6	434995	82.004986
11875	青天	6	435001	82.006117
11876	青草	6	435007	82.007248
11877	青菜	6	435013	82.008379
11878	亟待	6	435019	82.009510
11879	亮光	6	435025	82.010641
11880	信奉	6	435031	82.011772
11881	保住	6	435037	82.012903
11882	保值	6	435043	82.014034
11883	保送	6	435049	82.015165
11884	保暖	6	435055	82.016296
11885	保衛	6	435061	82.017427
11886	保養品	6	435067	82.018558
11887	保護色	6	435073	82.019689
11888	係數	6	435079	82.020820
11889	前代	6	435085	82.021951
11890	前次	6	435091	82.023082
11891	前言	6	435097	82.024213
11892	前述	6	435103	82.025344
11893	前頭	6	435109	82.026475
11894	前蘇聯	6	435115	82.027606
11895	南半球	6	435121	82.028737
11896	厚重	6	435127	82.029868
11897	咬合	6	435133	82.030999
11898	哈薩克人	6	435139	82.032130
11899	城池	6	435145	82.033261
11900	城門	6	435151	82.034392
11901	奎爾	6	435157	82.035523
11902	姪女	6	435163	82.036654
11903	姚黃	6	435169	82.037785
11904	威風	6	435175	82.038916
11905	宣傳車	6	435181	82.040047
11906	客串	6	435187	82.041178
11907	封殺	6	435193	82.042309
11908	封裝	6	435199	82.043440
11909	屏東市	6	435205	82.044571
11910	屏息	6	435211	82.045702
11911	巷道	6	435217	82.046833
11912	建照	6	435223	82.047964
11913	建築師	6	435229	82.049095
11914	後門	6	435235	82.050226
11915	怎能	6	435241	82.051357
11916	恰到好處	6	435247	82.052488
11917	挖出	6	435253	82.053619
11918	按時	6	435259	82.054750
11919	拭目以待	6	435265	82.055881
11920	挑釁	6	435271	82.057012
11921	政商	6	435277	82.058143
11922	政敵	6	435283	82.059274
11923	施放	6	435289	82.060405
11924	施展	6	435295	82.061536
11925	春分點	6	435301	82.062667
11926	春風	6	435307	82.063798
11927	映像	6	435313	82.064929
11928	映演	6	435319	82.066060
11929	星期日	6	435325	82.067191
11930	昨夜	6	435331	82.068322
11931	柏油路	6	435337	82.069453
11932	柳丁	6	435343	82.070584
11933	洋娃娃	6	435349	82.071715
11934	流浪者	6	435355	82.072846
11935	流產	6	435361	82.073977
11936	流經	6	435367	82.075108
11937	流竄	6	435373	82.076239
11938	津津樂道	6	435379	82.077370
11939	洗臉	6	435385	82.078501
11940	派拉蒙	6	435391	82.079632
11941	派員	6	435397	82.080763
11942	炫耀	6	435403	82.081894
11943	皆是	6	435409	82.083025
11944	省政府	6	435415	82.084156
11945	相逢	6	435421	82.085287
11946	相距	6	435427	82.086418
11947	相間	6	435433	82.087549
11948	相愛	6	435439	82.088680
11949	相對於	6	435445	82.089811
11950	研究室	6	435451	82.090942
11951	祇要	6	435457	82.092073
11952	科幻	6	435463	82.093204
11953	科幻片	6	435469	82.094335
11954	科學展	6	435475	82.095466
11955	秋千	6	435481	82.096597
11956	紅十字會	6	435487	82.097728
11957	紅山後類型	6	435493	82.098859
11958	紅心字會	6	435499	82.099990
11959	紅毛猩猩	6	435505	82.101121
11960	紅茶	6	435511	82.102252
11961	紅綠燈	6	435517	82.103383
11962	約旦	6	435523	82.104514
11963	約見	6	435529	82.105645
11964	美不勝收	6	435535	82.106776
11965	美中不足	6	435541	82.107907
11966	美式	6	435547	82.109038
11967	美酒	6	435553	82.110169
11968	美商	6	435559	82.111300
11969	美濃	6	435565	82.112431
11970	耐性	6	435571	82.113562
11971	背面	6	435577	82.114693
11972	背誦	6	435583	82.115824
11973	胡亂	6	435589	82.116955
11974	胡說八道	6	435595	82.118086
11975	致命武器	6	435601	82.119217
11976	茂密	6	435607	82.120348
11977	英勇	6	435613	82.121479
11978	要角	6	435619	82.122610
11979	要塞	6	435625	82.123741
11980	計較	6	435631	82.124872
11981	訂做	6	435637	82.126003
11982	赴美	6	435643	82.127134
11983	迥然不同	6	435649	82.128265
11984	酋長	6	435655	82.129396
11985	重申	6	435661	82.130527
11986	重劃區	6	435667	82.131658
11987	降生	6	435673	82.132789
11988	面容	6	435679	82.133920
11989	面紗	6	435685	82.135051
11990	面談	6	435691	82.136182
11991	革職	6	435697	82.137313
11992	音樂盒	6	435703	82.138444
11993	風向	6	435709	82.139575
11994	風行	6	435715	82.140706
11995	風阻係數	6	435721	82.141837
11996	風葉	6	435727	82.142968
11997	風鈴	6	435733	82.144099
11998	飛漲	6	435739	82.145230
11999	飛機場	6	435745	82.146361
12000	首演	6	435751	82.147492
12001	香火	6	435757	82.148623
12002	香江	6	435763	82.149754
12003	香氣	6	435769	82.150885
12004	香檳	6	435775	82.152016
12005	乘勝追擊	6	435781	82.153147
12006	倖免	6	435787	82.154278
12007	值班	6	435793	82.155409
12008	倒立	6	435799	82.156540
12009	倒數	6	435805	82.157671
12010	個子	6	435811	82.158802
12011	冥想	6	435817	82.159933
12012	凌波	6	435823	82.161064
12013	凌辱	6	435829	82.162195
12014	凌厲	6	435835	82.163326
12015	凋零	6	435841	82.164457
12016	剝落	6	435847	82.165588
12017	原木	6	435853	82.166719
12018	原作	6	435859	82.167850
12019	原址	6	435865	82.168981
12020	原定	6	435871	82.170112
12021	原狀	6	435877	82.171243
12022	原貌	6	435883	82.172374
12023	原點	6	435889	82.173505
12024	哥白尼	6	435895	82.174636
12025	哺乳動物	6	435901	82.175767
12026	員額	6	435907	82.176898
12027	埃及人	6	435913	82.178029
12028	夏夜	6	435919	82.179160
12029	套件	6	435925	82.180291
12030	家門	6	435931	82.181422
12031	家電業	6	435937	82.182553
12032	展示會	6	435943	82.183684
12033	峰值扭力	6	435949	82.184815
12034	師院實小	6	435955	82.185946
12035	庭院	6	435961	82.187077
12036	座落	6	435967	82.188208
12037	徒弟	6	435973	82.189339
12038	徐立德	6	435979	82.190470
12039	徐惠通	6	435985	82.191601
12040	恣意	6	435991	82.192732
12041	恐懼症	6	435997	82.193863
12042	恭請	6	436003	82.194994
12043	捕魚	6	436009	82.196125
12044	效忠	6	436015	82.197256
12045	旅人	6	436021	82.198387
12046	時局	6	436027	82.199518
12047	時辰	6	436033	82.200649
12048	書中	6	436039	82.201780
12049	書架	6	436045	82.202911
12050	校方	6	436051	82.204042
12051	校外教學	6	436057	82.205173
12052	核四	6	436063	82.206304
12053	核桃	6	436069	82.207435
12054	桑齊士	6	436075	82.208566
12055	株式會社	6	436081	82.209697
12056	氣流	6	436087	82.210828
12057	氣壓	6	436093	82.211959
12058	消弭	6	436099	82.213090
12059	消退	6	436105	82.214221
12060	海協會	6	436111	82.215352
12061	海港	6	436117	82.216483
12062	涉案	6	436123	82.217614
12063	浮世戀曲	6	436129	82.218745
12064	浩大	6	436135	82.219876
12065	特級	6	436141	82.221007
12066	特產	6	436147	82.222138
12067	特意	6	436153	82.223269
12068	特製	6	436159	82.224400
12069	狹義	6	436165	82.225531
12070	珠海	6	436171	82.226662
12071	病床	6	436177	82.227793
12072	病毒性肝炎	6	436183	82.228924
12073	病倒	6	436189	82.230055
12074	病媒	6	436195	82.231186
12075	病發	6	436201	82.232317
12076	病態	6	436207	82.233448
12077	疲憊	6	436213	82.234579
12078	盎然	6	436219	82.235710
12079	破土	6	436225	82.236841
12080	破洞	6	436231	82.237972
12081	破紀錄	6	436237	82.239103
12082	破傷風	6	436243	82.240234
12083	祕方	6	436249	82.241365
12084	神經性聾	6	436255	82.242496
12085	神遊	6	436261	82.243627
12086	神像	6	436267	82.244758
12087	神態	6	436273	82.245889
12088	秘訣	6	436279	82.247020
12089	笑傲江湖之東方不敗	6	436285	82.248151
12090	紋理	6	436291	82.249282
12091	純天然	6	436297	82.250413
12092	納粹	6	436303	82.251544
12093	紙黏土	6	436309	82.252675
12094	缺席	6	436315	82.253806
12095	耽誤	6	436321	82.254937
12096	胸肌	6	436327	82.256068
12097	臭氧層	6	436333	82.257199
12098	茫茫	6	436339	82.258330
12099	荒原	6	436345	82.259461
12100	草木	6	436351	82.260592
12101	衰弱	6	436357	82.261723
12102	記起	6	436363	82.262854
12103	訓令	6	436369	82.263985
12104	訓政	6	436375	82.265116
12105	起跑點	6	436381	82.266247
12106	送來	6	436387	82.267378
12107	迷途	6	436393	82.268509
12108	迷戀	6	436399	82.269640
12109	退步	6	436405	82.270771
12110	追殺	6	436411	82.271902
12111	追憶	6	436417	82.273033
12112	郝伯村	6	436423	82.274164
12113	配方	6	436429	82.275295
12114	針灸	6	436435	82.276426
12115	院校	6	436441	82.277557
12116	陣痛	6	436447	82.278688
12117	除夕夜	6	436453	82.279819
12118	馬屁	6	436459	82.280950
12119	馬來語	6	436465	82.282081
12120	馬虎	6	436471	82.283212
12121	馬戛爾尼	6	436477	82.284343
12122	馬桶	6	436483	82.285474
12123	馬斯楚安尼	6	436489	82.286605
12124	馬雅	6	436495	82.287736
12125	馬蓋先	6	436501	82.288867
12126	馬戲	6	436507	82.289998
12127	高效率	6	436513	82.291129
12128	高球	6	436519	82.292260
12129	高票	6	436525	82.293391
12130	高速路	6	436531	82.294522
12131	高速鐵路	6	436537	82.295653
12132	高喊	6	436543	82.296784
12133	高階	6	436549	82.297915
12134	高聲	6	436555	82.299046
12135	高舉	6	436561	82.300177
12136	高難度	6	436567	82.301308
12137	乾旱	6	436573	82.302439
12138	偽造	6	436579	82.303570
12139	停工	6	436585	82.304701
12140	假牙	6	436591	82.305832
12141	假相	6	436597	82.306963
12142	做工	6	436603	82.308094
12143	做主	6	436609	82.309225
12144	健美	6	436615	82.310356
12145	偶戲	6	436621	82.311487
12146	偵察	6	436627	82.312618
12147	偷看	6	436633	82.313749
12148	偷襲	6	436639	82.314880
12149	偏光濾光器	6	436645	82.316011
12150	偏頭痛	6	436651	82.317142
12151	剪紙	6	436657	82.318273
12152	副主委	6	436663	82.319404
12153	動不動	6	436669	82.320535
12154	動容	6	436675	82.321666
12155	區間	6	436681	82.322797
12156	參閱	6	436687	82.323928
12157	商務車	6	436693	82.325059
12158	問好	6	436699	82.326190
12159	問卷調查	6	436705	82.327321
12160	唯美	6	436711	82.328452
12161	國力	6	436717	82.329583
12162	國中小	6	436723	82.330714
12163	國立大學	6	436729	82.331845
12164	國庫	6	436735	82.332976
12165	國術	6	436741	82.334107
12166	國際社會	6	436747	82.335238
12167	國際組織	6	436753	82.336369
12168	國際影展	6	436759	82.337500
12169	國慶日	6	436765	82.338631
12170	堅守	6	436771	82.339762
12171	堅果	6	436777	82.340893
12172	堆砌	6	436783	82.342024
12173	基石	6	436789	82.343155
12174	基隆市	6	436795	82.344286
12175	培植	6	436801	82.345417
12176	奢華	6	436807	82.346548
12177	婦科	6	436813	82.347679
12178	婚事	6	436819	82.348810
12179	寇準	6	436825	82.349941
12180	寄予	6	436831	82.351072
12181	寄生	6	436837	82.352203
12182	密封	6	436843	82.353334
12183	專攻	6	436849	82.354465
12184	專櫃	6	436855	82.355596
12185	將有	6	436861	82.356727
12186	常有	6	436867	82.357858
12187	帶進	6	436873	82.358989
12188	強身	6	436879	82.360120
12189	強迫症	6	436885	82.361251
12190	彩色筆	6	436891	82.362382
12191	彩衣	6	436897	82.363513
12192	彩筆	6	436903	82.364644
12193	得分	6	436909	82.365775
12194	得心應手	6	436915	82.366906
12195	得失	6	436921	82.368037
12196	得票率	6	436927	82.369168
12197	得當	6	436933	82.370299
12198	從容	6	436939	82.371430
12199	從娼	6	436945	82.372561
12200	從業人員	6	436951	82.373692
12201	悉心	6	436957	82.374823
12202	悠悠	6	436963	82.375954
12203	悠揚	6	436969	82.377085
12204	悠遊	6	436975	82.378216
12205	情不自禁	6	436981	82.379347
12206	情緣	6	436987	82.380478
12207	掠奪	6	436993	82.381609
12208	控訴	6	436999	82.382740
12209	捲土重來	6	437005	82.383871
12210	探勘	6	437011	82.385002
12211	接二連三	6	437017	82.386133
12212	接力賽	6	437023	82.387264
12213	接生	6	437029	82.388395
12214	接頭	6	437035	82.389526
12215	捷運系統	6	437041	82.390657
12216	推車	6	437047	82.391788
12217	推動搖籃的手	6	437053	82.392919
12218	推演	6	437059	82.394050
12219	推舉	6	437065	82.395181
12220	採收	6	437071	82.396312
12221	掬水軒	6	437077	82.397443
12222	排版	6	437083	82.398574
12223	排骨	6	437089	82.399705
12224	排擠	6	437095	82.400836
12225	掀開	6	437101	82.401967
12226	救活	6	437107	82.403098
12227	救濟	6	437113	82.404229
12228	救贖	6	437119	82.405360
12229	族人	6	437125	82.406491
12230	梁啟超	6	437131	82.407622
12231	梅雨	6	437137	82.408753
12232	梅爾吉勃遜	6	437143	82.409884
12233	殺菌	6	437149	82.411015
12234	殺蟲劑	6	437155	82.412146
12235	涼爽	6	437161	82.413277
12236	淡江大學	6	437167	82.414408
12237	淋巴結	6	437173	82.415539
12238	淹沒	6	437179	82.416670
12239	混凝土	6	437185	82.417801
12240	淒涼	6	437191	82.418932
12241	深井	6	437197	82.420063
12242	深呼吸	6	437203	82.421194
12243	深綠色	6	437209	82.422325
12244	淨值	6	437215	82.423456
12245	牽掛	6	437221	82.424587
12246	牽連	6	437227	82.425718
12247	猜測	6	437233	82.426849
12248	猛然	6	437239	82.427980
12249	理直氣壯	6	437245	82.429111
12250	理應	6	437251	82.430242
12251	現成	6	437257	82.431373
12252	現實主義	6	437263	82.432504
12253	瓷磚	6	437269	82.433635
12254	甜食	6	437275	82.434766
12255	產品線	6	437281	82.435897
12256	產業升級	6	437287	82.437028
12257	盒子	6	437293	82.438159
12258	盛世	6	437299	82.439290
12259	盛傳	6	437305	82.440421
12260	眷村	6	437311	82.441552
12261	眷區	6	437317	82.442683
12262	眼裡	6	437323	82.443814
12263	祭典	6	437329	82.444945
12264	第二次世界大戰	6	437335	82.446076
12265	粗心	6	437341	82.447207
12266	統一發票	6	437347	82.448338
12267	統一超商	6	437353	82.449469
12268	統治者	6	437359	82.450600
12269	統統	6	437365	82.451731
12270	細分	6	437371	82.452862
12271	組曲	6	437377	82.453993
12272	終場	6	437383	82.455124
12273	脣疱疹	6	437389	82.456255
12274	脫掉	6	437395	82.457386
12275	舵手	6	437401	82.458517
12276	船隊	6	437407	82.459648
12277	被保人	6	437413	82.460779
12278	袖子	6	437419	82.461910
12279	許久	6	437425	82.463041
12280	設計家	6	437431	82.464172
12281	責任感	6	437437	82.465303
12282	責怪	6	437443	82.466434
12283	貫穿	6	437449	82.467565
12284	貨款	6	437455	82.468696
12285	趾甲	6	437461	82.469827
12286	逍遙遊	6	437467	82.470958
12287	通用汽車	6	437473	82.472089
12288	通報	6	437479	82.473220
12289	通關	6	437485	82.474351
12290	通靈	6	437491	82.475482
12291	連忙	6	437497	82.476613
12292	速算	6	437503	82.477744
12293	造紙業	6	437509	82.478875
12294	透明化	6	437515	82.480006
12295	郭琇琮	6	437521	82.481137
12296	野菜	6	437527	82.482268
12297	野餐	6	437533	82.483399
12298	陪同	6	437539	82.484530
12299	陳列室	6	437545	82.485661
12300	陳春德	6	437551	82.486792
12301	陳朝威	6	437557	82.487923
12302	陳舊	6	437563	82.489054
12303	陸路	6	437569	82.490185
12304	陰陽	6	437575	82.491316
12305	雪人	6	437581	82.492447
12306	雪亮	6	437587	82.493578
12307	竟是	6	437593	82.494709
12308	頂多	6	437599	82.495840
12309	魚兒	6	437605	82.496971
12310	魚塭	6	437611	82.498102
12311	鳥瞰	6	437617	82.499233
12312	鹿林山莊	6	437623	82.500364
12313	麻木	6	437629	82.501495
12314	麻札塔格	6	437635	82.502626
12315	麻醉醫師	6	437641	82.503757
12316	傢俱	6	437647	82.504888
12317	備有	6	437653	82.506019
12318	勝任	6	437659	82.507150
12319	喝水	6	437665	82.508281
12320	喝采	6	437671	82.509412
12321	喜洋洋	6	437677	82.510543
12322	喜馬拉雅山	6	437683	82.511674
12323	喜樂	6	437689	82.512805
12324	圍住	6	437695	82.513936
12325	報應	6	437701	82.515067
12326	尋根	6	437707	82.516198
12327	尋獲	6	437713	82.517329
12328	尋寶	6	437719	82.518460
12329	幾近	6	437725	82.519591
12330	彭宗正	6	437731	82.520722
12331	復健	6	437737	82.521853
12332	復甦安妮	6	437743	82.522984
12333	悶悶不樂	6	437749	82.524115
12334	惶恐	6	437755	82.525246
12335	掌理	6	437761	82.526377
12336	掌管	6	437767	82.527508
12337	提撥	6	437773	82.528639
12338	揮之不去	6	437779	82.529770
12339	揮別	6	437785	82.530901
12340	揚州	6	437791	82.532032
12341	揚眉吐氣	6	437797	82.533163
12342	揚起	6	437803	82.534294
12343	揚棄	6	437809	82.535425
12344	散失	6	437815	82.536556
12345	斑馬	6	437821	82.537687
12346	普及化	6	437827	82.538818
12347	晴天	6	437833	82.539949
12348	晴朗	6	437839	82.541080
12349	智慧型大樓	6	437845	82.542211
12350	朝廷	6	437851	82.543342
12351	朝氣	6	437857	82.544473
12352	朝鮮	6	437863	82.545604
12353	款項	6	437869	82.546735
12354	欺侮	6	437875	82.547866
12355	欺騙	6	437881	82.548997
12356	殘存	6	437887	82.550128
12357	游動	6	437893	82.551259
12358	游離	6	437899	82.552390
12359	渡海	6	437905	82.553521
12360	湧起	6	437911	82.554652
12361	湧現	6	437917	82.555783
12362	減額	6	437923	82.556914
12363	渾然天成	6	437929	82.558045
12364	焦急	6	437935	82.559176
12365	無私	6	437941	82.560307
12366	無家可歸	6	437947	82.561438
12367	無盡	6	437953	82.562569
12368	無端	6	437959	82.563700
12369	無遠弗屆	6	437965	82.564831
12370	無敵	6	437971	82.565962
12371	琢磨	6	437977	82.567093
12372	畫像	6	437983	82.568224
12373	痛快	6	437989	82.569355
12374	登基	6	437995	82.570486
12375	登錄	6	438001	82.571617
12376	發行量	6	438007	82.572748
12377	發紅	6	438013	82.573879
12378	盜賊	6	438019	82.575010
12379	盜錄	6	438025	82.576141
12380	短篇	6	438031	82.577272
12381	硝酸	6	438037	82.578403
12382	稅制	6	438043	82.579534
12383	稅法	6	438049	82.580665
12384	稅金	6	438055	82.581796
12385	稅前純益	6	438061	82.582927
12386	童年往事	6	438067	82.584058
12387	童星	6	438073	82.585189
12388	童趣	6	438079	82.586320
12389	童顏	6	438085	82.587451
12390	等第	6	438091	82.588582
12391	筆下	6	438097	82.589713
12392	筆記本	6	438103	82.590844
12393	筆觸	6	438109	82.591975
12394	絕症	6	438115	82.593106
12395	善於	6	438121	82.594237
12396	善後	6	438127	82.595368
12397	肅穆	6	438133	82.596499
12398	腎虛	6	438139	82.597630
12399	舒緩	6	438145	82.598761
12400	菸草	6	438151	82.599892
12401	華南	6	438157	82.601023
12402	著陸	6	438163	82.602154
12403	虛幻	6	438169	82.603285
12404	蛔蟲	6	438175	82.604416
12405	註定	6	438181	82.605547
12406	註明	6	438187	82.606678
12407	賀詞	6	438193	82.607809
12408	貴重	6	438199	82.608940
12409	買主	6	438205	82.610071
12410	貿然	6	438211	82.611202
12411	越區就讀	6	438217	82.612333
12412	越野	6	438223	82.613464
12413	超人	6	438229	82.614595
12414	超卓	6	438235	82.615726
12415	趁機	6	438241	82.616857
12416	跌倒	6	438247	82.617988
12417	進擊	6	438253	82.619119
12418	開水	6	438259	82.620250
12419	開明	6	438265	82.621381
12420	開票	6	438271	82.622512
12421	閒置	6	438277	82.623643
12422	雄性	6	438283	82.624774
12423	集資	6	438289	82.625905
12424	雲石	6	438295	82.627036
12425	雲霄飛車	6	438301	82.628167
12426	飲水機	6	438307	82.629298
12427	黃豆	6	438313	82.630429
12428	黃昏市場	6	438319	82.631560
12429	黃飛鴻二男兒當自強	6	438325	82.632691
12430	黑手	6	438331	82.633822
12431	黑市	6	438337	82.634953
12432	黑夜	6	438343	82.636084
12433	黑馬	6	438349	82.637215
12434	黑煙	6	438355	82.638346
12435	傲慢	6	438361	82.639477
12436	傳送	6	438367	82.640608
12437	傾心	6	438373	82.641739
12438	傾銷	6	438379	82.642870
12439	嗎啡	6	438385	82.644001
12440	圓滑	6	438391	82.645132
12441	圓夢	6	438397	82.646263
12442	塗鴉	6	438403	82.647394
12443	奧林匹克	6	438409	82.648525
12444	嫌疑	6	438415	82.649656
12445	廉潔	6	438421	82.650787
12446	微小	6	438427	82.651918
12447	微微	6	438433	82.653049
12448	微薄	6	438439	82.654180
12449	意外事故	6	438445	82.655311
12450	意謂	6	438451	82.656442
12451	慈祥	6	438457	82.657573
12452	慈愛	6	438463	82.658704
12453	慈濟醫院	6	438469	82.659835
12454	愛好者	6	438475	82.660966
12455	愛車	6	438481	82.662097
12456	愛的教育	6	438487	82.663228
12457	愛慕	6	438493	82.664359
12458	愛樂	6	438499	82.665490
12459	搭檔	6	438505	82.666621
12460	搬運	6	438511	82.667752
12461	敬請	6	438517	82.668883
12462	新生命	6	438523	82.670014
12463	新星	6	438529	82.671145
12464	新時代	6	438535	82.672276
12465	新款	6	438541	82.673407
12466	新穎	6	438547	82.674538
12467	新龍門客棧	6	438553	82.675669
12468	暖和	6	438559	82.676800
12469	會見	6	438565	82.677931
12470	會商	6	438571	82.679062
12471	會診	6	438577	82.680193
12472	會話	6	438583	82.681324
12473	業主	6	438589	82.682455
12474	楚浮	6	438595	82.683586
12475	極光	6	438601	82.684717
12476	極品	6	438607	82.685848
12477	概況	6	438613	82.686979
12478	溢出	6	438619	82.688110
12479	溼地	6	438625	82.689241
12480	滑動	6	438631	82.690372
12481	滑雪板	6	438637	82.691503
12482	煎熬	6	438643	82.692634
12483	煙霧	6	438649	82.693765
12484	煩悶	6	438655	82.694896
12485	照理	6	438661	82.696027
12486	當之無愧	6	438667	82.697158
12487	當仁不讓	6	438673	82.698289
12488	痴呆	6	438679	82.699420
12489	矮個子	6	438685	82.700551
12490	窠臼	6	438691	82.701682
12491	經濟自由化	6	438697	82.702813
12492	經濟性	6	438703	82.703944
12493	經濟部長	6	438709	82.705075
12494	經濟學家	6	438715	82.706206
12495	義診	6	438721	82.707337
12496	聖人	6	438727	82.708468
12497	腳底	6	438733	82.709599
12498	腳趾	6	438739	82.710730
12499	落淚	6	438745	82.711861
12500	落網	6	438751	82.712992
12501	葉煌輝	6	438757	82.714123
12502	葉鴻偉	6	438763	82.715254
12503	蜂鳥	6	438769	82.716385
12504	解套	6	438775	82.717516
12505	試卷	6	438781	82.718647
12506	試管	6	438787	82.719778
12507	話劇	6	438793	82.720909
12508	資政	6	438799	82.722040
12509	資料庫	6	438805	82.723171
12510	資策會	6	438811	82.724302
12511	資優班	6	438817	82.725433
12512	跟蹤	6	438823	82.726564
12513	跨足	6	438829	82.727695
12514	路跑	6	438835	82.728826
12515	路樹	6	438841	82.729957
12516	載運	6	438847	82.731088
12517	農曆年	6	438853	82.732219
12518	遊人	6	438859	82.733350
12519	逼迫	6	438865	82.734481
12520	遏止	6	438871	82.735612
12521	遏阻	6	438877	82.736743
12522	過人	6	438883	82.737874
12523	過日子	6	438889	82.739005
12524	過失	6	438895	82.740136
12525	過往	6	438901	82.741267
12526	過時	6	438907	82.742398
12527	過敏性	6	438913	82.743529
12528	過渡	6	438919	82.744660
12529	過境	6	438925	82.745791
12530	鉛筆盒	6	438931	82.746922
12531	隔日	6	438937	82.748053
12532	隔閡	6	438943	82.749184
12533	電車	6	438949	82.750315
12534	預設	6	438955	82.751446
12535	預警	6	438961	82.752577
12536	僱用	6	438967	82.753708
12537	嘖嘖	6	438973	82.754839
12538	嘈雜	6	438979	82.755970
12539	圖解	6	438985	82.757101
12540	境地	6	438991	82.758232
12541	夢遊	6	438997	82.759363
12542	奪得	6	439003	82.760494
12543	實習醫生	6	439009	82.761625
12544	實體	6	439015	82.762756
12545	對撞機	6	439021	82.763887
12546	嶄露頭角	6	439027	82.765018
12547	慢性肝炎	6	439033	82.766149
12548	慢性炎症	6	439039	82.767280
12549	慢性病	6	439045	82.768411
12550	慘痛	6	439051	82.769542
12551	截肢	6	439057	82.770673
12552	撤換	6	439063	82.771804
12553	撤離	6	439069	82.772935
12554	旗開得勝	6	439075	82.774066
12555	榮幸	6	439081	82.775197
12556	歉意	6	439087	82.776328
12557	歌舞片	6	439093	82.777459
12558	演奏會	6	439099	82.778590
12559	演練	6	439105	82.779721
12560	滾石	6	439111	82.780852
12561	滾滾	6	439117	82.781983
12562	滴液	6	439123	82.783114
12563	漠視	6	439129	82.784245
12564	漢族	6	439135	82.785376
12565	滿月	6	439141	82.786507
12566	滿洲	6	439147	82.787638
12567	滿街	6	439153	82.788769
12568	滿載而歸	6	439159	82.789900
12569	滯留	6	439165	82.791031
12570	漸進	6	439171	82.792162
12571	漲勢	6	439177	82.793293
12572	漣漪	6	439183	82.794424
12573	漁夫	6	439189	82.795555
12574	煽情	6	439195	82.796686
12575	熄滅	6	439201	82.797817
12576	獄中	6	439207	82.798948
12577	監院	6	439213	82.800079
12578	監控	6	439219	82.801210
12579	睿智	6	439225	82.802341
12580	睡美人	6	439231	82.803472
12581	福特	6	439237	82.804603
12582	福華	6	439243	82.805734
12583	竭力	6	439249	82.806865
12584	管用	6	439255	82.807996
12585	管弦樂團	6	439261	82.809127
12586	管風琴	6	439267	82.810258
12587	管理員	6	439273	82.811389
12588	管理處	6	439279	82.812520
12589	算盤	6	439285	82.813651
12590	粽子	6	439291	82.814782
12591	精打細算	6	439297	82.815913
12592	精神分裂症	6	439303	82.817044
12593	精製	6	439309	82.818175
12594	精闢	6	439315	82.819306
12595	精髓	6	439321	82.820437
12596	綠卡	6	439327	82.821568
12597	緊迫	6	439333	82.822699
12598	緊繃	6	439339	82.823830
12599	網絡	6	439345	82.824961
12600	罰則	6	439351	82.826092
12601	肇因	6	439357	82.827223
12602	臺港	6	439363	82.828354
12603	臺階	6	439369	82.829485
12604	臺資	6	439375	82.830616
12605	臺鐵	6	439381	82.831747
12606	臺灣話	6	439387	82.832878
12607	蒸汽船	6	439393	82.834009
12608	蒼茫	6	439399	82.835140
12609	蜜雪兒	6	439405	82.836271
12610	裸露	6	439411	82.837402
12611	認親	6	439417	82.838533
12612	誓言	6	439423	82.839664
12613	說完	6	439429	82.840795
12614	說明書	6	439435	82.841926
12615	說詞	6	439441	82.843057
12616	赫伯	6	439447	82.844188
12617	輕度	6	439453	82.845319
12618	遠見雜誌	6	439459	82.846450
12619	遠紡	6	439465	82.847581
12620	遙控	6	439471	82.848712
12621	遞給	6	439477	82.849843
12622	鄙視	6	439483	82.850974
12623	銀牌	6	439489	82.852105
12624	領獎	6	439495	82.853236
12625	領導	6	439501	82.854367
12626	骯髒	6	439507	82.855498
12627	鼻孔	6	439513	82.856629
12628	劇校	6	439519	82.857760
12629	劉貢父	6	439525	82.858891
12630	劉紹樑	6	439531	82.860022
12631	嘮叨	6	439537	82.861153
12632	嘲笑	6	439543	82.862284
12633	增大	6	439549	82.863415
12634	嫻熟	6	439555	82.864546
12635	嬌客	6	439561	82.865677
12636	審美觀	6	439567	82.866808
12637	審理	6	439573	82.867939
12638	寫出	6	439579	82.869070
12639	寫法	6	439585	82.870201
12640	廣告獎	6	439591	82.871332
12641	廣受	6	439597	82.872463
12642	彈琴	6	439603	82.873594
12643	德州	6	439609	82.874725
12644	德黑蘭	6	439615	82.875856
12645	慶生會	6	439621	82.876987
12646	戮力	6	439627	82.878118
12647	撥出	6	439633	82.879249
12648	撕裂	6	439639	82.880380
12649	播送	6	439645	82.881511
12650	撫摸	6	439651	82.882642
12651	數天	6	439657	82.883773
12652	數度	6	439663	82.884904
12653	暴增	6	439669	82.886035
12654	標價	6	439675	82.887166
12655	標幟	6	439681	82.888297
12656	樂在其中	6	439687	82.889428
12657	歐式	6	439693	82.890559
12658	潔白	6	439699	82.891690
12659	潛水艇	6	439705	82.892821
12660	潮汐	6	439711	82.893952
12661	潰爛	6	439717	82.895083
12662	熱切	6	439723	82.896214
12663	熱水	6	439729	82.897345
12664	熱滾滾	6	439735	82.898476
12665	熱賣	6	439741	82.899607
12666	獎章	6	439747	82.900738
12667	盤子	6	439753	82.901869
12668	確是	6	439759	82.903000
12669	稻草人	6	439765	82.904131
12670	編寫	6	439771	82.905262
12671	緣分	6	439777	82.906393
12672	罷工	6	439783	82.907524
12673	蔚藍	6	439789	82.908655
12674	蔣介石	6	439795	82.909786
12675	複習	6	439801	82.910917
12676	複製	6	439807	82.912048
12677	複審	6	439813	82.913179
12678	談戀愛	6	439819	82.914310
12679	諸葛亮	6	439825	82.915441
12680	調升	6	439831	82.916572
12681	調校	6	439837	82.917703
12682	調職	6	439843	82.918834
12683	論述	6	439849	82.919965
12684	賭氣	6	439855	82.921096
12685	賭博	6	439861	82.922227
12686	賣花	6	439867	82.923358
12687	踐踏	6	439873	82.924489
12688	遮掩	6	439879	82.925620
12689	鄰座	6	439885	82.926751
12690	鄭松茂	6	439891	82.927882
12691	銷路	6	439897	82.929013
12692	養活	6	439903	82.930144
12693	餓死	6	439909	82.931275
12694	餘額	6	439915	82.932406
12695	駐足	6	439921	82.933537
12696	駙馬	6	439927	82.934668
12697	魯迅	6	439933	82.935799
12698	墨斗	6	439939	82.936930
12699	凝固	6	439945	82.938061
12700	學士	6	439951	82.939192
12701	學年度	6	439957	82.940323
12702	學長	6	439963	82.941454
12703	導電	6	439969	82.942585
12704	戰地	6	439975	82.943716
12705	戰役	6	439981	82.944847
12706	戰績	6	439987	82.945978
12707	戰艦	6	439993	82.947109
12708	擁護者	6	439999	82.948240
12709	操守	6	440005	82.949371
12710	擔保權	6	440011	82.950502
12711	整容	6	440017	82.951633
12712	整整	6	440023	82.952764
12713	橫掃	6	440029	82.953895
12714	樹脂	6	440035	82.955026
12715	機動	6	440041	82.956157
12716	歷史學家	6	440047	82.957288
12717	歷時	6	440053	82.958419
12718	歷險記	6	440059	82.959550
12719	澳幣	6	440065	82.960681
12720	激素	6	440071	82.961812
12721	激進	6	440077	82.962943
12722	激賞	6	440083	82.964074
12723	燒毀	6	440089	82.965205
12724	燈會	6	440095	82.966336
12725	獨子	6	440101	82.967467
12726	獨白	6	440107	82.968598
12727	獨領風騷	6	440113	82.969729
12728	盧布	6	440119	82.970860
12729	磨練	6	440125	82.971991
12730	禦寒	6	440131	82.973122
12731	積蓄	6	440137	82.974253
12732	窺見	6	440143	82.975384
12733	縣市政府	6	440149	82.976515
12734	興致勃勃	6	440155	82.977646
12735	興高采烈	6	440161	82.978777
12736	親子遊戲	6	440167	82.979908
12737	親屬	6	440173	82.981039
12738	諺語	6	440179	82.982170
12739	輸家	6	440185	82.983301
12740	遵照	6	440191	82.984432
12741	選務	6	440197	82.985563
12742	遺留	6	440203	82.986694
12743	錯事	6	440209	82.987825
12744	鋼板	6	440215	82.988956
12745	險勝	6	440221	82.990087
12746	雕刻家	6	440227	82.991218
12747	霖園集團	6	440233	82.992349
12748	頭昏腦脹	6	440239	82.993480
12749	頭陀	6	440245	82.994611
12750	頹勢	6	440251	82.995742
12751	默然	6	440257	82.996873
12752	默置	6	440263	82.998004
12753	默擯	6	440269	82.999135
12754	龍港	6	440275	83.000266
12755	龍貓	6	440281	83.001397
12756	償還	6	440287	83.002528
12757	嚇人	6	440293	83.003659
12758	壓制	6	440299	83.004790
12759	徽章	6	440305	83.005921
12760	懇求	6	440311	83.007052
12761	戲劇化	6	440317	83.008183
12762	戲碼	6	440323	83.009314
12763	擱淺	6	440329	83.010445
12764	濫伐	6	440335	83.011576
12765	營建署	6	440341	83.012707
12766	營業部	6	440347	83.013838
12767	獲准	6	440353	83.014969
12768	瞬息萬變	6	440359	83.016100
12769	瞧瞧	6	440365	83.017231
12770	總決賽	6	440371	83.018362
12771	總面積	6	440377	83.019493
12772	總預算	6	440383	83.020624
12773	總辭	6	440389	83.021755
12774	總體經濟	6	440395	83.022886
12775	繁瑣	6	440401	83.024017
12776	繁複	6	440407	83.025148
12777	聲帶	6	440413	83.026279
12778	聯合文學	6	440419	83.027410
12779	聯展	6	440425	83.028541
12780	聯結	6	440431	83.029672
12781	膾炙人口	6	440437	83.030803
12782	舉止	6	440443	83.031934
12783	舉世	6	440449	83.033065
12784	艱困	6	440455	83.034196
12785	艱鉅	6	440461	83.035327
12786	薄荷	6	440467	83.036458
12787	講理	6	440473	83.037589
12788	講習	6	440479	83.038720
12789	講解	6	440485	83.039851
12790	謝世義	6	440491	83.040982
12791	賽馬	6	440497	83.042113
12792	趨之若鶩	6	440503	83.043244
12793	趨於	6	440509	83.044375
12794	趨緩	6	440515	83.045506
12795	避孕	6	440521	83.046637
12796	邁出	6	440527	83.047768
12797	醜惡	6	440533	83.048899
12798	鍵盤	6	440539	83.050030
12799	闌尾	6	440545	83.051161
12800	隱形眼鏡	6	440551	83.052292
12801	隱私權	6	440557	83.053423
12802	隱密	6	440563	83.054554
12803	隱瞞	6	440569	83.055685
12804	雖有	6	440575	83.056816
12805	鮮少	6	440581	83.057947
12806	鮮美	6	440587	83.059078
12807	點名	6	440593	83.060209
12808	點鐘	6	440599	83.061340
12809	鼾聲	6	440605	83.062471
12810	壘球	6	440611	83.063602
12811	擴及	6	440617	83.064733
12812	擾人	6	440623	83.065864
12813	擾亂	6	440629	83.066995
12814	檳榔樹	6	440635	83.068126
12815	瀏覽	6	440641	83.069257
12816	癒合	6	440647	83.070388
12817	瞻仰	6	440653	83.071519
12818	職能	6	440659	83.072650
12819	舊日	6	440665	83.073781
12820	藏在	6	440671	83.074912
12821	藉助	6	440677	83.076043
12822	藉機	6	440683	83.077174
12823	豐年	6	440689	83.078305
12824	豐盛	6	440695	83.079436
12825	轉而	6	440701	83.080567
12826	轉接	6	440707	83.081698
12827	轉學生	6	440713	83.082829
12828	醫官	6	440719	83.083960
12829	鎖骨	6	440725	83.085091
12830	雜音	6	440731	83.086222
12831	雜劇	6	440737	83.087353
12832	雙魚座	6	440743	83.088484
12833	雙臂	6	440749	83.089615
12834	雙職人	6	440755	83.090746
12835	雛型	6	440761	83.091877
12836	額頭	6	440767	83.093008
12837	顏面	6	440773	83.094139
12838	顏料	6	440779	83.095270
12839	鬆散	6	440785	83.096401
12840	廬山	6	440791	83.097532
12841	懶惰	6	440797	83.098663
12842	爆玉米花	6	440803	83.099794
12843	爆笑	6	440809	83.100925
12844	爆發力	6	440815	83.102056
12845	獸醫	6	440821	83.103187
12846	疆域	6	440827	83.104318
12847	羅東	6	440833	83.105449
12848	繳稅	6	440839	83.106580
12849	藝術指導	6	440845	83.107711
12850	藝術節	6	440851	83.108842
12851	蟻獅	6	440857	83.109973
12852	邊境	6	440863	83.111104
12853	關口	6	440869	83.112235
12854	難度	6	440875	83.113366
12855	難為	6	440881	83.114497
12856	難得糊塗	6	440887	83.115628
12857	難堪	6	440893	83.116759
12858	難解	6	440899	83.117890
12859	勸導	6	440905	83.119021
12860	嚴寒	6	440911	83.120152
12861	寶物	6	440917	83.121283
12862	礦物質	6	440923	83.122414
12863	礦泉	6	440929	83.123545
12864	籃子	6	440935	83.124676
12865	糯米	6	440941	83.125807
12866	繼而	6	440947	83.126938
12867	蘆洲	6	440953	83.128069
12868	蘇菲	6	440959	83.129200
12869	觸及	6	440965	83.130331
12870	議事	6	440971	83.131462
12871	警戒	6	440977	83.132593
12872	警察局	6	440983	83.133724
12873	黨務	6	440989	83.134855
12874	攜手合作	6	440995	83.135986
12875	續集	6	441001	83.137117
12876	蘭州	6	441007	83.138248
12877	護身符	6	441013	83.139379
12878	護理人員	6	441019	83.140510
12879	辯解	6	441025	83.141641
12880	鐵板	6	441031	83.142772
12881	鐵路局	6	441037	83.143903
12882	鐵罐	6	441043	83.145034
12883	顧及	6	441049	83.146165
12884	驅動力	6	441055	83.147296
12885	魔幻	6	441061	83.148427
12886	攤開	6	441067	83.149558
12887	歡唱	6	441073	83.150689
12888	聽聞	6	441079	83.151820
12889	讀書會	6	441085	83.152951
12890	讀數	6	441091	83.154082
12891	鑄造	6	441097	83.155213
12892	變局	6	441103	83.156344
12893	變相	6	441109	83.157475
12894	顯出	6	441115	83.158606
12895	驚天動地	6	441121	83.159737
12896	驗收	6	441127	83.160868
12897	體格	6	441133	83.161999
12898	體總	6	441139	83.163130
12899	鹽寮	6	441145	83.164261
12900	鹽埕	6	441151	83.165392
12901	讚許	6	441157	83.166523
12902	厘米	6	441163	83.167654
12903	枷鎖	6	441169	83.168785
12904	挹注	6	441175	83.169916
12905	滁州	6	441181	83.171047
12906	瘞鶴銘	6	441187	83.172178
12907	鯰魚	6	441193	83.173309
12908	獼猴	6	441199	83.174440
12909	Ｔ恤	5	441204	83.175383
12910	一一	5	441209	83.176326
12911	一日	5	441214	83.177269
12912	一份	5	441219	83.178212
12913	一成不變	5	441224	83.179155
12914	一串	5	441229	83.180098
12915	一把	5	441234	83.181041
12916	一家	5	441239	83.181984
12917	一家人	5	441244	83.182927
12918	一級棒	5	441249	83.183870
12919	一眼	5	441254	83.184813
12920	一部份	5	441259	83.185756
12921	一幅	5	441264	83.186699
12922	一無所有	5	441269	83.187642
12923	一視同仁	5	441274	83.188585
12924	一間	5	441279	83.189528
12925	一頭熱	5	441284	83.190471
12926	一舉兩得	5	441289	83.191414
12927	一點一滴	5	441294	83.192357
12928	一蹶不振	5	441299	83.193300
12929	九月	5	441304	83.194243
12930	九份	5	441309	83.195186
12931	人生觀	5	441314	83.196129
12932	人緣	5	441319	83.197072
12933	人類學	5	441324	83.198015
12934	入口處	5	441329	83.198958
12935	入秋	5	441334	83.199901
12936	入宮	5	441339	83.200844
12937	八二三炮戰	5	441344	83.201787
12938	力作	5	441349	83.202730
12939	十二宮	5	441354	83.203673
12940	十字架	5	441359	83.204616
12941	三十六計	5	441364	83.205559
12942	三合一	5	441369	83.206502
12943	三明治	5	441374	83.207445
12944	三遊洞	5	441379	83.208388
12945	下海	5	441384	83.209331
12946	下策	5	441389	83.210274
12947	上衣	5	441394	83.211217
12948	上品	5	441399	83.212160
12949	上海人	5	441404	83.213103
12950	上釉	5	441409	83.214046
12951	上樓	5	441414	83.214989
12952	凡間	5	441419	83.215932
12953	久違	5	441424	83.216875
12954	乞丐	5	441429	83.217818
12955	千千萬萬	5	441434	83.218761
12956	千變萬化	5	441439	83.219704
12957	口若懸河	5	441444	83.220647
12958	口腔科	5	441449	83.221590
12959	土司	5	441454	83.222533
12960	土地使用權	5	441459	83.223476
12961	土層	5	441464	83.224419
12962	大叫	5	441469	83.225362
12963	大亨	5	441474	83.226305
12964	大阪	5	441479	83.227248
12965	大眾化	5	441484	83.228191
12966	大雪山	5	441489	83.229134
12967	大勝	5	441494	83.230077
12968	大塊	5	441499	83.231020
12969	大爺	5	441504	83.231963
12970	大路	5	441509	83.232906
12971	大夥兒	5	441514	83.233849
12972	大漢溪	5	441519	83.234792
12973	大藏省	5	441524	83.235735
12974	大礙	5	441529	83.236678
12975	大躍進	5	441534	83.237621
12976	大霹靂	5	441539	83.238564
12977	大體而言	5	441544	83.239507
12978	女性主義	5	441549	83.240450
12979	女神	5	441554	83.241393
12980	女秘書	5	441559	83.242336
12981	子民	5	441564	83.243279
12982	小不點	5	441569	83.244222
12983	小心翼翼	5	441574	83.245165
12984	小冊子	5	441579	83.246108
12985	小平浪平	5	441584	83.247051
12986	小生	5	441589	83.247994
12987	小兒科	5	441594	83.248937
12988	小於	5	441599	83.249880
12989	小虎隊	5	441604	83.250823
12990	小雨	5	441609	83.251766
12991	小城	5	441614	83.252709
12992	小個子	5	441619	83.253652
12993	小原流	5	441624	83.254595
12994	小規模	5	441629	83.255538
12995	小腦	5	441634	83.256481
12996	山中	5	441639	83.257424
12997	山水畫	5	441644	83.258367
12998	山海	5	441649	83.259310
12999	山崩	5	441654	83.260253
13000	山賊	5	441659	83.261196
13001	山嶺	5	441664	83.262139
13002	工商界	5	441669	83.263082
13003	工業用地	5	441674	83.264025
13004	工業用紙	5	441679	83.264968
13005	工運	5	441684	83.265911
13006	干涉	5	441689	83.266854
13007	不力	5	441694	83.267797
13008	不亦樂乎	5	441699	83.268740
13009	不在話下	5	441704	83.269683
13010	不成	5	441709	83.270626
13011	不快	5	441714	83.271569
13012	不言可喻	5	441719	83.272512
13013	不時之需	5	441724	83.273455
13014	不經意	5	441729	83.274398
13015	不擇手段	5	441734	83.275341
13016	中土	5	441739	83.276284
13017	中小學校	5	441744	83.277227
13018	中山大學	5	441749	83.278170
13019	中央大學	5	441754	83.279113
13020	中央信託局	5	441759	83.280056
13021	中央政治委員會	5	441764	83.280999
13022	中永和	5	441769	83.281942
13023	中和	5	441774	83.282885
13024	中流砥柱	5	441779	83.283828
13025	中研院	5	441784	83.284771
13026	中庭	5	441789	83.285714
13027	中校	5	441794	83.286657
13028	中國城	5	441799	83.287600
13029	中華開發	5	441804	83.288543
13030	中間人	5	441809	83.289486
13031	中橫	5	441814	83.290429
13032	井底	5	441819	83.291372
13033	互換	5	441824	83.292315
13034	五線譜	5	441829	83.293258
13035	元史	5	441834	83.294201
13036	內行	5	441839	83.295144
13037	內幕	5	441844	83.296087
13038	內褲	5	441849	83.297030
13039	六壬	5	441854	83.297973
13040	公公	5	441859	83.298916
13041	公民營	5	441864	83.299859
13042	公共安全	5	441869	83.300802
13043	公共汽車	5	441874	83.301745
13044	公信力	5	441879	83.302688
13045	公約	5	441884	83.303631
13046	公墓	5	441889	83.304574
13047	凶猛	5	441894	83.305517
13048	分心	5	441899	83.306460
13049	分外	5	441904	83.307403
13050	分批	5	441909	83.308346
13051	分析家	5	441914	83.309289
13052	分析師	5	441919	83.310232
13053	分社	5	441924	83.311175
13054	分隔	5	441929	83.312118
13055	分齡	5	441934	83.313061
13056	切身感	5	441939	83.314004
13057	切開	5	441944	83.314947
13058	切磋	5	441949	83.315890
13059	化工	5	441954	83.316833
13060	化油器	5	441959	83.317776
13061	化為	5	441964	83.318719
13062	午休	5	441969	83.319662
13063	厄立特里亞	5	441974	83.320605
13064	反思	5	441979	83.321548
13065	反常	5	441984	83.322491
13066	反擊	5	441989	83.323434
13067	天下雜誌	5	441994	83.324377
13068	天方夜譚	5	441999	83.325320
13069	天平	5	442004	83.326263
13070	天母	5	442009	83.327206
13071	天池	5	442014	83.328149
13072	天神	5	442019	83.329092
13073	天馬行空	5	442024	83.330035
13074	天黑	5	442029	83.330978
13075	天價	5	442034	83.331921
13076	天蠍座	5	442039	83.332864
13077	太平山	5	442044	83.333807
13078	太空梭	5	442049	83.334750
13079	太空總署	5	442054	83.335693
13080	太陽風	5	442059	83.336636
13081	孔尚任	5	442064	83.337579
13082	少年仔	5	442069	83.338522
13083	少棒隊	5	442074	83.339465
13084	少數民族	5	442079	83.340408
13085	尤塞夫	5	442084	83.341351
13086	巴人	5	442089	83.342294
13087	巴別塔	5	442094	83.343237
13088	幻滅	5	442099	83.344180
13089	引以為傲	5	442104	83.345123
13090	引流	5	442109	83.346066
13091	心不在焉	5	442114	83.347009
13092	心平氣和	5	442119	83.347952
13093	心目	5	442124	83.348895
13094	心血來潮	5	442129	83.349838
13095	心性	5	442134	83.350781
13096	心悸	5	442139	83.351724
13097	心理醫師	5	442144	83.352667
13098	心痛	5	442149	83.353610
13099	心算班	5	442154	83.354553
13100	心酸	5	442159	83.355496
13101	戶籍	5	442164	83.356439
13102	手下	5	442169	83.357382
13103	手表	5	442174	83.358325
13104	手術檯	5	442179	83.359268
13105	手槍	5	442184	83.360211
13106	手銬	5	442189	83.361154
13107	手續費	5	442194	83.362097
13108	文藝復興	5	442199	83.363040
13109	方才	5	442204	83.363983
13110	方形	5	442209	83.364926
13111	方圓	5	442214	83.365869
13112	方興未艾	5	442219	83.366812
13113	日照	5	442224	83.367755
13114	日籍	5	442229	83.368698
13115	月圓	5	442234	83.369641
13116	月薪	5	442239	83.370584
13117	木瓜	5	442244	83.371527
13118	木瓜牛奶	5	442249	83.372470
13119	木屐	5	442254	83.373413
13120	木質	5	442259	83.374356
13121	木質素	5	442264	83.375299
13122	木雕	5	442269	83.376242
13123	止息	5	442274	83.377185
13124	止痛	5	442279	83.378128
13125	比比皆是	5	442284	83.379071
13126	比利時	5	442289	83.380014
13127	水災	5	442294	83.380957
13128	水底	5	442299	83.381900
13129	水桶	5	442304	83.382843
13130	水道	5	442309	83.383786
13131	水閘	5	442314	83.384729
13132	水蒸氣	5	442319	83.385672
13133	火力發電廠	5	442324	83.386615
13134	火熱	5	442329	83.387558
13135	火鍋	5	442334	83.388501
13136	火爆	5	442339	83.389444
13137	片劑	5	442344	83.390387
13138	牙病	5	442349	83.391330
13139	牛皮	5	442354	83.392273
13140	王位	5	442359	83.393216
13141	王維	5	442364	83.394159
13142	王德馨	5	442369	83.395102
13143	王瀚	5	442374	83.396045
13144	世外桃源	5	442379	83.396988
13145	世故	5	442384	83.397931
13146	主人家	5	442389	83.398874
13147	主治	5	442394	83.399817
13148	主約	5	442399	83.400760
13149	主計	5	442404	83.401703
13150	主修	5	442409	83.402646
13151	主峰	5	442414	83.403589
13152	主婦	5	442419	83.404532
13153	主廚	5	442424	83.405475
13154	主機	5	442429	83.406418
13155	主講	5	442434	83.407361
13156	乏善可陳	5	442439	83.408304
13157	以至	5	442444	83.409247
13158	以身作則	5	442449	83.410190
13159	付之闕如	5	442454	83.411133
13160	他鄉	5	442459	83.412076
13161	代號	5	442464	83.413019
13162	出公差	5	442469	83.413962
13163	出手	5	442474	83.414905
13164	出刊	5	442479	83.415848
13165	出列	5	442484	83.416791
13166	出自	5	442489	83.417734
13167	出兵	5	442494	83.418677
13168	出征	5	442499	83.419620
13169	出品	5	442504	83.420563
13170	出軌	5	442509	83.421506
13171	出航	5	442514	83.422449
13172	出嫁	5	442519	83.423392
13173	出遊	5	442524	83.424335
13174	出線	5	442529	83.425278
13175	加工業	5	442534	83.426221
13176	加把勁	5	442539	83.427164
13177	加法	5	442544	83.428107
13178	加價	5	442549	83.429050
13179	加碼	5	442554	83.429993
13180	功績	5	442559	83.430936
13181	包涵	5	442564	83.431879
13182	包辦	5	442569	83.432822
13183	北大	5	442574	83.433765
13184	北半球	5	442579	83.434708
13185	北京大學	5	442584	83.435651
13186	半島	5	442589	83.436594
13187	半晌	5	442594	83.437537
13188	半規管	5	442599	83.438480
13189	卡霍	5	442604	83.439423
13190	占據	5	442609	83.440366
13191	去向	5	442614	83.441309
13192	去留	5	442619	83.442252
13193	去掉	5	442624	83.443195
13194	去蕪存菁	5	442629	83.444138
13195	可達	5	442634	83.445081
13196	可疑	5	442639	83.446024
13197	可親	5	442644	83.446967
13198	古今圖書集成	5	442649	83.447910
13199	古巴	5	442654	83.448853
13200	古文化	5	442659	83.449796
13201	古生物	5	442664	83.450739
13202	古典樂	5	442669	83.451682
13203	司令	5	442674	83.452625
13204	叫人	5	442679	83.453568
13205	另眼相看	5	442684	83.454511
13206	只怕	5	442689	83.455454
13207	史都華	5	442694	83.456397
13208	史跡	5	442699	83.457340
13209	叱吒	5	442704	83.458283
13210	四人幫	5	442709	83.459226
13211	四格漫畫	5	442714	83.460169
13212	外地人	5	442719	83.461112
13213	外海	5	442724	83.462055
13214	外遇	5	442729	83.462998
13215	失業人口	5	442734	83.463941
13216	失學	5	442739	83.464884
13217	奶茶	5	442744	83.465827
13218	尼克森	5	442749	83.466770
13219	巨細胞病毒	5	442754	83.467713
13220	巨變	5	442759	83.468656
13221	市井	5	442764	83.469599
13222	市場占有率	5	442769	83.470542
13223	市場調查	5	442774	83.471485
13224	市議會	5	442779	83.472428
13225	布料	5	442784	83.473371
13226	布條	5	442789	83.474314
13227	布滿	5	442794	83.475257
13228	平凡人	5	442799	83.476200
13229	平平	5	442804	83.477143
13230	平和	5	442809	83.478086
13231	平面廣告	5	442814	83.479029
13232	平素	5	442819	83.479972
13233	平淡	5	442824	83.480915
13234	平緩	5	442829	83.481858
13235	幼鯨	5	442834	83.482801
13236	打分數	5	442839	83.483744
13237	打字機	5	442844	83.484687
13238	打消	5	442849	83.485630
13239	打動	5	442854	83.486573
13240	打量	5	442859	83.487516
13241	打碎	5	442864	83.488459
13242	打瞌睡	5	442869	83.489402
13243	打擾	5	442874	83.490345
13244	斥資	5	442879	83.491288
13245	本地人	5	442884	83.492231
13246	本色	5	442889	83.493174
13247	本省人	5	442894	83.494117
13248	本草	5	442899	83.495060
13249	本意	5	442904	83.496003
13250	未成年	5	442909	83.496946
13251	未料	5	442914	83.497889
13252	未經	5	442919	83.498832
13253	未嘗	5	442924	83.499775
13254	末路狂花	5	442929	83.500718
13255	正中	5	442934	83.501661
13256	正巧	5	442939	83.502604
13257	正名	5	442944	83.503547
13258	正直	5	442949	83.504490
13259	正常化	5	442954	83.505433
13260	正職	5	442959	83.506376
13261	母女	5	442964	83.507319
13262	民族國家	5	442969	83.508262
13263	玉石	5	442974	83.509205
13264	玉器	5	442979	83.510148
13265	玉蘭花	5	442984	83.511091
13266	甘英	5	442989	83.512034
13267	甘拿	5	442994	83.512977
13268	甘甜	5	442999	83.513920
13269	生子	5	443004	83.514863
13270	生命線	5	443009	83.515806
13271	生命體	5	443014	83.516749
13272	生性	5	443019	83.517692
13273	生活方式	5	443024	83.518635
13274	生活環境	5	443029	83.519578
13275	生效	5	443034	83.520521
13276	生魚片	5	443039	83.521464
13277	生殖器	5	443044	83.522407
13278	生飲	5	443049	83.523350
13279	用料	5	443054	83.524293
13280	用處	5	443059	83.525236
13281	由衷	5	443064	83.526179
13282	白皮書	5	443069	83.527122
13283	白袍	5	443074	83.528065
13284	白矮星	5	443079	83.529008
13285	白種人	5	443084	83.529951
13286	白皙	5	443089	83.530894
13287	皮帶	5	443094	83.531837
13288	皮膚癌	5	443099	83.532780
13289	皮質	5	443104	83.533723
13290	目不轉睛	5	443109	83.534666
13291	目的地	5	443114	83.535609
13292	石印	5	443119	83.536552
13293	石塊	5	443124	83.537495
13294	立竿見影	5	443129	83.538438
13295	立論	5	443134	83.539381
13296	立憲	5	443139	83.540324
13297	丟包	5	443144	83.541267
13298	交易所	5	443149	83.542210
13299	交通局	5	443154	83.543153
13300	交通規則	5	443159	83.544096
13301	交通部長	5	443164	83.545039
13302	交部	5	443169	83.545982
13303	交戰	5	443174	83.546925
13304	交響樂	5	443179	83.547868
13305	交響樂團	5	443184	83.548811
13306	休克	5	443189	83.549754
13307	休憩	5	443194	83.550697
13308	仲介	5	443199	83.551640
13309	任憑	5	443204	83.552583
13310	仰角	5	443209	83.553526
13311	企業管理	5	443214	83.554469
13312	企劃書	5	443219	83.555412
13313	光束	5	443224	83.556355
13314	光陰	5	443229	83.557298
13315	光華	5	443234	83.558241
13316	光頭	5	443239	83.559184
13317	光鮮	5	443244	83.560127
13318	先令	5	443249	83.561070
13319	先前	5	443254	83.562013
13320	先期	5	443259	83.562956
13321	先睹為快	5	443264	83.563899
13322	全能	5	443269	83.564842
13323	全額	5	443274	83.565785
13324	共犯	5	443279	83.566728
13325	共同體	5	443284	83.567671
13326	再婚	5	443289	83.568614
13327	再會	5	443294	83.569557
13328	冰山一角	5	443299	83.570500
13329	冰斗	5	443304	83.571443
13330	冰品	5	443309	83.572386
13331	冰堆	5	443314	83.573329
13332	印度人	5	443319	83.574272
13333	印章	5	443324	83.575215
13334	印象派	5	443329	83.576158
13335	吉古拉特	5	443334	83.577101
13336	吉利	5	443339	83.578044
13337	同輩	5	443344	83.578987
13338	同儕	5	443349	83.579930
13339	各家	5	443354	83.580873
13340	各說各話	5	443359	83.581816
13341	各顯神通	5	443364	83.582759
13342	名列前茅	5	443369	83.583702
13343	名師	5	443374	83.584645
13344	名副其實	5	443379	83.585588
13345	名貴	5	443384	83.586531
13346	名噪一時	5	443389	83.587474
13347	合宜	5	443394	83.588417
13348	合奏	5	443399	83.589360
13349	吃力	5	443404	83.590303
13350	吃緊	5	443409	83.591246
13351	吃驚	5	443414	83.592189
13352	后冠	5	443419	83.593132
13353	因子	5	443424	83.594075
13354	因材施教	5	443429	83.595018
13355	回味	5	443434	83.595961
13356	回味無窮	5	443439	83.596904
13357	回程	5	443444	83.597847
13358	回鄉	5	443449	83.598790
13359	回憶錄	5	443454	83.599733
13360	地下鐵	5	443459	83.600676
13361	在職	5	443464	83.601619
13362	多不飽和脂肪酸	5	443469	83.602562
13363	夷陵	5	443474	83.603505
13364	好心	5	443479	83.604448
13365	好比	5	443484	83.605391
13366	好消息	5	443489	83.606334
13367	好動	5	443494	83.607277
13368	好棒	5	443499	83.608220
13369	如火如荼	5	443504	83.609163
13370	如出一轍	5	443509	83.610106
13371	字畫	5	443514	83.611049
13372	存貨	5	443519	83.611992
13373	守成	5	443524	83.612935
13374	守衛	5	443529	83.613878
13375	安理會	5	443534	83.614821
13376	安檢	5	443539	83.615764
13377	安穩	5	443544	83.616707
13378	年假	5	443549	83.617650
13379	年產量	5	443554	83.618593
13380	年邁	5	443559	83.619536
13381	成天	5	443564	83.620479
13382	成吉思汗	5	443569	83.621422
13383	成都	5	443574	83.622365
13384	成群	5	443579	83.623308
13385	扣掉	5	443584	83.624251
13386	收效	5	443589	83.625194
13387	收買	5	443594	83.626137
13388	收斂	5	443599	83.627080
13389	早先	5	443604	83.628023
13390	有空	5	443609	83.628966
13391	有限公司	5	443614	83.629909
13392	有效率	5	443619	83.630852
13393	有福	5	443624	83.631795
13394	有緣	5	443629	83.632738
13395	有聲有色	5	443634	83.633681
13396	有點兒	5	443639	83.634624
13397	朱元璋	5	443644	83.635567
13398	此生	5	443649	83.636510
13399	汗水	5	443654	83.637453
13400	汙穢	5	443659	83.638396
13401	百年大計	5	443664	83.639339
13402	百貨業	5	443669	83.640282
13403	米維葉	5	443674	83.641225
13404	老公	5	443679	83.642168
13405	老友	5	443684	83.643111
13406	老兄	5	443689	83.644054
13407	老祖母	5	443694	83.644997
13408	考評	5	443699	83.645940
13409	而今	5	443704	83.646883
13410	耳鳴	5	443709	83.647826
13411	耳蝸	5	443714	83.648769
13412	肉食	5	443719	83.649712
13413	臣民	5	443724	83.650655
13414	自力	5	443729	83.651598
13415	自序	5	443734	83.652541
13416	自我成長	5	443739	83.653484
13417	自家	5	443744	83.654427
13418	自強活動	5	443749	83.655370
13419	自殺者	5	443754	83.656313
13420	自許	5	443759	83.657256
13421	自責	5	443764	83.658199
13422	自然科學博物館	5	443769	83.659142
13423	自然景觀	5	443774	83.660085
13424	自盡	5	443779	83.661028
13425	色紙	5	443784	83.661971
13426	艾奧拉斯	5	443789	83.662914
13427	血汗	5	443794	83.663857
13428	血型	5	443799	83.664800
13429	血流量	5	443804	83.665743
13430	血栓	5	443809	83.666686
13431	血癌	5	443814	83.667629
13432	西乃山	5	443819	83.668572
13433	西方人	5	443824	83.669515
13434	西西里島	5	443829	83.670458
13435	西周	5	443834	83.671401
13436	西非	5	443839	83.672344
13437	西班牙人	5	443844	83.673287
13438	西湖書院	5	443849	83.674230
13439	西漢	5	443854	83.675173
13440	串聯	5	443859	83.676116
13441	亨利八世	5	443864	83.677059
13442	住民	5	443869	83.678002
13443	住宅區	5	443874	83.678945
13444	佛教徒	5	443879	83.679888
13445	何小東	5	443884	83.680831
13446	何在	5	443889	83.681774
13447	何佩玲	5	443894	83.682717
13448	伺機	5	443899	83.683660
13449	伸長	5	443904	83.684603
13450	佔有	5	443909	83.685546
13451	佔領	5	443914	83.686489
13452	佣金	5	443919	83.687432
13453	作物	5	443924	83.688375
13454	作祟	5	443929	83.689318
13455	作陶	5	443934	83.690261
13456	作弊	5	443939	83.691204
13457	低處	5	443944	83.692147
13458	低點	5	443949	83.693090
13459	余政憲	5	443954	83.694033
13460	佈滿	5	443959	83.694976
13461	兌現	5	443964	83.695919
13462	克里斯多福	5	443969	83.696862
13463	克林伊斯威特	5	443974	83.697805
13464	免疫系統	5	443979	83.698748
13465	冷汗	5	443984	83.699691
13466	冷門	5	443989	83.700634
13467	冷飲	5	443994	83.701577
13468	別出心裁	5	443999	83.702520
13469	別峰庵	5	444004	83.703463
13470	別館	5	444009	83.704406
13471	即時	5	444014	83.705349
13472	吞食	5	444019	83.706292
13473	呆帳	5	444024	83.707235
13474	吳舜文	5	444029	83.708178
13475	呂秀蓮	5	444034	83.709121
13476	君主	5	444039	83.710064
13477	告誡	5	444044	83.711007
13478	告辭	5	444049	83.711950
13479	吸收量	5	444054	83.712893
13480	吵醒	5	444059	83.713836
13481	吼聲	5	444064	83.714779
13482	坊間	5	444069	83.715722
13483	坑坑洞洞	5	444074	83.716665
13484	坐標系	5	444079	83.717608
13485	妙計	5	444084	83.718551
13486	妙齡	5	444089	83.719494
13487	妊娠	5	444094	83.720437
13488	完好	5	444099	83.721380
13489	完美無瑕	5	444104	83.722323
13490	完蛋	5	444109	83.723266
13491	宏碁電腦	5	444114	83.724209
13492	局限	5	444119	83.725152
13493	尾燈	5	444124	83.726095
13494	尾聲	5	444129	83.727038
13495	岌岌可危	5	444134	83.727981
13496	巫婆	5	444139	83.728924
13497	希爾頓飯店	5	444144	83.729867
13498	希冀	5	444149	83.730810
13499	希臘軍	5	444154	83.731753
13500	床墊	5	444159	83.732696
13501	弄髒	5	444164	83.733639
13502	形同	5	444169	83.734582
13503	忘卻	5	444174	83.735525
13504	志向	5	444179	83.736468
13505	快步	5	444184	83.737411
13506	快捷	5	444189	83.738354
13507	快遞	5	444194	83.739297
13508	把手	5	444199	83.740240
13509	扼腕	5	444204	83.741183
13510	折騰	5	444209	83.742126
13511	投奔	5	444214	83.743069
13512	投資案	5	444219	83.744012
13513	抓起	5	444224	83.744955
13514	改革派	5	444229	83.745898
13515	改頭換面	5	444234	83.746841
13516	攻擊性	5	444239	83.747784
13517	更名	5	444244	83.748727
13518	李大年	5	444249	83.749670
13519	李小龍	5	444254	83.750613
13520	李自成	5	444259	83.751556
13521	李振瀛	5	444264	83.752499
13522	李煥	5	444269	83.753442
13523	李遠哲	5	444274	83.754385
13524	村寨	5	444279	83.755328
13525	杜布羅夫尼克	5	444284	83.756271
13526	杞人憂天	5	444289	83.757214
13527	求取	5	444294	83.758157
13528	求醫	5	444299	83.759100
13529	沙丁魚	5	444304	83.760043
13530	沉浸	5	444309	83.760986
13531	沉溺	5	444314	83.761929
13532	決定性	5	444319	83.762872
13533	決選	5	444324	83.763815
13534	沖泡	5	444329	83.764758
13535	汽車工業	5	444334	83.765701
13536	汽門	5	444339	83.766644
13537	汽艇	5	444344	83.767587
13538	汲汲	5	444349	83.768530
13539	汶萊	5	444354	83.769473
13540	男仕	5	444359	83.770416
13541	秀髮	5	444364	83.771359
13542	育兒	5	444369	83.772302
13543	見仁見智	5	444374	83.773245
13544	角力	5	444379	83.774188
13545	走遍	5	444384	83.775131
13546	足部	5	444389	83.776074
13547	身亡	5	444394	83.777017
13548	身長	5	444399	83.777960
13549	身歷其境	5	444404	83.778903
13550	身懷絕技	5	444409	83.779846
13551	車齡	5	444414	83.780789
13552	巡航	5	444419	83.781732
13553	邦聯	5	444424	83.782675
13554	那位	5	444429	83.783618
13555	里程	5	444434	83.784561
13556	防腐劑	5	444439	83.785504
13557	防癌	5	444444	83.786447
13558	阮世聞	5	444449	83.787390
13559	並行不悖	5	444454	83.788333
13560	並重	5	444459	83.789276
13561	事例	5	444464	83.790219
13562	事務所	5	444469	83.791162
13563	亞太地區	5	444474	83.792105
13564	亞軍	5	444479	83.793048
13565	亞當	5	444484	83.793991
13566	亞當‧史密斯	5	444489	83.794934
13567	享用	5	444494	83.795877
13568	享年	5	444499	83.796820
13569	京華自營商	5	444504	83.797763
13570	依依不捨	5	444509	83.798706
13571	供過於求	5	444514	83.799649
13572	來去	5	444519	83.800592
13573	兩岸關係	5	444524	83.801535
13574	兩樣	5	444529	83.802478
13575	具名	5	444534	83.803421
13576	其間	5	444539	83.804364
13577	典故	5	444544	83.805307
13578	函送	5	444549	83.806250
13579	刻骨銘心	5	444554	83.807193
13580	刻畫	5	444559	83.808136
13581	制動	5	444564	83.809079
13582	制動力	5	444569	83.810022
13583	卑南族	5	444574	83.810965
13584	卸任	5	444579	83.811908
13585	叔父	5	444584	83.812851
13586	受孕	5	444589	83.813794
13587	受惠	5	444594	83.814737
13588	受寵	5	444599	83.815680
13589	受難者	5	444604	83.816623
13590	咖啡廳	5	444609	83.817566
13591	呼叫器	5	444614	83.818509
13592	呼氣	5	444619	83.819452
13593	呼喊	5	444624	83.820395
13594	和成	5	444629	83.821338
13595	周到	5	444634	83.822281
13596	周延	5	444639	83.823224
13597	周旋	5	444644	83.824167
13598	垃圾場	5	444649	83.825110
13599	坦率	5	444654	83.826053
13600	坦途	5	444659	83.826996
13601	坦然	5	444664	83.827939
13602	夜半	5	444669	83.828882
13603	夜校	5	444674	83.829825
13604	夜景	5	444679	83.830768
13605	夜遊	5	444684	83.831711
13606	奇招	5	444689	83.832654
13607	委內瑞拉	5	444694	83.833597
13608	姑惡鳥	5	444699	83.834540
13609	始祖鳥	5	444704	83.835483
13610	姊妹花	5	444709	83.836426
13611	孟子	5	444714	83.837369
13612	孟浩然	5	444719	83.838312
13613	孤島	5	444724	83.839255
13614	定名	5	444729	83.840198
13615	定時	5	444734	83.841141
13616	定慧寺	5	444739	83.842084
13617	官股	5	444744	83.843027
13618	官商	5	444749	83.843970
13619	宜蘭人	5	444754	83.844913
13620	宙斯	5	444759	83.845856
13621	尚書	5	444764	83.846799
13622	屈巫	5	444769	83.847742
13623	屈居	5	444774	83.848685
13624	屈塞	5	444779	83.849628
13625	居安思危	5	444784	83.850571
13626	居留	5	444789	83.851514
13627	岳父	5	444794	83.852457
13628	帕加馬	5	444799	83.853400
13629	帕加馬博物館	5	444804	83.854343
13630	幸而	5	444809	83.855286
13631	店主	5	444814	83.856229
13632	店鋪	5	444819	83.857172
13633	底格里斯河	5	444824	83.858115
13634	忠貞	5	444829	83.859058
13635	怯場	5	444834	83.860001
13636	性子	5	444839	83.860944
13637	性伴侶	5	444844	83.861887
13638	性關係	5	444849	83.862830
13639	房事	5	444854	83.863773
13640	房租	5	444859	83.864716
13641	所有人	5	444864	83.865659
13642	拉票	5	444869	83.866602
13643	抹滅	5	444874	83.867545
13644	招致	5	444879	83.868488
13645	拔得頭籌	5	444884	83.869431
13646	拔擢	5	444889	83.870374
13647	拋售	5	444894	83.871317
13648	拋掉	5	444899	83.872260
13649	拋開	5	444904	83.873203
13650	抽空	5	444909	83.874146
13651	抽屜	5	444914	83.875089
13652	抽樣	5	444919	83.876032
13653	拍出	5	444924	83.876975
13654	拍檔	5	444929	83.877918
13655	抵押	5	444934	83.878861
13656	抵禦	5	444939	83.879804
13657	抱住	5	444944	83.880747
13658	拆卸	5	444949	83.881690
13659	拆船	5	444954	83.882633
13660	放手一搏	5	444959	83.883576
13661	放水	5	444964	83.884519
13662	放映機	5	444969	83.885462
13663	放榜	5	444974	83.886405
13664	斧頭	5	444979	83.887348
13665	昆布	5	444984	83.888291
13666	明文	5	444989	83.889234
13667	明文規定	5	444994	83.890177
13668	明目	5	444999	83.891120
13669	明快	5	445004	83.892063
13670	昏暗	5	445009	83.893006
13671	服食	5	445014	83.893949
13672	服務網	5	445019	83.894892
13673	東京故事	5	445024	83.895835
13674	東海	5	445029	83.896778
13675	果醬	5	445034	83.897721
13676	枝頭	5	445039	83.898664
13677	林志穎	5	445044	83.899607
13678	林明義	5	445049	83.900550
13679	林清玄	5	445054	83.901493
13680	林豐正	5	445059	83.902436
13681	枉然	5	445064	83.903379
13682	松山	5	445069	83.904322
13683	松山樹子	5	445074	83.905265
13684	欣然	5	445079	83.906208
13685	武俠小說	5	445084	83.907151
13686	沾染	5	445089	83.908094
13687	波斯尼亞	5	445094	83.909037
13688	波斯灣	5	445099	83.909980
13689	波濤	5	445104	83.910923
13690	波霸	5	445109	83.911866
13691	沸水	5	445114	83.912809
13692	沸點	5	445119	83.913752
13693	油炸	5	445124	83.914695
13694	油菜花	5	445129	83.915638
13695	沿路	5	445134	83.916581
13696	沿襲	5	445139	83.917524
13697	泡麵	5	445144	83.918467
13698	炎症	5	445149	83.919410
13699	炎熱	5	445154	83.920353
13700	爬升	5	445159	83.921296
13701	爭氣	5	445164	83.922239
13702	爭議性	5	445169	83.923182
13703	物種	5	445174	83.924125
13704	物價指數	5	445179	83.925068
13705	狗年	5	445184	83.926011
13706	狐疑	5	445189	83.926954
13707	知音	5	445194	83.927897
13708	知情	5	445199	83.928840
13709	知曉	5	445204	83.929783
13710	知縣	5	445209	83.930726
13711	社工	5	445214	83.931669
13712	社會運動	5	445219	83.932612
13713	社會福利	5	445224	83.933555
13714	社福	5	445229	83.934498
13715	空服員	5	445234	83.935441
13716	空調系統	5	445239	83.936384
13717	空頭	5	445244	83.937327
13718	糾結	5	445249	83.938270
13719	肺葉	5	445254	83.939213
13720	股份	5	445259	83.940156
13721	肯洛區	5	445264	83.941099
13722	芳香	5	445269	83.942042
13723	花車	5	445274	83.942985
13724	花兒	5	445279	83.943928
13725	花香	5	445284	83.944871
13726	花師	5	445289	83.945814
13727	花絮	5	445294	83.946757
13728	花邊	5	445299	83.947700
13729	虎骨	5	445304	83.948643
13730	初夏	5	445309	83.949586
13731	表妹	5	445314	83.950529
13732	表姐	5	445319	83.951472
13733	表露無遺	5	445324	83.952415
13734	返家	5	445329	83.953358
13735	近在咫尺	5	445334	83.954301
13736	近年來	5	445339	83.955244
13737	邱復生	5	445344	83.956187
13738	金日成	5	445349	83.957130
13739	金卡	5	445354	83.958073
13740	金針	5	445359	83.959016
13741	金錢遊戲	5	445364	83.959959
13742	金權政治	5	445369	83.960902
13743	長春	5	445374	83.961845
13744	長高	5	445379	83.962788
13745	長笛	5	445384	83.963731
13746	長短	5	445389	83.964674
13747	長篇小說	5	445394	83.965617
13748	門禁	5	445399	83.966560
13749	門鈴	5	445404	83.967503
13750	阿瓦尼	5	445409	83.968446
13751	阿呆	5	445414	83.969389
13752	阿媽	5	445419	83.970332
13753	附件	5	445424	83.971275
13754	附屬	5	445429	83.972218
13755	雨滴	5	445434	83.973161
13756	青年節	5	445439	83.974104
13757	青銅	5	445444	83.975047
13758	信義	5	445449	83.975990
13759	便利商店	5	445454	83.976933
13760	俏皮	5	445459	83.977876
13761	保佑	5	445464	83.978819
13762	保健茶	5	445469	83.979762
13763	保管	5	445474	83.980705
13764	冒出	5	445479	83.981648
13765	冒牌	5	445484	83.982591
13766	前生	5	445489	83.983534
13767	前任	5	445494	83.984477
13768	前列腺	5	445499	83.985420
13769	前程	5	445504	83.986363
13770	勇猛	5	445509	83.987306
13771	南瓜	5	445514	83.988249
13772	南美	5	445519	83.989192
13773	南島	5	445524	83.990135
13774	南轅北轍	5	445529	83.991078
13775	哀求	5	445534	83.992021
13776	哀傷	5	445539	83.992964
13777	品德	5	445544	83.993907
13778	哈佛	5	445549	83.994850
13779	城鎮	5	445554	83.995793
13780	威利	5	445559	83.996736
13781	客源	5	445564	83.997679
13782	封號	5	445569	83.998622
13783	封裝廠	5	445574	83.999565
13784	封鎖	5	445579	84.000508
13785	屏幕	5	445584	84.001451
13786	帝雉	5	445589	84.002394
13787	帥哥	5	445594	84.003337
13788	幽默感	5	445599	84.004280
13789	度日	5	445604	84.005223
13790	建言	5	445609	84.006166
13791	建教合作	5	445614	84.007109
13792	建築業	5	445619	84.008052
13793	待人	5	445624	84.008995
13794	後市	5	445629	84.009938
13795	後部	5	445634	84.010881
13796	後裔	5	445639	84.011824
13797	怒吼	5	445644	84.012767
13798	思想家	5	445649	84.013710
13799	恍惚	5	445654	84.014653
13800	拜占庭	5	445659	84.015596
13801	挖洞	5	445664	84.016539
13802	按部就班	5	445669	84.017482
13803	拼音	5	445674	84.018425
13804	指尖	5	445679	84.019368
13805	指南針	5	445684	84.020311
13806	指教	5	445689	84.021254
13807	指頭	5	445694	84.022197
13808	挑高	5	445699	84.023140
13809	政治立場	5	445704	84.024083
13810	政治學	5	445709	84.025026
13811	星夜	5	445714	84.025969
13812	星爆	5	445719	84.026912
13813	柔美	5	445724	84.027855
13814	某人	5	445729	84.028798
13815	架設	5	445734	84.029741
13816	枯木	5	445739	84.030684
13817	查覺	5	445744	84.031627
13818	柏林圍牆	5	445749	84.032570
13819	柏林影展	5	445754	84.033513
13820	歪風	5	445759	84.034456
13821	毒物	5	445764	84.035399
13822	毒蛇	5	445769	84.036342
13823	泉源	5	445774	84.037285
13824	洋人	5	445779	84.038228
13825	洋酒	5	445784	84.039171
13826	洪流	5	445789	84.040114
13827	流言	5	445794	84.041057
13828	流氓	5	445799	84.042000
13829	流落	5	445804	84.042943
13830	洞察	5	445809	84.043886
13831	洞燭機先	5	445814	84.044829
13832	洗車	5	445819	84.045772
13833	洗滌	5	445824	84.046715
13834	活人	5	445829	84.047658
13835	活化石	5	445834	84.048601
13836	活性	5	445839	84.049544
13837	派出	5	445844	84.050487
13838	洛厄	5	445849	84.051430
13839	牲畜	5	445854	84.052373
13840	玻璃玫瑰	5	445859	84.053316
13841	玲瓏	5	445864	84.054259
13842	珍‧史密斯	5	445869	84.055202
13843	珍芳達	5	445874	84.056145
13844	珍獸	5	445879	84.057088
13845	皆大歡喜	5	445884	84.058031
13846	皇太后	5	445889	84.058974
13847	皇族	5	445894	84.059917
13848	省事	5	445899	84.060860
13849	省長	5	445904	84.061803
13850	相依為命	5	445909	84.062746
13851	相符	5	445914	84.063689
13852	相貌	5	445919	84.064632
13853	相輔相成	5	445924	84.065575
13854	相鄰	5	445929	84.066518
13855	看守	5	445934	84.067461
13856	看招	5	445939	84.068404
13857	看海	5	445944	84.069347
13858	看清	5	445949	84.070290
13859	看電影	5	445954	84.071233
13860	看戲	5	445959	84.072176
13861	看醫師	5	445964	84.073119
13862	看顧	5	445969	84.074062
13863	砂石	5	445974	84.075005
13864	研究生	5	445979	84.075948
13865	研習班	5	445984	84.076891
13866	研議	5	445989	84.077834
13867	研讀	5	445994	84.078777
13868	科學月刊	5	445999	84.079720
13869	秋冬	5	446004	84.080663
13870	穿針引線	5	446009	84.081606
13871	紅目	5	446014	84.082549
13872	紅利	5	446019	84.083492
13873	紅豬	5	446024	84.084435
13874	紅顏	5	446029	84.085378
13875	紀實	5	446034	84.086321
13876	約略	5	446039	84.087264
13877	約瑟芬	5	446044	84.088207
13878	美人魚	5	446049	84.089150
13879	美西	5	446054	84.090093
13880	美規	5	446059	84.091036
13881	美夢成真	5	446064	84.091979
13882	耐用	5	446069	84.092922
13883	耶誕卡	5	446074	84.093865
13884	耶誕老人	5	446079	84.094808
13885	耶誕樹	5	446084	84.095751
13886	胖胖	5	446089	84.096694
13887	胚胎	5	446094	84.097637
13888	胃炎	5	446099	84.098580
13889	胃痛	5	446104	84.099523
13890	胃酸	5	446109	84.100466
13891	胃潰瘍	5	446114	84.101409
13892	胡瓜	5	446119	84.102352
13893	胡志強	5	446124	84.103295
13894	胡蘿蔔素	5	446129	84.104238
13895	致歉	5	446134	84.105181
13896	致謝	5	446139	84.106124
13897	范仲淹	5	446144	84.107067
13898	苦笑	5	446149	84.108010
13899	苦頭	5	446154	84.108953
13900	茉莉花	5	446159	84.109896
13901	英王	5	446164	84.110839
13902	英鎊	5	446169	84.111782
13903	要好	5	446174	84.112725
13904	要員	5	446179	84.113668
13905	要訣	5	446184	84.114611
13906	要衝	5	446189	84.115554
13907	計算機	5	446194	84.116497
13908	負值	5	446199	84.117440
13909	赴會	5	446204	84.118383
13910	軍力	5	446209	84.119326
13911	軍用	5	446214	84.120269
13912	軍警	5	446219	84.121212
13913	重回	5	446224	84.122155
13914	重型	5	446229	84.123098
13915	重挫	5	446234	84.124041
13916	重責大任	5	446239	84.124984
13917	重寫	5	446244	84.125927
13918	降水量	5	446249	84.126870
13919	面向	5	446254	84.127813
13920	面面俱到	5	446259	84.128756
13921	面試	5	446264	84.129699
13922	革命性	5	446269	84.130642
13923	音樂廳	5	446274	84.131585
13924	音譯	5	446279	84.132528
13925	風紀	5	446284	84.133471
13926	風能	5	446289	84.134414
13927	風速	5	446294	84.135357
13928	風景畫	5	446299	84.136300
13929	飛向	5	446304	84.137243
13930	飛鳥	5	446309	84.138186
13931	食鹽	5	446314	84.139129
13932	首屆	5	446319	84.140072
13933	首府	5	446324	84.141015
13934	首當其衝	5	446329	84.141958
13935	香榭大道	5	446334	84.142901
13936	乘用車	5	446339	84.143844
13937	乘法	5	446344	84.144787
13938	乘員	5	446349	84.145730
13939	乘船	5	446354	84.146673
13940	倍受	5	446359	84.147616
13941	俯瞰	5	446364	84.148559
13942	值日生	5	446369	84.149502
13943	借助	5	446374	84.150445
13944	倒下	5	446379	84.151388
13945	倒塌	5	446384	84.152331
13946	倒影	5	446389	84.153274
13947	倡婦	5	446394	84.154217
13948	修長	5	446399	84.155160
13949	兼差	5	446404	84.156103
13950	兼營	5	446409	84.157046
13951	原委	5	446414	84.157989
13952	原委會	5	446419	84.158932
13953	原野	5	446424	84.159875
13954	原著	5	446429	84.160818
13955	原裝	5	446434	84.161761
13956	哥特堡	5	446439	84.162704
13957	哲理	5	446444	84.163647
13958	哲學家	5	446449	84.164590
13959	哺育	5	446454	84.165533
13960	哪個	5	446459	84.166476
13961	夏家店下層文化	5	446464	84.167419
13962	娘家	5	446469	84.168362
13963	孫越	5	446474	84.169305
13964	家扶	5	446479	84.170248
13965	家數	5	446484	84.171191
13966	宴席	5	446489	84.172134
13967	宴饗	5	446494	84.173077
13968	宮中	5	446499	84.174020
13969	射中	5	446504	84.174963
13970	射線	5	446509	84.175906
13971	峰值	5	446514	84.176849
13972	差一點	5	446519	84.177792
13973	差別待遇	5	446524	84.178735
13974	席捲	5	446529	84.179678
13975	師範	5	446534	84.180621
13976	庫車	5	446539	84.181564
13977	徐志摩	5	446544	84.182507
13978	徐重仁	5	446549	84.183450
13979	恐怖症	5	446554	84.184393
13980	悄悄話	5	446559	84.185336
13981	悄然	5	446564	84.186279
13982	振作	5	446569	84.187222
13983	捕獲	5	446574	84.188165
13984	捉住	5	446579	84.189108
13985	旁觀	5	446584	84.190051
13986	旅行支票	5	446589	84.190994
13987	時人	5	446594	84.191937
13988	時下	5	446599	84.192880
13989	時勢	5	446604	84.193823
13990	時裝	5	446609	84.194766
13991	書報	5	446614	84.195709
13992	書報攤	5	446619	84.196652
13993	校刊	5	446624	84.197595
13994	校務	5	446629	84.198538
13995	核爆	5	446634	84.199481
13996	根治	5	446639	84.200424
13997	根除	5	446644	84.201367
13998	桌面	5	446649	84.202310
13999	桌球賽	5	446654	84.203253
14000	格子	5	446659	84.204196
14001	格林	5	446664	84.205139
14002	格林威治	5	446669	84.206082
14003	桃符	5	446674	84.207025
14004	栓塞	5	446679	84.207968
14005	殷乃平	5	446684	84.208911
14006	殷切	5	446689	84.209854
14007	氣魄	5	446694	84.210797
14008	氣燄	5	446699	84.211740
14009	氨氣	5	446704	84.212683
14010	泰晤士河	5	446709	84.213626
14011	消化道	5	446714	84.214569
14012	消炎	5	446719	84.215512
14013	消費性	5	446724	84.216455
14014	消遣	5	446729	84.217398
14015	海地	5	446734	84.218341
14016	海百合	5	446739	84.219284
14017	海洋走廊	5	446744	84.220227
14018	海島	5	446749	84.221170
14019	海膽	5	446754	84.222113
14020	浮萍	5	446759	84.223056
14021	浮雕	5	446764	84.223999
14022	浴缸	5	446769	84.224942
14023	烘托	5	446774	84.225885
14024	烏克蘭	5	446779	84.226828
14025	烏來	5	446784	84.227771
14026	烏格里特	5	446789	84.228714
14027	烏黑	5	446794	84.229657
14028	烏魯木齊	5	446799	84.230600
14029	特別獎	5	446804	84.231543
14030	特長	5	446809	84.232486
14031	特約	5	446814	84.233429
14032	特殊教育	5	446819	84.234372
14033	狹長	5	446824	84.235315
14034	狹隘	5	446829	84.236258
14035	留白	5	446834	84.237201
14036	留存	5	446839	84.238144
14037	疾患	5	446844	84.239087
14038	病友	5	446849	84.240030
14039	病原體	5	446854	84.240973
14040	病害	5	446859	84.241916
14041	病理	5	446864	84.242859
14042	病徵	5	446869	84.243802
14043	病魔	5	446874	84.244745
14044	症候	5	446879	84.245688
14045	疲累	5	446884	84.246631
14046	疲態	5	446889	84.247574
14047	疼惜	5	446894	84.248517
14048	疼愛	5	446899	84.249460
14049	益智	5	446904	84.250403
14050	真切	5	446909	84.251346
14051	真相大白	5	446914	84.252289
14052	破除	5	446919	84.253232
14053	祕魯	5	446924	84.254175
14054	神似	5	446929	84.255118
14055	神經元	5	446934	84.256061
14056	神靈	5	446939	84.257004
14057	租界	5	446944	84.257947
14058	紗布	5	446949	84.258890
14059	素燒	5	446954	84.259833
14060	純潔	5	446959	84.260776
14061	級任老師	5	446964	84.261719
14062	納骨塔	5	446969	84.262662
14063	紙箱	5	446974	84.263605
14064	缺口	5	446979	84.264548
14065	缺憾	5	446984	84.265491
14066	耗盡	5	446989	84.266434
14067	脂肪酸	5	446994	84.267377
14068	胸悶	5	446999	84.268320
14069	脊椎骨	5	447004	84.269263
14070	臭皮匠	5	447009	84.270206
14071	臭味	5	447014	84.271149
14072	航太	5	447019	84.272092
14073	航太工業	5	447024	84.273035
14074	航道	5	447029	84.273978
14075	草本植物	5	447034	84.274921
14076	草創	5	447039	84.275864
14077	記事	5	447044	84.276807
14078	記取	5	447049	84.277750
14079	討價還價	5	447054	84.278693
14080	豈能	5	447059	84.279636
14081	財星雜誌	5	447064	84.280579
14082	財閥	5	447069	84.281522
14083	起跑	5	447074	84.282465
14084	送達	5	447079	84.283408
14085	迷津	5	447084	84.284351
14086	迷惘	5	447089	84.285294
14087	退稿	5	447094	84.286237
14088	配樂	5	447099	84.287180
14089	陡坡	5	447104	84.288123
14090	陡然	5	447109	84.289066
14091	馬特拉	5	447114	84.290009
14092	骨架	5	447119	84.290952
14093	骨牌效應	5	447124	84.291895
14094	骨質	5	447129	84.292838
14095	高山滑雪賽	5	447134	84.293781
14096	高工	5	447139	84.294724
14097	高升	5	447144	84.295667
14098	高年級	5	447149	84.296610
14099	高利潤	5	447154	84.297553
14100	高性能汽車	5	447159	84.298496
14101	高級主管	5	447164	84.299439
14102	高普考	5	447169	84.300382
14103	高跟鞋	5	447174	84.301325
14104	高爾夫球	5	447179	84.302268
14105	高頻	5	447184	84.303211
14106	高壓電	5	447189	84.304154
14107	高轉速域	5	447194	84.305097
14108	高齡化	5	447199	84.306040
14109	乾涸	5	447204	84.306983
14110	停泊	5	447209	84.307926
14111	停效	5	447214	84.308869
14112	做愛	5	447219	84.309812
14113	健忘	5	447224	84.310755
14114	健胸	5	447229	84.311698
14115	健康史	5	447234	84.312641
14116	偶拾	5	447239	84.313584
14117	偵辦	5	447244	84.314527
14118	側向	5	447249	84.315470
14119	偷跑	5	447254	84.316413
14120	偏頗	5	447259	84.317356
14121	剪影	5	447264	84.318299
14122	副刊	5	447269	84.319242
14123	勒索	5	447274	84.320185
14124	動力系統	5	447279	84.321128
14125	動合子	5	447284	84.322071
14126	動作片	5	447289	84.323014
14127	動靜	5	447294	84.323957
14128	動盪不安	5	447299	84.324900
14129	動聽	5	447304	84.325843
14130	區段	5	447309	84.326786
14131	區區	5	447314	84.327729
14132	參與者	5	447319	84.328672
14133	商業銀行	5	447324	84.329615
14134	商榷	5	447329	84.330558
14135	啦啦隊	5	447334	84.331501
14136	問政	5	447339	84.332444
14137	問話	5	447344	84.333387
14138	售票	5	447349	84.334330
14139	啜飲	5	447354	84.335273
14140	國家大事	5	447359	84.336216
14141	國家安全委員會	5	447364	84.337159
14142	國泰航空	5	447369	84.338102
14143	國語實小	5	447374	84.339045
14144	國際書展	5	447379	84.339988
14145	國際級	5	447384	84.340931
14146	國際貿易	5	447389	84.341874
14147	基隆港	5	447394	84.342817
14148	基督徒	5	447399	84.343760
14149	堂奧	5	447404	84.344703
14150	夠資格	5	447409	84.345646
14151	婦孺	5	447414	84.346589
14152	婚後	5	447419	84.347532
14153	寂寥	5	447424	84.348475
14154	宿命論	5	447429	84.349418
14155	密件	5	447434	84.350361
14156	密拉型星球	5	447439	84.351304
14157	密室	5	447444	84.352247
14158	密密麻麻	5	447449	84.353190
14159	密碼	5	447454	84.354133
14160	專制	5	447459	84.355076
14161	專程	5	447464	84.356019
14162	專斷	5	447469	84.356962
14163	專題報導	5	447474	84.357905
14164	崇禎	5	447479	84.358848
14165	崩塌	5	447484	84.359791
14166	帳戶	5	447489	84.360734
14167	帳篷	5	447494	84.361677
14168	張老師	5	447499	84.362620
14169	張果	5	447504	84.363563
14170	張洪量	5	447509	84.364506
14171	張家灣	5	447514	84.365449
14172	張貼	5	447519	84.366392
14173	張愛玲	5	447524	84.367335
14174	強而有力	5	447529	84.368278
14175	強壯	5	447534	84.369221
14176	強固	5	447539	84.370164
14177	強國	5	447544	84.371107
14178	強權	5	447549	84.372050
14179	彗星	5	447554	84.372993
14180	彩妝	5	447559	84.373936
14181	得力	5	447564	84.374879
14182	得不償失	5	447569	84.375822
14183	得來	5	447574	84.376765
14184	得救	5	447579	84.377708
14185	從中	5	447584	84.378651
14186	悠游	5	447589	84.379594
14187	情人節	5	447594	84.380537
14188	情場	5	447599	84.381480
14189	惟有	5	447604	84.382423
14190	探戈	5	447609	84.383366
14191	探求	5	447614	84.384309
14192	探險隊	5	447619	84.385252
14193	接棒	5	447624	84.386195
14194	接龍	5	447629	84.387138
14195	捷局	5	447634	84.388081
14196	捷足先登	5	447639	84.389024
14197	掩埋場	5	447644	84.389967
14198	掃墓	5	447649	84.390910
14199	掃蕩	5	447654	84.391853
14200	掛在	5	447659	84.392796
14201	推升	5	447664	84.393739
14202	推官	5	447669	84.394682
14203	推波助瀾	5	447674	84.395625
14204	授課	5	447679	84.396568
14205	採納	5	447684	84.397511
14206	排雲山莊	5	447689	84.398454
14207	排檔	5	447694	84.399397
14208	救護	5	447699	84.400340
14209	教父	5	447704	84.401283
14210	教節	5	447709	84.402226
14211	教學觀摩	5	447714	84.403169
14212	斬獲	5	447719	84.404112
14213	晨曦	5	447724	84.405055
14214	梵文	5	447729	84.405998
14215	梧桐	5	447734	84.406941
14216	棄權	5	447739	84.407884
14217	條約	5	447744	84.408827
14218	梨山	5	447749	84.409770
14219	欲罷不能	5	447754	84.410713
14220	淳樸	5	447759	84.411656
14221	液晶	5	447764	84.412599
14222	液晶顯示器	5	447769	84.413542
14223	液晶體溫計	5	447774	84.414485
14224	淡淡	5	447779	84.415428
14225	淺海	5	447784	84.416371
14226	淺談	5	447789	84.417314
14227	淺顯	5	447794	84.418257
14228	清一色	5	447799	84.419200
14229	清查	5	447804	84.420143
14230	清朗	5	447809	84.421086
14231	清真寺	5	447814	84.422029
14232	清淡	5	447819	84.422972
14233	清道夫	5	447824	84.423915
14234	混蛋	5	447829	84.424858
14235	涵養	5	447834	84.425801
14236	深秋	5	447839	84.426744
14237	深淵	5	447844	84.427687
14238	深邃	5	447849	84.428630
14239	烽火	5	447854	84.429573
14240	爽口	5	447859	84.430516
14241	牽動	5	447864	84.431459
14242	球季	5	447869	84.432402
14243	理事主席	5	447874	84.433345
14244	現年	5	447879	84.434288
14245	現款	5	447884	84.435231
14246	瓶蓋	5	447889	84.436174
14247	瓷器	5	447894	84.437117
14248	畢業旅行	5	447899	84.438060
14249	異動	5	447904	84.439003
14250	異種	5	447909	84.439946
14251	異樣	5	447914	84.440889
14252	疏失	5	447919	84.441832
14253	盛夏	5	447924	84.442775
14254	眷戀	5	447929	84.443718
14255	眼明手快	5	447934	84.444661
14256	眼花撩亂	5	447939	84.445604
14257	硫磺	5	447944	84.446547
14258	祭孔大典	5	447949	84.447490
14259	祭司	5	447954	84.448433
14260	祭品	5	447959	84.449376
14261	祭祖	5	447964	84.450319
14262	移入	5	447969	84.451262
14263	窒礙難行	5	447974	84.452205
14264	笨拙	5	447979	84.453148
14265	笨蛋	5	447984	84.454091
14266	第一名	5	447989	84.455034
14267	粗暴	5	447994	84.455977
14268	絆腳石	5	447999	84.456920
14269	統獨	5	448004	84.457863
14270	細密畫	5	448009	84.458806
14271	細細	5	448014	84.459749
14272	細嚼慢嚥	5	448019	84.460692
14273	終端機	5	448024	84.461635
14274	習題	5	448029	84.462578
14275	脫節	5	448034	84.463521
14276	船舶	5	448039	84.464464
14277	莫哈達姆	5	448044	84.465407
14278	荷蘭人	5	448049	84.466350
14279	處女作	5	448054	84.467293
14280	處世	5	448059	84.468236
14281	處事	5	448064	84.469179
14282	處所	5	448069	84.470122
14283	蚯蚓	5	448074	84.471065
14284	術語	5	448079	84.472008
14285	被子	5	448084	84.472951
14286	許願	5	448089	84.473894
14287	責任準備金	5	448094	84.474837
14288	貨物稅	5	448099	84.475780
14289	貨幣政策	5	448104	84.476723
14290	貨櫃	5	448109	84.477666
14291	軟性	5	448114	84.478609
14292	這部	5	448119	84.479552
14293	通病	5	448124	84.480495
14294	通商	5	448129	84.481438
14295	通貨膨脹率	5	448134	84.482381
14296	通勤	5	448139	84.483324
14297	通稱	5	448144	84.484267
14298	連貫	5	448149	84.485210
14299	連續劇	5	448154	84.486153
14300	速成	5	448159	84.487096
14301	速食麵	5	448164	84.488039
14302	速率	5	448169	84.488982
14303	透視	5	448174	84.489925
14304	透鏡	5	448179	84.490868
14305	郭為藩	5	448184	84.491811
14306	野地	5	448189	84.492754
14307	野炊	5	448194	84.493697
14308	釣絲	5	448199	84.494640
14309	閉門	5	448204	84.495583
14310	陪考	5	448209	84.496526
14311	陳立興	5	448214	84.497469
14312	陳州	5	448219	84.498412
14313	陳冠學	5	448224	84.499355
14314	陳雲	5	448229	84.500298
14315	陰囊	5	448234	84.501241
14316	陷害	5	448239	84.502184
14317	雀屏中選	5	448244	84.503127
14318	雪白	5	448249	84.504070
14319	頂峰	5	448254	84.505013
14320	魚池	5	448259	84.505956
14321	鹿耳門	5	448264	84.506899
14322	鹿角	5	448269	84.507842
14323	備用	5	448274	84.508785
14324	備索	5	448279	84.509728
14325	最佳影片	5	448284	84.510671
14326	凱歌	5	448289	84.511614
14327	割捨	5	448294	84.512557
14328	創設	5	448299	84.513500
14329	勞力士	5	448304	84.514443
14330	勞動階級	5	448309	84.515386
14331	勞資	5	448314	84.516329
14332	勛章	5	448319	84.517272
14333	博取	5	448324	84.518215
14334	喧嘩	5	448329	84.519158
14335	喜酒	5	448334	84.520101
14336	喜劇片	5	448339	84.521044
14337	單打	5	448344	84.521987
14338	單車	5	448349	84.522930
14339	喚醒	5	448354	84.523873
14340	報恩	5	448359	84.524816
14341	報紙稿	5	448364	84.525759
14342	寒窗	5	448369	84.526702
14343	富庶	5	448374	84.527645
14344	富豪	5	448379	84.528588
14345	尋回	5	448384	84.529531
14346	就近	5	448389	84.530474
14347	就醫	5	448394	84.531417
14348	幅員	5	448399	84.532360
14349	循循善誘	5	448404	84.533303
14350	惡補	5	448409	84.534246
14351	惡魔	5	448414	84.535189
14352	悲憫	5	448419	84.536132
14353	愜意	5	448424	84.537075
14354	惱人	5	448429	84.538018
14355	提心吊膽	5	448434	84.538961
14356	提神	5	448439	84.539904
14357	提線	5	448444	84.540847
14358	摒棄	5	448449	84.541790
14359	揚升	5	448454	84.542733
14360	散佈	5	448459	84.543676
14361	斑紋	5	448464	84.544619
14362	斯文	5	448469	84.545562
14363	斯拉夫	5	448474	84.546505
14364	普級	5	448479	84.547448
14365	普通法	5	448484	84.548391
14366	普通股	5	448489	84.549334
14367	晶瑩	5	448494	84.550277
14368	景像	5	448499	84.551220
14369	智財權	5	448504	84.552163
14370	晾乾	5	448509	84.553106
14371	替換	5	448514	84.554049
14372	棺木	5	448519	84.554992
14373	森下洋子	5	448524	84.555935
14374	棒子	5	448529	84.556878
14375	棲霞山	5	448534	84.557821
14376	殘忍	5	448539	84.558764
14377	港幣	5	448544	84.559707
14378	游锡堃	5	448549	84.560650
14379	渡輪	5	448554	84.561593
14380	湧出	5	448559	84.562536
14381	減去	5	448564	84.563479
14382	減產	5	448569	84.564422
14383	減價	5	448574	84.565365
14384	湖水	5	448579	84.566308
14385	渴求	5	448584	84.567251
14386	渺茫	5	448589	84.568194
14387	滋生	5	448594	84.569137
14388	無底洞	5	448599	84.570080
14389	無怪乎	5	448604	84.571023
14390	無時無刻	5	448609	84.571966
14391	無能為力	5	448614	84.572909
14392	無庸置疑	5	448619	84.573852
14393	無菌	5	448624	84.574795
14394	無語	5	448629	84.575738
14395	無稽	5	448634	84.576681
14396	無緣無故	5	448639	84.577624
14397	猶豫不決	5	448644	84.578567
14398	畫冊	5	448649	84.579510
14399	畫布	5	448654	84.580453
14400	畫室	5	448659	84.581396
14401	痛斥	5	448664	84.582339
14402	發行人	5	448669	84.583282
14403	發行公司	5	448674	84.584225
14404	發行商	5	448679	84.585168
14405	發明家	5	448684	84.586111
14406	發高燒	5	448689	84.587054
14407	發動機	5	448694	84.587997
14408	發祥地	5	448699	84.588940
14409	發源	5	448704	84.589883
14410	短時間	5	448709	84.590826
14411	硬化	5	448714	84.591769
14412	程元珍	5	448719	84.592712
14413	稅後純益	5	448724	84.593655
14414	稀鬆平常	5	448729	84.594598
14415	窘況	5	448734	84.595541
14416	筆錄	5	448739	84.596484
14417	結冰	5	448744	84.597427
14418	結實	5	448749	84.598370
14419	絕技	5	448754	84.599313
14420	絲襪	5	448759	84.600256
14421	絢麗	5	448764	84.601199
14422	腋下	5	448769	84.602142
14423	舒適性	5	448774	84.603085
14424	華文	5	448779	84.604028
14425	華埠	5	448784	84.604971
14426	華籍	5	448789	84.605914
14427	著作權	5	448794	84.606857
14428	著作權法	5	448799	84.607800
14429	著想	5	448804	84.608743
14430	菜市場	5	448809	84.609686
14431	虛張聲勢	5	448814	84.610629
14432	虛無	5	448819	84.611572
14433	虛數	5	448824	84.612515
14434	街坊	5	448829	84.613458
14435	街景	5	448834	84.614401
14436	裂痕	5	448839	84.615344
14437	評分	5	448844	84.616287
14438	評比	5	448849	84.617230
14439	評斷	5	448854	84.618173
14440	診療	5	448859	84.619116
14441	象迷	5	448864	84.620059
14442	費心	5	448869	84.621002
14443	貴州	5	448874	84.621945
14444	貿易公司	5	448879	84.622888
14445	越南人	5	448884	84.623831
14446	越野賽車	5	448889	84.624774
14447	越戰	5	448894	84.625717
14448	趁早	5	448899	84.626660
14449	跌破	5	448904	84.627603
14450	跆拳	5	448909	84.628546
14451	辜濂松	5	448914	84.629489
14452	進口貨	5	448919	84.630432
14453	進化論	5	448924	84.631375
14454	進宮	5	448929	84.632318
14455	進補	5	448934	84.633261
14456	郵差	5	448939	84.634204
14457	郵匯局	5	448944	84.635147
14458	量產車	5	448949	84.636090
14459	鈣質	5	448954	84.637033
14460	開放式	5	448959	84.637976
14461	開訓	5	448964	84.638919
14462	開國	5	448969	84.639862
14463	開發案	5	448974	84.640805
14464	開路	5	448979	84.641748
14465	開演	5	448984	84.642691
14466	開鑿	5	448989	84.643634
14467	階段性	5	448994	84.644577
14468	陽剛	5	448999	84.645520
14469	雅典	5	449004	84.646463
14470	雅廬	5	449009	84.647406
14471	雄渾	5	449014	84.648349
14472	集中混合療法	5	449019	84.649292
14473	集散地	5	449024	84.650235
14474	雲氣	5	449029	84.651178
14475	雲集	5	449034	84.652121
14476	順理成章	5	449039	84.653064
14477	順勢	5	449044	84.654007
14478	須要	5	449049	84.654950
14479	黃金時代	5	449054	84.655893
14480	黃得雲	5	449059	84.656836
14481	黃道	5	449064	84.657779
14482	黃道十二宮	5	449069	84.658722
14483	黑木耳	5	449074	84.659665
14484	黑豆	5	449079	84.660608
14485	黑社會	5	449084	84.661551
14486	黑髮	5	449089	84.662494
14487	傳到	5	449094	84.663437
14488	傳神	5	449099	84.664380
14489	傳訊	5	449104	84.665323
14490	傳授	5	449109	84.666266
14491	傳媒	5	449114	84.667209
14492	傳播界	5	449119	84.668152
14493	傳播媒體	5	449124	84.669095
14494	傳導	5	449129	84.670038
14495	僅是	5	449134	84.670981
14496	傾訴	5	449139	84.671924
14497	傷人	5	449144	84.672867
14498	傷感	5	449149	84.673810
14499	募集	5	449154	84.674753
14500	勤儉	5	449159	84.675696
14501	嗓音	5	449164	84.676639
14502	圓圈	5	449169	84.677582
14503	塑像	5	449174	84.678525
14504	塔吉克共和國	5	449179	84.679468
14505	奧德賽	5	449184	84.680411
14506	廉能	5	449189	84.681354
14507	微量	5	449194	84.682297
14508	感知	5	449199	84.683240
14509	感知器	5	449204	84.684183
14510	感興趣	5	449209	84.685126
14511	感應器	5	449214	84.686069
14512	想想看	5	449219	84.687012
14513	愛人	5	449224	84.687955
14514	愛犬	5	449229	84.688898
14515	愛玩	5	449234	84.689841
14516	愛斯基摩人	5	449239	84.690784
14517	愛意	5	449244	84.691727
14518	愛爾蘭	5	449249	84.692670
14519	愁眉苦臉	5	449254	84.693613
14520	損耗	5	449259	84.694556
14521	搶手	5	449264	84.695499
14522	搶占	5	449269	84.696442
14523	搶案	5	449274	84.697385
14524	搖搖欲墜	5	449279	84.698328
14525	搖搖頭	5	449284	84.699271
14526	搖擺	5	449289	84.700214
14527	敬畏	5	449294	84.701157
14528	新公園	5	449299	84.702100
14529	新白領	5	449304	84.703043
14530	新血	5	449309	84.703986
14531	新兵	5	449314	84.704929
14532	新居	5	449319	84.705872
14533	新店溪	5	449324	84.706815
14534	新政	5	449329	84.707758
14535	新設	5	449334	84.708701
14536	新陳代謝	5	449339	84.709644
14537	新戲	5	449344	84.710587
14538	暗夜	5	449349	84.711530
14539	暗殺	5	449354	84.712473
14540	暗喻	5	449359	84.713416
14541	會考	5	449364	84.714359
14542	楔形文字	5	449369	84.715302
14543	椰子	5	449374	84.716245
14544	椰子水	5	449379	84.717188
14545	楊喚	5	449384	84.718131
14546	楊貴妃	5	449389	84.719074
14547	溶液	5	449394	84.720017
14548	源於	5	449399	84.720960
14549	溺水	5	449404	84.721903
14550	溫水	5	449409	84.722846
14551	滑草	5	449414	84.723789
14552	滄海桑田	5	449419	84.724732
14553	滔滔不絕	5	449424	84.725675
14554	煤炭	5	449429	84.726618
14555	煤礦	5	449434	84.727561
14556	照料	5	449439	84.728504
14557	睫毛	5	449444	84.729447
14558	矮靈祭	5	449449	84.730390
14559	碎裂	5	449454	84.731333
14560	禁用	5	449459	84.732276
14561	禁錮	5	449464	84.733219
14562	萬里	5	449469	84.734162
14563	經年	5	449474	84.735105
14564	經年累月	5	449479	84.736048
14565	置產	5	449484	84.736991
14566	罪行	5	449489	84.737934
14567	罪魁禍首	5	449494	84.738877
14568	義演	5	449499	84.739820
14569	聖潔	5	449504	84.740763
14570	聘用	5	449509	84.741706
14571	腰包	5	449514	84.742649
14572	腸道	5	449519	84.743592
14573	腳下	5	449524	84.744535
14574	腳夫	5	449529	84.745478
14575	腫塊	5	449534	84.746421
14576	腹地	5	449539	84.747364
14577	腹腔	5	449544	84.748307
14578	腦炎	5	449549	84.749250
14579	腦膜炎	5	449554	84.750193
14580	舅舅	5	449559	84.751136
14581	落地	5	449564	84.752079
14582	落寞	5	449569	84.753022
14583	葉石濤	5	449574	84.753965
14584	葬禮	5	449579	84.754908
14585	葡國	5	449584	84.755851
14586	葡萄乾	5	449589	84.756794
14587	葡萄溝	5	449594	84.757737
14588	蜂巢	5	449599	84.758680
14589	蜂窩	5	449604	84.759623
14590	補品	5	449609	84.760566
14591	補強	5	449614	84.761509
14592	補選	5	449619	84.762452
14593	裝設	5	449624	84.763395
14594	裡應外合	5	449629	84.764338
14595	解救	5	449634	84.765281
14596	解渴	5	449639	84.766224
14597	解僱	5	449644	84.767167
14598	解構	5	449649	84.768110
14599	該死	5	449654	84.769053
14600	試穿	5	449659	84.769996
14601	詩句	5	449664	84.770939
14602	詩詞	5	449669	84.771882
14603	話語	5	449674	84.772825
14604	詬病	5	449679	84.773768
14605	詹姆斯布瑞吉	5	449684	84.774711
14606	資方	5	449689	84.775654
14607	資優生	5	449694	84.776597
14608	跨行	5	449699	84.777540
14609	跨海	5	449704	84.778483
14610	躲藏	5	449709	84.779426
14611	農戶	5	449714	84.780369
14612	農事	5	449719	84.781312
14613	農耕	5	449724	84.782255
14614	農漁會	5	449729	84.783198
14615	遊走	5	449734	84.784141
14616	遊艇業	5	449739	84.785084
14617	遊樂場	5	449744	84.786027
14618	遊樂器	5	449749	84.786970
14619	遊樂器材	5	449754	84.787913
14620	遊學	5	449759	84.788856
14621	遊戲場	5	449764	84.789799
14622	道光	5	449769	84.790742
14623	道地	5	449774	84.791685
14624	道衍	5	449779	84.792628
14625	達美航空	5	449784	84.793571
14626	違背	5	449789	84.794514
14627	過招	5	449794	84.795457
14628	過敏原	5	449799	84.796400
14629	逾期	5	449804	84.797343
14630	鉅子	5	449809	84.798286
14631	鉅額	5	449814	84.799229
14632	雋永	5	449819	84.800172
14633	雷同	5	449824	84.801115
14634	雷射唱片	5	449829	84.802058
14635	電費	5	449834	84.803001
14636	電腦公司	5	449839	84.803944
14637	電影史	5	449844	84.804887
14638	電影明星	5	449849	84.805830
14639	電震	5	449854	84.806773
14640	零售商	5	449859	84.807716
14641	預示	5	449864	84.808659
14642	預定地	5	449869	84.809602
14643	預後	5	449874	84.810545
14644	預訂	5	449879	84.811488
14645	頒獎典禮	5	449884	84.812431
14646	飽覽	5	449889	84.813374
14647	鼎盛	5	449894	84.814317
14648	僥倖	5	449899	84.815260
14649	僑生	5	449904	84.816203
14650	僑委會	5	449909	84.817146
14651	僑團	5	449914	84.818089
14652	嘆為觀止	5	449919	84.819032
14653	嘉義市	5	449924	84.819975
14654	嘉慶	5	449929	84.820918
14655	嘖嘖稱奇	5	449934	84.821861
14656	團費	5	449939	84.822804
14657	圖騰	5	449944	84.823747
14658	塵土	5	449949	84.824690
14659	塵世	5	449954	84.825633
14660	塵囂	5	449959	84.826576
14661	奪去	5	449964	84.827519
14662	奪走	5	449969	84.828462
14663	嫦娥	5	449974	84.829405
14664	實物	5	449979	84.830348
14665	對峙	5	449984	84.831291
14666	對等	5	449989	84.832234
14667	彰縣	5	449994	84.833177
14668	慘敗	5	449999	84.834120
14669	慵懶	5	450004	84.835063
14670	撇開	5	450009	84.836006
14671	摧殘	5	450014	84.836949
14672	旗山	5	450019	84.837892
14673	旗津	5	450024	84.838835
14674	暢快	5	450029	84.839778
14675	暢通	5	450034	84.840721
14676	榮銜	5	450039	84.841664
14677	榮總	5	450044	84.842607
14678	槓桿	5	450049	84.843550
14679	歌王	5	450054	84.844493
14680	歌謠	5	450059	84.845436
14681	演出者	5	450064	84.846379
14682	演藝	5	450069	84.847322
14683	滾動	5	450074	84.848265
14684	漢武帝	5	450079	84.849208
14685	漢朝	5	450084	84.850151
14686	滿山	5	450089	84.851094
14687	滿地	5	450094	84.852037
14688	滿佈	5	450099	84.852980
14689	漱口	5	450104	84.853923
14690	漫不經心	5	450109	84.854866
14691	漫步	5	450114	84.855809
14692	漁家	5	450119	84.856752
14693	漁港	5	450124	84.857695
14694	漁獵	5	450129	84.858638
14695	滲入	5	450134	84.859581
14696	獄卒	5	450139	84.860524
14697	盡責	5	450144	84.861467
14698	監護	5	450149	84.862410
14699	福報	5	450154	84.863353
14700	福斯	5	450159	84.864296
14701	福爾摩沙	5	450164	84.865239
14702	福德坑	5	450169	84.866182
14703	禍害	5	450174	84.867125
14704	稱羨	5	450179	84.868068
14705	稱號	5	450184	84.869011
14706	端午節	5	450189	84.869954
14707	端莊	5	450194	84.870897
14708	管腔	5	450199	84.871840
14709	管轄	5	450204	84.872783
14710	算計	5	450209	84.873726
14711	精巧	5	450214	84.874669
14712	精良	5	450219	84.875612
14713	精益求精	5	450224	84.876555
14714	綠意盎然	5	450229	84.877498
14715	緊抓	5	450234	84.878441
14716	緊閉	5	450239	84.879384
14717	綿州	5	450244	84.880327
14718	綿密	5	450249	84.881270
14719	翠綠	5	450254	84.882213
14720	聞到	5	450259	84.883156
14721	腐化	5	450264	84.884099
14722	腐爛	5	450269	84.885042
14723	臺北盆地	5	450274	84.885985
14724	臺產片	5	450279	84.886928
14725	臺翔	5	450284	84.887871
14726	臺詞	5	450289	84.888814
14727	臺糖	5	450294	84.889757
14728	舞蹈團	5	450299	84.890700
14729	舞廳	5	450304	84.891643
14730	蒙古人	5	450309	84.892586
14731	蜜餞	5	450314	84.893529
14732	語音	5	450319	84.894472
14733	語調	5	450324	84.895415
14734	誤以為	5	450329	84.896358
14735	賓客	5	450334	84.897301
14736	赫美斯號	5	450339	84.898244
14737	趙合德	5	450344	84.899187
14738	趕忙	5	450349	84.900130
14739	趕來	5	450354	84.901073
14740	輕取	5	450359	84.902016
14741	輕柔	5	450364	84.902959
14742	輕視	5	450369	84.903902
14743	遠征	5	450374	84.904845
14744	遠近	5	450379	84.905788
14745	酸性	5	450384	84.906731
14746	酸甜苦辣	5	450389	84.907674
14747	銀行家	5	450394	84.908617
14748	銅片	5	450399	84.909560
14749	雌魚	5	450404	84.910503
14750	領地	5	450409	84.911446
14751	領軍	5	450414	84.912389
14752	鼻腔	5	450419	84.913332
14753	僵局	5	450424	84.914275
14754	價碼	5	450429	84.915218
14755	劇情片	5	450434	84.916161
14756	劉和謙	5	450439	84.917104
14757	劉美	5	450444	84.918047
14758	劉茵茵	5	450449	84.918990
14759	噴發	5	450454	84.919933
14760	噴灑	5	450459	84.920876
14761	增訂	5	450464	84.921819
14762	增殖	5	450469	84.922762
14763	增稅	5	450474	84.923705
14764	嬌柔	5	450479	84.924648
14765	審定	5	450484	84.925591
14766	審視	5	450489	84.926534
14767	層疊	5	450494	84.927477
14768	廣告社	5	450499	84.928420
14769	廣告詞	5	450504	84.929363
14770	廣島	5	450509	84.930306
14771	廣播電臺	5	450514	84.931249
14772	彈珠	5	450519	84.932192
14773	彈腿	5	450524	84.933135
14774	影射	5	450529	84.934078
14775	德古拉	5	450534	84.935021
14776	徵件	5	450539	84.935964
14777	徵答	5	450544	84.936907
14778	憂患	5	450549	84.937850
14779	慰問	5	450554	84.938793
14780	慫恿	5	450559	84.939736
14781	憐愛	5	450564	84.940679
14782	憔悴	5	450569	84.941622
14783	摩天鎮	5	450574	84.942565
14784	撞球	5	450579	84.943508
14785	撲滅	5	450584	84.944451
14786	播音	5	450589	84.945394
14787	播音員	5	450594	84.946337
14788	撫平	5	450599	84.947280
14789	敷衍	5	450604	84.948223
14790	暴風雨	5	450609	84.949166
14791	暴漲	5	450614	84.950109
14792	暴躁	5	450619	84.951052
14793	樣樣	5	450624	84.951995
14794	樞紐	5	450629	84.952938
14795	標準扣除額	5	450634	84.953881
14796	模糊不清	5	450639	84.954824
14797	樓層	5	450644	84.955767
14798	樂於	5	450649	84.956710
14799	樂音	5	450654	84.957653
14800	樂迷	5	450659	84.958596
14801	澆水	5	450664	84.959539
14802	潛入	5	450669	84.960482
14803	潤滑劑	5	450674	84.961425
14804	熱身	5	450679	84.962368
14805	熱呼呼	5	450684	84.963311
14806	熱度	5	450689	84.964254
14807	熱淚	5	450694	84.965197
14808	獎助	5	450699	84.966140
14809	盤算	5	450704	84.967083
14810	磐石	5	450709	84.968026
14811	稿子	5	450714	84.968969
14812	稻草	5	450719	84.969912
14813	篇章	5	450724	84.970855
14814	編成	5	450729	84.971798
14815	編者	5	450734	84.972741
14816	編製	5	450739	84.973684
14817	編輯部	5	450744	84.974627
14818	線環	5	450749	84.975570
14819	罷休	5	450754	84.976513
14820	罷黜	5	450759	84.977456
14821	膝蓋	5	450764	84.978399
14822	膠囊	5	450769	84.979342
14823	蔡鎮宇	5	450774	84.980285
14824	衝出	5	450779	84.981228
14825	衝浪	5	450784	84.982171
14826	褐色	5	450789	84.983114
14827	複賽	5	450794	84.984057
14828	請願	5	450799	84.985000
14829	課餘	5	450804	84.985943
14830	調任	5	450809	84.986886
14831	論及	5	450814	84.987829
14832	豎立	5	450819	84.988772
14833	豎起	5	450824	84.989715
14834	豬肝	5	450829	84.990658
14835	賞心悅目	5	450834	84.991601
14836	賞雪	5	450839	84.992544
14837	質子線	5	450844	84.993487
14838	踏出	5	450849	84.994430
14839	躺在	5	450854	84.995373
14840	輪子	5	450859	84.996316
14841	鄰國	5	450864	84.997259
14842	醉翁亭	5	450869	84.998202
14843	鋪路	5	450874	84.999145
14844	閱兵	5	450879	85.000088
14845	閱覽室	5	450884	85.001031
14846	震顫	5	450889	85.001974
14847	養殖	5	450894	85.002917
14848	駐在所	5	450899	85.003860
14849	駐守	5	450904	85.004803
14850	駕駛艙	5	450909	85.005746
14851	鬧劇	5	450914	85.006689
14852	墨水	5	450919	85.007632
14853	儒家	5	450924	85.008575
14854	儘可能	5	450929	85.009518
14855	凝神	5	450934	85.010461
14856	凝望	5	450939	85.011404
14857	凝結	5	450944	85.012347
14858	壁報	5	450949	85.013290
14859	壁爐	5	450954	85.014233
14860	奮勇	5	450959	85.015176
14861	學到	5	450964	85.016119
14862	學家	5	450969	85.017062
14863	學識	5	450974	85.018005
14864	學籍	5	450979	85.018948
14865	導航	5	450984	85.019891
14866	戰力	5	450989	85.020834
14867	戰國	5	450994	85.021777
14868	戰亂	5	450999	85.022720
14869	擅於	5	451004	85.023663
14870	撿起	5	451009	85.024606
14871	擔綱	5	451014	85.025549
14872	整日	5	451019	85.026492
14873	整治	5	451024	85.027435
14874	整體性	5	451029	85.028378
14875	橫貫	5	451034	85.029321
14876	橘秋子	5	451039	85.030264
14877	樹仁	5	451044	85.031207
14878	樹梢	5	451049	85.032150
14879	樹種	5	451054	85.033093
14880	橢圓	5	451059	85.034036
14881	機要	5	451064	85.034979
14882	機密	5	451069	85.035922
14883	機智過人	5	451074	85.036865
14884	機緣	5	451079	85.037808
14885	澱粉	5	451084	85.038751
14886	濃郁	5	451089	85.039694
14887	濃重	5	451094	85.040637
14888	濃縮	5	451099	85.041580
14889	激昂	5	451104	85.042523
14890	激戰	5	451109	85.043466
14891	激盪	5	451114	85.044409
14892	燒杯	5	451119	85.045352
14893	燒飯	5	451124	85.046295
14894	燕子	5	451129	85.047238
14895	獨資	5	451134	85.048181
14896	瓢蟲	5	451139	85.049124
14897	磨滅	5	451144	85.050067
14898	磚頭	5	451149	85.051010
14899	積弊	5	451154	85.051953
14900	築成	5	451159	85.052896
14901	篤信	5	451164	85.053839
14902	糖漿	5	451169	85.054782
14903	縈繞	5	451174	85.055725
14904	縣議員	5	451179	85.056668
14905	興旺	5	451184	85.057611
14906	蕃薯	5	451189	85.058554
14907	衡平法院	5	451194	85.059497
14908	褲管	5	451199	85.060440
14909	親信	5	451204	85.061383
14910	親眼	5	451209	85.062326
14911	親善	5	451214	85.063269
14912	親愛的	5	451219	85.064212
14913	輸給	5	451224	85.065155
14914	遲滯	5	451229	85.066098
14915	遺傳工程	5	451234	85.067041
14916	遺傳學	5	451239	85.067984
14917	遺漏	5	451244	85.068927
14918	錯失	5	451249	85.069870
14919	錢其琛	5	451254	85.070813
14920	錄用	5	451259	85.071756
14921	錄放影機	5	451264	85.072699
14922	錦囊	5	451269	85.073642
14923	隨口	5	451274	85.074585
14924	隨州	5	451279	85.075528
14925	雕梁畫棟	5	451284	85.076471
14926	霓虹燈	5	451289	85.077414
14927	靜心	5	451294	85.078357
14928	頸背	5	451299	85.079300
14929	頭城	5	451304	85.080243
14930	頭緒	5	451309	85.081186
14931	龍船	5	451314	85.082129
14932	嚇阻	5	451319	85.083072
14933	嬰幼兒	5	451324	85.084015
14934	彌漫	5	451329	85.084958
14935	應運而生	5	451334	85.085901
14936	應徵	5	451339	85.086844
14937	懦弱	5	451344	85.087787
14938	戲夢人生	5	451349	85.088730
14939	戴立寧	5	451354	85.089673
14940	戴眼鏡	5	451359	85.090616
14941	檢閱	5	451364	85.091559
14942	檢警	5	451369	85.092502
14943	檜木	5	451374	85.093445
14944	濕原	5	451379	85.094388
14945	濕疹	5	451384	85.095331
14946	燠熱	5	451389	85.096274
14947	獲取率	5	451394	85.097217
14948	獲益	5	451399	85.098160
14949	獲悉	5	451404	85.099103
14950	獲救	5	451409	85.100046
14951	獲選	5	451414	85.100989
14952	禪宗	5	451419	85.101932
14953	禪定	5	451424	85.102875
14954	糟蹋	5	451429	85.103818
14955	縫製	5	451434	85.104761
14956	總書記	5	451439	85.105704
14957	縱然	5	451444	85.106647
14958	繁雜	5	451449	85.107590
14959	聲名大噪	5	451454	85.108533
14960	聯合航空	5	451459	85.109476
14961	聯華電子	5	451464	85.110419
14962	聯運	5	451469	85.111362
14963	聯誼會	5	451474	85.112305
14964	聯賽	5	451479	85.113248
14965	臉譜	5	451484	85.114191
14966	臨近	5	451489	85.115134
14967	臨界點	5	451494	85.116077
14968	臨場感	5	451499	85.117020
14969	舉起	5	451504	85.117963
14970	薪傳	5	451509	85.118906
14971	螺釘	5	451514	85.119849
14972	螺旋槳	5	451519	85.120792
14973	覬覦	5	451524	85.121735
14974	講演	5	451529	85.122678
14975	講臺	5	451534	85.123621
14976	謠言	5	451539	85.124564
14977	賺來	5	451544	85.125507
14978	賽考德	5	451549	85.126450
14979	賽車手	5	451554	85.127393
14980	賽夏族	5	451559	85.128336
14981	賽馬場	5	451564	85.129279
14982	購車	5	451569	85.130222
14983	購屋人	5	451574	85.131165
14984	購買者	5	451579	85.132108
14985	避暑	5	451584	85.133051
14986	邁阿密	5	451589	85.133994
14987	鍋爐	5	451594	85.134937
14988	隱形	5	451599	85.135880
14989	隱居	5	451604	85.136823
14990	隱喻	5	451609	85.137766
14991	韓國人	5	451614	85.138709
14992	鮪魚	5	451619	85.139652
14993	鮭魚	5	451624	85.140595
14994	黏膜	5	451629	85.141538
14995	點火	5	451634	85.142481
14996	點點頭	5	451639	85.143424
14997	黝黑	5	451644	85.144367
14998	彝族	5	451649	85.145310
14999	擴增	5	451654	85.146253
15000	擺動	5	451659	85.147196
15001	斷絕	5	451664	85.148139
15002	櫃臺	5	451669	85.149082
15003	禮盒	5	451674	85.150025
15004	禮遇	5	451679	85.150968
15005	竄升	5	451684	85.151911
15006	織造	5	451689	85.152854
15007	罈子	5	451694	85.153797
15008	翻越	5	451699	85.154740
15009	舊址	5	451704	85.155683
15010	藏族	5	451709	85.156626
15011	藍領階級	5	451714	85.157569
15012	薰陶	5	451719	85.158512
15013	蟯蟲	5	451724	85.159455
15014	覆轍	5	451729	85.160398
15015	豐年祭	5	451734	85.161341
15016	豐厚	5	451739	85.162284
15017	豐潤	5	451744	85.163227
15018	轉述	5	451749	85.164170
15019	轉嫁	5	451754	85.165113
15020	轉數	5	451759	85.166056
15021	醫術	5	451764	85.166999
15022	釐米	5	451769	85.167942
15023	鎮定	5	451774	85.168885
15024	闔家	5	451779	85.169828
15025	離奇	5	451784	85.170771
15026	雜陳	5	451789	85.171714
15027	雜質	5	451794	85.172657
15028	雙子座	5	451799	85.173600
15029	雙門轎跑車	5	451804	85.174543
15030	雙軌制	5	451809	85.175486
15031	雛菊	5	451814	85.176429
15032	額滿	5	451819	85.177372
15033	壞處	5	451824	85.178315
15034	攀升	5	451829	85.179258
15035	疆界	5	451834	85.180201
15036	簽定	5	451839	85.181144
15037	羅得	5	451844	85.182087
15038	羅傑華汀	5	451849	85.183030
15039	羅斯福	5	451854	85.183973
15040	臘月	5	451859	85.184916
15041	藥方	5	451864	85.185859
15042	藥草	5	451869	85.186802
15043	證人	5	451874	85.187745
15044	邊陲	5	451879	85.188688
15045	鏡片	5	451884	85.189631
15046	關頭	5	451889	85.190574
15047	難民營	5	451894	85.191517
15048	難受	5	451899	85.192460
15049	難為情	5	451904	85.193403
15050	類比	5	451909	85.194346
15051	騙人	5	451914	85.195289
15052	嚴嵩	5	451919	85.196232
15053	嚴懲	5	451924	85.197175
15054	懸吊	5	451929	85.198118
15055	懸崖	5	451934	85.199061
15056	獻藝	5	451939	85.200004
15057	籌組	5	451944	85.200947
15058	籌資	5	451949	85.201890
15059	辮子	5	451954	85.202833
15060	繼父	5	451959	85.203776
15061	罌粟鹼	5	451964	85.204719
15062	蘇格蘭	5	451969	85.205662
15063	蘇曼殊	5	451974	85.206605
15064	蘇澳	5	451979	85.207548
15065	覺察	5	451984	85.208491
15066	觸犯	5	451989	85.209434
15067	觸怒	5	451994	85.210377
15068	觸電	5	451999	85.211320
15069	觸覺	5	452004	85.212263
15070	議定	5	452009	85.213206
15071	譬喻	5	452014	85.214149
15072	警示	5	452019	85.215092
15073	警備	5	452024	85.216035
15074	警廣	5	452029	85.216978
15075	鐘錶	5	452034	85.217921
15076	飄浮	5	452039	85.218864
15077	饑荒	5	452044	85.219807
15078	饑餓	5	452049	85.220750
15079	攝影器材	5	452054	85.221693
15080	攝影器材公司	5	452059	85.222636
15081	攜回	5	452064	85.223579
15082	欄杆	5	452069	85.224522
15083	蘭花	5	452074	85.225465
15084	護送	5	452079	85.226408
15085	躋身	5	452084	85.227351
15086	辯證	5	452089	85.228294
15087	鐵釘	5	452094	85.229237
15088	闢建	5	452099	85.230180
15089	霸業	5	452104	85.231123
15090	霹靂	5	452109	85.232066
15091	露水	5	452114	85.233009
15092	露面	5	452119	85.233952
15093	露臉	5	452124	85.234895
15094	顧客群	5	452129	85.235838
15095	驅車	5	452134	85.236781
15096	黯淡	5	452139	85.237724
15097	彎腰	5	452144	85.238667
15098	權限	5	452149	85.239610
15099	權衡	5	452154	85.240553
15100	歡送	5	452159	85.241496
15101	聽起來	5	452164	85.242439
15102	聽從	5	452169	85.243382
15103	聽障兒	5	452174	85.244325
15104	聽講	5	452179	85.245268
15105	襯托	5	452184	85.246211
15106	讀友	5	452189	85.247154
15107	纖細	5	452194	85.248097
15108	變色龍	5	452199	85.249040
15109	變身	5	452204	85.249983
15110	變為	5	452209	85.250926
15111	顯見	5	452214	85.251869
15112	顯赫	5	452219	85.252812
15113	驚呼	5	452224	85.253755
15114	驚動	5	452229	85.254698
15115	驚覺	5	452234	85.255641
15116	驚豔	5	452239	85.256584
15117	體位	5	452244	85.257527
15118	蠶寶寶	5	452249	85.258470
15119	釀酒	5	452254	85.259413
15120	籬笆	5	452259	85.260356
15121	籮筐	5	452264	85.261299
15122	觀光果園	5	452269	85.262242
15123	觀音山	5	452274	85.263185
15124	讚歎	5	452279	85.264128
15125	豔陽	5	452284	85.265071
15126	狒狒	5	452289	85.266014
15127	粑粑	5	452294	85.266957
15128	粑粑節	5	452299	85.267900
15129	閹人	5	452304	85.268843
15130	疱疹	5	452309	85.269786
15131	瑠璃蛺蝶	4	452313	85.270540
15132	一本正經	4	452317	85.271294
15133	一目了然	4	452321	85.272048
15134	一如	4	452325	85.272802
15135	一步	4	452329	85.273556
15136	一見鍾情	4	452333	85.274310
15137	一角	4	452337	85.275064
15138	一波三折	4	452341	85.275818
15139	一波波	4	452345	85.276572
15140	一知半解	4	452349	85.277326
15141	一長串	4	452353	85.278080
15142	一面倒	4	452357	85.278834
15143	一家之主	4	452361	85.279588
15144	一氧化碳	4	452365	85.280342
15145	一清二楚	4	452369	85.281096
15146	一概	4	452373	85.281850
15147	一遍	4	452377	85.282604
15148	一層	4	452381	85.283358
15149	一樁	4	452385	85.284112
15150	一舉	4	452389	85.284866
15151	一體兩面	4	452393	85.285620
15152	丁拱辰	4	452397	85.286374
15153	七嘴八舌	4	452401	85.287128
15154	九寨溝	4	452405	85.287882
15155	了得	4	452409	85.288636
15156	二手菸	4	452413	85.289390
15157	人力資源	4	452417	85.290144
15158	人才濟濟	4	452421	85.290898
15159	人世間	4	452425	85.291652
15160	人民日報	4	452429	85.292406
15161	人治	4	452433	85.293160
15162	人馬座	4	452437	85.293914
15163	人情味	4	452441	85.294668
15164	人造脂肪	4	452445	85.295422
15165	人魚公主	4	452449	85.296176
15166	人跡罕至	4	452453	85.296930
15167	人滿為患	4	452457	85.297684
15168	人盡皆知	4	452461	85.298438
15169	人種	4	452465	85.299192
15170	入不敷出	4	452469	85.299946
15171	入獄	4	452473	85.300700
15172	力不從心	4	452477	85.301454
15173	三Ｋ黨	4	452481	85.302208
15174	三中全會	4	452485	85.302962
15175	三光惟達	4	452489	85.303716
15176	三合院	4	452493	85.304470
15177	三字經	4	452497	85.305224
15178	三商行	4	452501	85.305978
15179	三商虎	4	452505	85.306732
15180	三番兩次	4	452509	85.307486
15181	下垂	4	452513	85.308240
15182	下脣	4	452517	85.308994
15183	下跪	4	452521	85.309748
15184	丈母娘	4	452525	85.310502
15185	上公	4	452529	85.311256
15186	上天	4	452533	85.312010
15187	上半身	4	452537	85.312764
15188	上吊	4	452541	85.313518
15189	上旬	4	452545	85.314272
15190	上身	4	452549	85.315026
15191	上岸	4	452553	85.315780
15192	上校	4	452557	85.316534
15193	上海市	4	452561	85.317288
15194	上將	4	452565	85.318042
15195	上策	4	452569	85.318796
15196	上線	4	452573	85.319550
15197	也好	4	452577	85.320304
15198	于闐	4	452581	85.321058
15199	千辛萬苦	4	452585	85.321812
15200	千里馬	4	452589	85.322566
15201	口吃	4	452593	85.323320
15202	口角	4	452597	85.324074
15203	口服	4	452601	85.324828
15204	口紅	4	452605	85.325582
15205	口徑	4	452609	85.326336
15206	口腔癌	4	452613	85.327090
15207	口感	4	452617	85.327844
15208	土木	4	452621	85.328598
15209	土耳其人	4	452625	85.329352
15210	土產	4	452629	85.330106
15211	土增稅	4	452633	85.330860
15212	士官	4	452637	85.331614
15213	大人物	4	452641	85.332368
15214	大千世界	4	452645	85.333122
15215	大大	4	452649	85.333876
15216	大小便	4	452653	85.334630
15217	大中國	4	452657	85.335384
15218	大元帥	4	452661	85.336138
15219	大片	4	452665	85.336892
15220	大功告成	4	452669	85.337646
15221	大甲溪	4	452673	85.338400
15222	大全	4	452677	85.339154
15223	大字	4	452681	85.339908
15224	大年初一	4	452685	85.340662
15225	大有可為	4	452689	85.341416
15226	大行其道	4	452693	85.342170
15227	大局	4	452697	85.342924
15228	大把	4	452701	85.343678
15229	大河戀	4	452705	85.344432
15230	大狐猴	4	452709	85.345186
15231	大型股	4	452713	85.345940
15232	大炮	4	452717	85.346694
15233	大致上	4	452721	85.347448
15234	大原則	4	452725	85.348202
15235	大庭廣眾	4	452729	85.348956
15236	大氣層	4	452733	85.349710
15237	大理石	4	452737	85.350464
15238	大略	4	452741	85.351218
15239	大喊	4	452745	85.351972
15240	大湖	4	452749	85.352726
15241	大牌	4	452753	85.353480
15242	大亂	4	452757	85.354234
15243	大腸	4	452761	85.354988
15244	大壽	4	452765	85.355742
15245	大鼻子情聖	4	452769	85.356496
15246	大敵	4	452773	85.357250
15247	大興土木	4	452777	85.358004
15248	女巫	4	452781	85.358758
15249	女祕書	4	452785	85.359512
15250	女記者	4	452789	85.360266
15251	女魔	4	452793	85.361020
15252	女權	4	452797	85.361774
15253	子宮內膜	4	452801	85.362528
15254	子宮腔	4	452805	85.363282
15255	寸土寸金	4	452809	85.364036
15256	小人國	4	452813	85.364790
15257	小女兒	4	452817	85.365544
15258	小民	4	452821	85.366298
15259	小伙子	4	452825	85.367052
15260	小舟	4	452829	85.367806
15261	小兵立大功	4	452833	85.368560
15262	小弟	4	452837	85.369314
15263	小男生	4	452841	85.370068
15264	小亞細亞	4	452845	85.370822
15265	小和田雅子	4	452849	85.371576
15266	小狗狗	4	452853	85.372330
15267	小品	4	452857	85.373084
15268	小型股	4	452861	85.373838
15269	小琉球	4	452865	85.374592
15270	小國	4	452869	85.375346
15271	小貨車	4	452873	85.376100
15272	小魚	4	452877	85.376854
15273	小象	4	452881	85.377608
15274	小道	4	452885	85.378362
15275	小廟	4	452889	85.379116
15276	小憩	4	452893	85.379870
15277	小貓	4	452897	85.380624
15278	小館	4	452901	85.381378
15279	小聲	4	452905	85.382132
15280	小雞雞	4	452909	85.382886
15281	山地文化	4	452913	85.383640
15282	山居	4	452917	85.384394
15283	山河	4	452921	85.385148
15284	山泉	4	452925	85.385902
15285	山胞保留地	4	452929	85.386656
15286	山海經	4	452933	85.387410
15287	山脊	4	452937	85.388164
15288	山間	4	452941	85.388918
15289	山道	4	452945	85.389672
15290	山豬	4	452949	85.390426
15291	山麓	4	452953	85.391180
15292	山巔	4	452957	85.391934
15293	川喜多和子	4	452961	85.392688
15294	工地秀	4	452965	85.393442
15295	工作效率	4	452969	85.394196
15296	工作站	4	452973	85.394950
15297	工作量	4	452977	85.395704
15298	才子	4	452981	85.396458
15299	才智	4	452985	85.397212
15300	不二法門	4	452989	85.397966
15301	不以為意	4	452993	85.398720
15302	不加思索	4	452997	85.399474
15303	不可一世	4	453001	85.400228
15304	不巧	4	453005	85.400982
15305	不知所措	4	453009	85.401736
15306	不敗之地	4	453013	85.402490
15307	不勝	4	453017	85.403244
15308	不善	4	453021	85.403998
15309	不虛此行	4	453025	85.404752
15310	不像話	4	453029	85.405506
15311	不厭其煩	4	453033	85.406260
15312	中子	4	453037	85.407014
15313	中山茂	4	453041	85.407768
15314	中古車	4	453045	85.408522
15315	中央門鎖	4	453049	85.409276
15316	中央研究院	4	453053	85.410030
15317	中正盃	4	453057	85.410784
15318	中式	4	453061	85.411538
15319	中南半島	4	453065	85.412292
15320	中南美	4	453069	85.413046
15321	中南美洲	4	453073	85.413800
15322	中高齡	4	453077	85.414554
15323	中國國民黨	4	453081	85.415308
15324	中國國際商銀	4	453085	85.416062
15325	中國概念股	4	453089	85.416816
15326	中國影評人協會	4	453093	85.417570
15327	中控臺	4	453097	85.418324
15328	中控鎖	4	453101	85.419078
15329	中游	4	453105	85.419832
15330	中華映管	4	453109	85.420586
15331	中意	4	453113	85.421340
15332	中歐	4	453117	85.422094
15333	中興	4	453121	85.422848
15334	丰采	4	453125	85.423602
15335	云云	4	453129	85.424356
15336	五代	4	453133	85.425110
15337	五股	4	453137	85.425864
15338	五星級	4	453141	85.426618
15339	亢奮	4	453145	85.427372
15340	仁慈	4	453149	85.428126
15341	元帥	4	453153	85.428880
15342	元氣	4	453157	85.429634
15343	元祐	4	453161	85.430388
15344	內向	4	453165	85.431142
15345	內鬥	4	453169	85.431896
15346	內銷市場	4	453173	85.432650
15347	內燃機	4	453177	85.433404
15348	內斂	4	453181	85.434158
15349	公斤力	4	453185	85.434912
15350	公司法	4	453189	85.435666
15351	公平性	4	453193	85.436420
15352	公平會	4	453197	85.437174
15353	公共設施	4	453201	85.437928
15354	公安局	4	453205	85.438682
15355	公事包	4	453209	85.439436
15356	公社	4	453213	85.440190
15357	公婆	4	453217	85.440944
15358	公款	4	453221	85.441698
15359	公義	4	453225	85.442452
15360	公諸於世	4	453229	85.443206
15361	公餘	4	453233	85.443960
15362	公職人員財產申報法	4	453237	85.444714
15363	分叉	4	453241	85.445468
15364	分寸	4	453245	85.446222
15365	分居	4	453249	85.446976
15366	分派	4	453253	85.447730
15367	分家	4	453257	85.448484
15368	分離式冷氣	4	453261	85.449238
15369	分離式冷氣機	4	453265	85.449992
15370	化成	4	453269	85.450746
15371	化敵為友	4	453273	85.451500
15372	化險為夷	4	453277	85.452254
15373	午安	4	453281	85.453008
15374	升斗小民	4	453285	85.453762
15375	升降	4	453289	85.454516
15376	厄運	4	453293	85.455270
15377	及格	4	453297	85.456024
15378	反方向	4	453301	85.456778
15379	反核	4	453305	85.457532
15380	天之驕子	4	453309	85.458286
15381	天分	4	453313	85.459040
15382	天性	4	453317	85.459794
15383	天花亂墜	4	453321	85.460548
15384	天皇	4	453325	85.461302
15385	天數	4	453329	85.462056
15386	天壤之別	4	453333	85.462810
15387	天寶	4	453337	85.463564
15388	天疱瘡	4	453341	85.464318
15389	太白粉	4	453345	85.465072
15390	太宗	4	453349	85.465826
15391	太設	4	453353	85.466580
15392	孔明	4	453357	85.467334
15393	少林	4	453361	85.468088
15394	少時	4	453365	85.468842
15395	少婦	4	453369	85.469596
15396	少許	4	453373	85.470350
15397	屯積	4	453377	85.471104
15398	巴掌	4	453381	85.471858
15399	幻化	4	453385	85.472612
15400	幻影	4	453389	85.473366
15401	幻覺	4	453393	85.474120
15402	幻聽	4	453397	85.474874
15403	弔詭	4	453401	85.475628
15404	引人	4	453405	85.476382
15405	引人入勝	4	453409	85.477136
15406	引入	4	453413	85.477890
15407	引述	4	453417	85.478644
15408	心弦	4	453421	85.479398
15409	心理學	4	453425	85.480152
15410	心寒	4	453429	85.480906
15411	心絞痛	4	453433	85.481660
15412	心煩	4	453437	85.482414
15413	心電圖	4	453441	85.483168
15414	戶外教學	4	453445	85.483922
15415	戶頭	4	453449	85.484676
15416	手工藝	4	453453	85.485430
15417	手指頭	4	453457	85.486184
15418	手相	4	453461	85.486938
15419	手排車型	4	453465	85.487692
15420	手排型	4	453469	85.488446
15421	手排變速箱	4	453473	85.489200
15422	手寫	4	453477	85.489954
15423	手邊	4	453481	85.490708
15424	支持者	4	453485	85.491462
15425	文稿	4	453489	85.492216
15426	文藝季	4	453493	85.492970
15427	方位	4	453497	85.493724
15428	方術	4	453501	85.494478
15429	日日	4	453505	85.495232
15430	日平均氣溫	4	453509	85.495986
15431	日本車	4	453513	85.496740
15432	日本料理	4	453517	85.497494
15433	日本腦炎	4	453521	85.498248
15434	日新月異	4	453525	85.499002
15435	日語	4	453529	85.499756
15436	日據	4	453533	85.500510
15437	木耳	4	453537	85.501264
15438	木刻家	4	453541	85.502018
15439	木門	4	453545	85.502772
15440	木麻黃	4	453549	85.503526
15441	木塞	4	453553	85.504280
15442	木製	4	453557	85.505034
15443	止血	4	453561	85.505788
15444	毋須	4	453565	85.506542
15445	比方	4	453569	85.507296
15446	比值	4	453573	85.508050
15447	比價	4	453577	85.508804
15448	比薩	4	453581	85.509558
15449	毛主席	4	453585	85.510312
15450	毛利	4	453589	85.511066
15451	毛利人	4	453593	85.511820
15452	水利	4	453597	85.512574
15453	水星	4	453601	85.513328
15454	水缸	4	453605	85.514082
15455	水陸	4	453609	85.514836
15456	水溫	4	453613	85.515590
15457	水舞	4	453617	85.516344
15458	水龍頭	4	453621	85.517098
15459	火把節	4	453625	85.517852
15460	火葬場	4	453629	85.518606
15461	火種	4	453633	85.519360
15462	火燒	4	453637	85.520114
15463	火燭	4	453641	85.520868
15464	火雞	4	453645	85.521622
15465	火藥	4	453649	85.522376
15466	片型	4	453653	85.523130
15467	片架	4	453657	85.523884
15468	牙周病	4	453661	85.524638
15469	牙科	4	453665	85.525392
15470	牛仔服飾	4	453669	85.526146
15471	牛車	4	453673	85.526900
15472	牛津大學	4	453677	85.527654
15473	牛隻	4	453681	85.528408
15474	王正誼	4	453685	85.529162
15475	王冠	4	453689	85.529916
15476	王宮	4	453693	85.530670
15477	王座	4	453697	85.531424
15478	王財祥	4	453701	85.532178
15479	世界衛生組織	4	453705	85.532932
15480	世貿	4	453709	85.533686
15481	世貿中心	4	453713	85.534440
15482	丘陵	4	453717	85.535194
15483	主食	4	453721	85.535948
15484	主題曲	4	453725	85.536702
15485	乏力	4	453729	85.537456
15486	他拉	4	453733	85.538210
15487	他魯人	4	453737	85.538964
15488	代工	4	453741	85.539718
15489	代表隊	4	453745	85.540472
15490	代理人	4	453749	85.541226
15491	代理權	4	453753	85.541980
15492	仙子	4	453757	85.542734
15493	仙后座	4	453761	85.543488
15494	充血	4	453765	85.544242
15495	充其量	4	453769	85.544996
15496	兄長	4	453773	85.545750
15497	冬山河	4	453777	85.546504
15498	出入口	4	453781	85.547258
15499	出芽	4	453785	85.548012
15500	出家人	4	453789	85.548766
15501	出動	4	453793	85.549520
15502	出清	4	453797	85.550274
15503	出聲	4	453801	85.551028
15504	出讓	4	453805	85.551782
15505	刊載	4	453809	85.552536
15506	加長	4	453813	85.553290
15507	加菲貓	4	453817	85.554044
15508	加溫	4	453821	85.554798
15509	包容性	4	453825	85.555552
15510	包覆	4	453829	85.556306
15511	北斗	4	453833	85.557060
15512	北約	4	453837	85.557814
15513	北海道棕熊	4	453841	85.558568
15514	北歐	4	453845	85.559322
15515	半日	4	453849	85.560076
15516	半成品	4	453853	85.560830
15517	半途	4	453857	85.561584
15518	半價	4	453861	85.562338
15519	卡氏肺囊蟲肺炎	4	453865	85.563092
15520	卡住	4	453869	85.563846
15521	占用	4	453873	85.564600
15522	占有	4	453877	85.565354
15523	去職	4	453881	85.566108
15524	去纖顫機	4	453885	85.566862
15525	可不是	4	453889	85.567616
15526	可供	4	453893	85.568370
15527	可期	4	453897	85.569124
15528	古生代	4	453901	85.569878
15529	古戍堡	4	453905	85.570632
15530	古色古香	4	453909	85.571386
15531	古典音樂	4	453913	85.572140
15532	古怪	4	453917	85.572894
15533	古時候	4	453921	85.573648
15534	古堡	4	453925	85.574402
15535	古壺	4	453929	85.575156
15536	古詩	4	453933	85.575910
15537	古寧頭	4	453937	85.576664
15538	古箏	4	453941	85.577418
15539	古樸	4	453945	85.578172
15540	召喚	4	453949	85.578926
15541	召集人	4	453953	85.579680
15542	叮噹	4	453957	85.580434
15543	叩關	4	453961	85.581188
15544	另闢蹊徑	4	453965	85.581942
15545	史地	4	453969	85.582696
15546	史書	4	453973	85.583450
15547	史蒂芬史匹柏	4	453977	85.584204
15548	史蹟	4	453981	85.584958
15549	四面八方	4	453985	85.585712
15550	四通八達	4	453989	85.586466
15551	四溢	4	453993	85.587220
15552	四維時空	4	453997	85.587974
15553	四輪轉向系統	4	454001	85.588728
15554	外片	4	454005	85.589482
15555	外星寶寶	4	454009	85.590236
15556	外洩	4	454013	85.590990
15557	外陰	4	454017	85.591744
15558	外傷	4	454021	85.592498
15559	外蒙	4	454025	85.593252
15560	外藩	4	454029	85.594006
15561	央求	4	454033	85.594760
15562	失血	4	454037	85.595514
15563	失能	4	454041	85.596268
15564	奴僕	4	454045	85.597022
15565	奶精	4	454049	85.597776
15566	巨幅	4	454053	85.598530
15567	巨無霸	4	454057	85.599284
15568	巨資	4	454061	85.600038
15569	左鄰右舍	4	454065	85.600792
15570	市場佔有率	4	454069	85.601546
15571	市街	4	454073	85.602300
15572	布施	4	454077	85.603054
15573	布農族	4	454081	85.603808
15574	平反	4	454085	85.604562
15575	平手	4	454089	85.605316
15576	平民主義	4	454093	85.606070
15577	平地人	4	454097	85.606824
15578	平克	4	454101	85.607578
15579	平淡無奇	4	454105	85.608332
15580	平復	4	454109	85.609086
15581	平劇	4	454113	85.609840
15582	平衡感	4	454117	85.610594
15583	幼帝	4	454121	85.611348
15584	弁服	4	454125	85.612102
15585	弗林德斯山	4	454129	85.612856
15586	必修	4	454133	85.613610
15587	必然性	4	454137	85.614364
15588	必經	4	454141	85.615118
15589	必需品	4	454145	85.615872
15590	打呵欠	4	454149	85.616626
15591	打滑	4	454153	85.617380
15592	打滾	4	454157	85.618134
15593	打噴嚏	4	454161	85.618888
15594	打罵	4	454165	85.619642
15595	打頭陣	4	454169	85.620396
15596	本命	4	454173	85.621150
15597	未免	4	454177	85.621904
15598	未定	4	454181	85.622658
15599	未知	4	454185	85.623412
15600	未變	4	454189	85.624166
15601	正午	4	454193	85.624920
15602	正反	4	454197	85.625674
15603	正方形	4	454201	85.626428
15604	正音班	4	454205	85.627182
15605	正脊	4	454209	85.627936
15606	正經	4	454213	85.628690
15607	正餐	4	454217	85.629444
15608	母鯨	4	454221	85.630198
15609	民兵	4	454225	85.630952
15610	民族性	4	454229	85.631706
15611	民族英雄	4	454233	85.632460
15612	民運	4	454237	85.633214
15613	犯罪率	4	454241	85.633968
15614	犯臺	4	454245	85.634722
15615	甘拜下風	4	454249	85.635476
15616	生父	4	454253	85.636230
15617	生生不息	4	454257	85.636984
15618	生命共同體	4	454261	85.637738
15619	生活營	4	454265	85.638492
15620	生殖道	4	454269	85.639246
15621	生態美	4	454273	85.640000
15622	生態學	4	454277	85.640754
15623	生養	4	454281	85.641508
15624	用人	4	454285	85.642262
15625	用錢	4	454289	85.643016
15626	田中	4	454293	85.643770
15627	田徑隊	4	454297	85.644524
15628	田間	4	454301	85.645278
15629	甲仙	4	454305	85.646032
15630	白吃	4	454309	85.646786
15631	白酒	4	454313	85.647540
15632	白雪公主	4	454317	85.648294
15633	白痴	4	454321	85.649048
15634	白話文	4	454325	85.649802
15635	白種	4	454329	85.650556
15636	白熱化	4	454333	85.651310
15637	白鷺鷥	4	454337	85.652064
15638	皮毛	4	454341	85.652818
15639	皮衣	4	454345	85.653572
15640	目不暇給	4	454349	85.654326
15641	目擊	4	454353	85.655080
15642	目擊者	4	454357	85.655834
15643	石柱	4	454361	85.656588
15644	石榴	4	454365	85.657342
15645	示好	4	454369	85.658096
15646	立大功	4	454373	85.658850
15647	立方公尺	4	454377	85.659604
15648	立足點	4	454381	85.660358
15649	立院黨團	4	454385	85.661112
15650	立國	4	454389	85.661866
15651	立碑	4	454393	85.662620
15652	乒乓球	4	454397	85.663374
15653	交出	4	454401	85.664128
15654	交合	4	454405	85.664882
15655	交車	4	454409	85.665636
15656	交待	4	454413	85.666390
15657	交涉	4	454417	85.667144
15658	交通號誌	4	454421	85.667898
15659	交疊	4	454425	85.668652
15660	伙食	4	454429	85.669406
15661	伊利湖	4	454433	85.670160
15662	休學	4	454437	85.670914
15663	伏地挺身	4	454441	85.671668
15664	任信堂	4	454445	85.672422
15665	企管系	4	454449	85.673176
15666	光復國小	4	454453	85.673930
15667	光顧	4	454457	85.674684
15668	先知	4	454461	85.675438
15669	先是	4	454465	85.676192
15670	全文	4	454469	85.676946
15671	全免	4	454473	85.677700
15672	全車	4	454477	85.678454
15673	全家人	4	454481	85.679208
15674	全區	4	454485	85.679962
15675	共軍	4	454489	85.680716
15676	共舞	4	454493	85.681470
15677	再則	4	454497	85.682224
15678	再接再厲	4	454501	85.682978
15679	再造	4	454505	85.683732
15680	再創	4	454509	85.684486
15681	冰河國家公園	4	454513	85.685240
15682	冰帽	4	454517	85.685994
15683	冰棒	4	454521	85.686748
15684	冰層	4	454525	85.687502
15685	列名	4	454529	85.688256
15686	列席	4	454533	85.689010
15687	刑事	4	454537	85.689764
15688	印行	4	454541	85.690518
15689	印度洋	4	454545	85.691272
15690	危及	4	454549	85.692026
15691	危機意識	4	454553	85.692780
15692	吉日	4	454557	85.693534
15693	吉米	4	454561	85.694288
15694	吉祥物	4	454565	85.695042
15695	吉隆坡	4	454569	85.695796
15696	同班	4	454573	85.696550
15697	同組	4	454577	85.697304
15698	同感	4	454581	85.698058
15699	同盟	4	454585	85.698812
15700	同臺	4	454589	85.699566
15701	同樂會	4	454593	85.700320
15702	同屬	4	454597	85.701074
15703	各異其趣	4	454601	85.701828
15704	向日葵	4	454605	85.702582
15705	名堂	4	454609	85.703336
15706	名勝	4	454613	85.704090
15707	合作金庫	4	454617	85.704844
15708	合組	4	454621	85.705598
15709	吃光	4	454625	85.706352
15710	吃苦	4	454629	85.707106
15711	回轉	4	454633	85.707860
15712	回顧展	4	454637	85.708614
15713	地下錢莊	4	454641	85.709368
15714	地方稅	4	454645	85.710122
15715	地底	4	454649	85.710876
15716	地段	4	454653	85.711630
15717	地區性	4	454657	85.712384
15718	地球人	4	454661	85.713138
15719	地球村	4	454665	85.713892
15720	地處	4	454669	85.714646
15721	地價稅	4	454673	85.715400
15722	地標	4	454677	85.716154
15723	地檢署	4	454681	85.716908
15724	地氈	4	454685	85.717662
15725	多才多藝	4	454689	85.718416
15726	多米諾	4	454693	85.719170
15727	多姿多采	4	454697	85.719924
15728	多為	4	454701	85.720678
15729	多彩多姿	4	454705	85.721432
15730	好大	4	454709	85.722186
15731	好好先生	4	454713	85.722940
15732	好命	4	454717	85.723694
15733	好喝	4	454721	85.724448
15734	好幫手	4	454725	85.725202
15735	好禮	4	454729	85.725956
15736	如意算盤	4	454733	85.726710
15737	如釋重負	4	454737	85.727464
15738	字字珠璣	4	454741	85.728218
15739	存亡	4	454745	85.728972
15740	守信	4	454749	85.729726
15741	守則	4	454753	85.730480
15742	守護	4	454757	85.731234
15743	安大略湖	4	454761	85.731988
15744	安分	4	454765	85.732742
15745	安可	4	454769	85.733496
15746	安打	4	454773	85.734250
15747	安危	4	454777	85.735004
15748	安身	4	454781	85.735758
15749	安毒	4	454785	85.736512
15750	安通	4	454789	85.737266
15751	安通溪	4	454793	85.738020
15752	安塔那那利佛	4	454797	85.738774
15753	尖塔	4	454801	85.739528
15754	年長	4	454805	85.740282
15755	年輕氣盛	4	454809	85.741036
15756	年關	4	454813	85.741790
15757	成人班	4	454817	85.742544
15758	成交價	4	454821	85.743298
15759	成全	4	454825	85.744052
15760	成家	4	454829	85.744806
15761	成群結隊	4	454833	85.745560
15762	成數	4	454837	85.746314
15763	成親	4	454841	85.747068
15764	扣人心弦	4	454845	85.747822
15765	扣緊	4	454849	85.748576
15766	托托小英雄	4	454853	85.749330
15767	托爾斯泰	4	454857	85.750084
15768	托嬰	4	454861	85.750838
15769	收服	4	454865	85.751592
15770	收容所	4	454869	85.752346
15771	收盤價	4	454873	85.753100
15772	早逝	4	454877	85.753854
15773	早點	4	454881	85.754608
15774	有什麼	4	454885	85.755362
15775	有功	4	454889	85.756116
15776	有信心	4	454893	85.756870
15777	有朝一日	4	454897	85.757624
15778	有感而發	4	454901	85.758378
15779	有機體	4	454905	85.759132
15780	朱宗慶	4	454909	85.759886
15781	次年	4	454913	85.760640
15782	死去	4	454917	85.761394
15783	死背	4	454921	85.762148
15784	死傷	4	454925	85.762902
15785	汙泥	4	454929	85.763656
15786	汙濁	4	454933	85.764410
15787	江丙坤	4	454937	85.765164
15788	江西	4	454941	85.765918
15789	江河	4	454945	85.766672
15790	江蘇省	4	454949	85.767426
15791	灰暗	4	454953	85.768180
15792	灰頭土臉	4	454957	85.768934
15793	百合花	4	454961	85.769688
15794	百官	4	454965	85.770442
15795	百病	4	454969	85.771196
15796	百聞不如一見	4	454973	85.771950
15797	竹子	4	454977	85.772704
15798	竹簍	4	454981	85.773458
15799	米勒	4	454985	85.774212
15800	羽田	4	454989	85.774966
15801	羽翼	4	454993	85.775720
15802	老一輩	4	454997	85.776474
15803	老天爺	4	455001	85.777228
15804	老婦人	4	455005	85.777982
15805	老爺車	4	455009	85.778736
15806	老道	4	455013	85.779490
15807	考試院	4	455017	85.780244
15808	考察團	4	455021	85.780998
15809	耳聞	4	455025	85.781752
15810	耳膜	4	455029	85.782506
15811	肉雞	4	455033	85.783260
15812	肌腱	4	455037	85.784014
15813	自主意識	4	455041	85.784768
15814	自以為	4	455045	85.785522
15815	自幼	4	455049	85.786276
15816	自生自滅	4	455053	85.787030
15817	自用	4	455057	85.787784
15818	自由車	4	455061	85.788538
15819	自白	4	455065	85.789292
15820	自立	4	455069	85.790046
15821	自自然然	4	455073	85.790800
15822	自制	4	455077	85.791554
15823	自始至終	4	455081	85.792308
15824	自治區	4	455085	85.793062
15825	自訂	4	455089	85.793816
15826	自動離合器	4	455093	85.794570
15827	自強號	4	455097	85.795324
15828	自得	4	455101	85.796078
15829	自閉兒	4	455105	85.796832
15830	自然生態	4	455109	85.797586
15831	自然而然	4	455113	85.798340
15832	自然資源	4	455117	85.799094
15833	自暴自棄	4	455121	85.799848
15834	自學班	4	455125	85.800602
15835	自營商	4	455129	85.801356
15836	至上	4	455133	85.802110
15837	色帶	4	455137	85.802864
15838	色澤	4	455141	85.803618
15839	艾布拉	4	455145	85.804372
15840	艾格	4	455149	85.805126
15841	艾瑪湯普遜	4	455153	85.805880
15842	血光	4	455157	85.806634
15843	血脂	4	455161	85.807388
15844	血淋淋	4	455165	85.808142
15845	血漿	4	455169	85.808896
15846	血緣	4	455173	85.809650
15847	行屍走肉	4	455177	85.810404
15848	行政革新	4	455181	85.811158
15849	行政區	4	455185	85.811912
15850	行當	4	455189	85.812666
15851	衣原體	4	455193	85.813420
15852	衣櫥	4	455197	85.814174
15853	西奈半島	4	455201	85.814928
15854	西哈諾	4	455205	85.815682
15855	西敏寺	4	455209	85.816436
15856	西部片	4	455213	85.817190
15857	西雅圖	4	455217	85.817944
15858	西爾斯	4	455221	85.818698
15859	串場	4	455225	85.819452
15860	佇立	4	455229	85.820206
15861	佛利德曼	4	455233	85.820960
15862	佛洛伊德	4	455237	85.821714
15863	佛塔	4	455241	85.822468
15864	佛學	4	455245	85.823222
15865	何等	4	455249	85.823976
15866	佐證	4	455253	85.824730
15867	佔據	4	455257	85.825484
15868	作怪	4	455261	85.826238
15869	作品展	4	455265	85.826992
15870	作罷	4	455269	85.827746
15871	你好	4	455273	85.828500
15872	低成本	4	455277	85.829254
15873	低收入戶	4	455281	85.830008
15874	低檔	4	455285	85.830762
15875	余玲雅	4	455289	85.831516
15876	佈局	4	455293	85.832270
15877	克利斯群	4	455297	85.833024
15878	克難	4	455301	85.833778
15879	免不了	4	455305	85.834532
15880	兵力	4	455309	85.835286
15881	兵馬俑	4	455313	85.836040
15882	冷冷	4	455317	85.836794
15883	別具一格	4	455321	85.837548
15884	別致	4	455325	85.838302
15885	利刃	4	455329	85.839056
15886	利比亞	4	455333	85.839810
15887	刪掉	4	455337	85.840564
15888	助陣	4	455341	85.841318
15889	助學貸款	4	455345	85.842072
15890	即景	4	455349	85.842826
15891	吝嗇	4	455353	85.843580
15892	呆板	4	455357	85.844334
15893	吳化	4	455361	85.845088
15894	吳敦義	4	455365	85.845842
15895	君子	4	455369	85.846596
15896	吩咐	4	455373	85.847350
15897	告退	4	455377	85.848104
15898	告發	4	455381	85.848858
15899	吹牛	4	455385	85.849612
15900	吸納	4	455389	85.850366
15901	吼叫	4	455393	85.851120
15902	含笑	4	455397	85.851874
15903	含糊	4	455401	85.852628
15904	困頓	4	455405	85.853382
15905	均等	4	455409	85.854136
15906	坐定	4	455413	85.854890
15907	坐視	4	455417	85.855644
15908	坐鎮	4	455421	85.856398
15909	壯年	4	455425	85.857152
15910	壯碩	4	455429	85.857906
15911	壯舉	4	455433	85.858660
15912	完滿	4	455437	85.859414
15913	宋斐如	4	455441	85.860168
15914	宏全集團	4	455445	85.860922
15915	尿布疹	4	455449	85.861676
15916	尾部	4	455453	85.862430
15917	希爾	4	455457	85.863184
15918	序列	4	455461	85.863938
15919	床頭	4	455465	85.864692
15920	弄臣	4	455469	85.865446
15921	弟妹	4	455473	85.866200
15922	形形色色	4	455477	85.866954
15923	形貌	4	455481	85.867708
15924	志工	4	455485	85.868462
15925	志氣	4	455489	85.869216
15926	快報	4	455493	85.869970
15927	快慢	4	455497	85.870724
15928	戒除	4	455501	85.871478
15929	戒護	4	455505	85.872232
15930	我方	4	455509	85.872986
15931	扭傷	4	455513	85.873740
15932	把戲	4	455517	85.874494
15933	折射	4	455521	85.875248
15934	折損	4	455525	85.876002
15935	折舊	4	455529	85.876756
15936	投生	4	455533	85.877510
15937	投胎	4	455537	85.878264
15938	投訴	4	455541	85.879018
15939	投靠	4	455545	85.879772
15940	攻防戰	4	455549	85.880526
15941	攻頂	4	455553	85.881280
15942	李行	4	455557	85.882034
15943	李周舜仁	4	455561	85.882788
15944	李迪	4	455565	85.883542
15945	李勝峰	4	455569	85.884296
15946	李焯然	4	455573	85.885050
15947	村子	4	455577	85.885804
15948	杜鵑花	4	455581	85.886558
15949	求死	4	455585	85.887312
15950	求偶	4	455589	85.888066
15951	求婚	4	455593	85.888820
15952	求救	4	455597	85.889574
15953	求援	4	455601	85.890328
15954	求變	4	455605	85.891082
15955	沙丘	4	455609	85.891836
15956	沙粒	4	455613	85.892590
15957	沙魚	4	455617	85.893344
15958	沙質	4	455621	85.894098
15959	沈呂百	4	455625	85.894852
15960	沉寂	4	455629	85.895606
15961	沉著	4	455633	85.896360
15962	沉潛	4	455637	85.897114
15963	沉積	4	455641	85.897868
15964	沉積物	4	455645	85.898622
15965	決戰點	4	455649	85.899376
15966	沖淡	4	455653	85.900130
15967	汲取	4	455657	85.900884
15968	灶神	4	455661	85.901638
15969	災禍	4	455665	85.902392
15970	牢獄之災	4	455669	85.903146
15971	狂妄	4	455673	85.903900
15972	狂想曲	4	455677	85.904654
15973	男女老少	4	455681	85.905408
15974	男女老幼	4	455685	85.906162
15975	男籃	4	455689	85.906916
15976	私生活	4	455693	85.907670
15977	私密	4	455697	85.908424
15978	秀麗	4	455701	85.909178
15979	禿頭	4	455705	85.909932
15980	肝火	4	455709	85.910686
15981	肚子疼	4	455713	85.911440
15982	良善	4	455717	85.912194
15983	良醫	4	455721	85.912948
15984	角峰	4	455725	85.913702
15985	言行舉止	4	455729	85.914456
15986	豆子	4	455733	85.915210
15987	豆花	4	455737	85.915964
15988	赤子之心	4	455741	85.916718
15989	赤峰市	4	455745	85.917472
15990	赤腳	4	455749	85.918226
15991	走高	4	455753	85.918980
15992	足見	4	455757	85.919734
15993	身不由己	4	455761	85.920488
15994	身形	4	455765	85.921242
15995	身陷	4	455769	85.921996
15996	身經百戰	4	455773	85.922750
15997	車室	4	455777	85.923504
15998	車胎	4	455781	85.924258
15999	車陣	4	455785	85.925012
16000	車商	4	455789	85.925766
16001	車牌	4	455793	85.926520
16002	車愛玲	4	455797	85.927274
16003	車寬	4	455801	85.928028
16004	車燈	4	455805	85.928782
16005	辛辛苦苦	4	455809	85.929536
16006	辛辣	4	455813	85.930290
16007	迂迴	4	455817	85.931044
16008	巡遊	4	455821	85.931798
16009	邪惡	4	455825	85.932552
16010	那米比亞	4	455829	85.933306
16011	那段	4	455833	85.934060
16012	那個人	4	455837	85.934814
16013	那隻	4	455841	85.935568
16014	防治法	4	455845	85.936322
16015	防滑	4	455849	85.937076
16016	防滾桿	4	455853	85.937830
16017	防撞鋼梁	4	455857	85.938584
16018	防鎖煞車系統	4	455861	85.939338
16019	防護罩	4	455865	85.940092
16020	並行	4	455869	85.940846
16021	並沒有	4	455873	85.941600
16022	乖巧	4	455877	85.942354
16023	事半功倍	4	455881	85.943108
16024	事理	4	455885	85.943862
16025	事業體	4	455889	85.944616
16026	些微	4	455893	85.945370
16027	亞洲化	4	455897	85.946124
16028	享樂	4	455901	85.946878
16029	享譽	4	455905	85.947632
16030	京劇	4	455909	85.948386
16031	佳冬	4	455913	85.949140
16032	佳冬鄉	4	455917	85.949894
16033	使出	4	455921	85.950648
16034	使勁	4	455925	85.951402
16035	使喚	4	455929	85.952156
16036	供水	4	455933	85.952910
16037	供奉	4	455937	85.953664
16038	供貨	4	455941	85.954418
16039	供給額	4	455945	85.955172
16040	供電	4	455949	85.955926
16041	供應者	4	455953	85.956680
16042	來電	4	455957	85.957434
16043	侏儒	4	455961	85.958188
16044	侏儒症	4	455965	85.958942
16045	兒童日報	4	455969	85.959696
16046	兒童育樂中心	4	455973	85.960450
16047	兒童詩	4	455977	85.961204
16048	兒童讀物	4	455981	85.961958
16049	兒盟	4	455985	85.962712
16050	兩方	4	455989	85.963466
16051	兩國	4	455993	85.964220
16052	兩種	4	455997	85.964974
16053	其貌不揚	4	456001	85.965728
16054	刻度	4	456005	85.966482
16055	刻苦耐勞	4	456009	85.967236
16056	刻薄	4	456013	85.967990
16057	刷卡	4	456017	85.968744
16058	刺蝟	4	456021	85.969498
16059	到時	4	456025	85.970252
16060	到頭來	4	456029	85.971006
16061	刮鬍刀	4	456033	85.971760
16062	協奏曲	4	456037	85.972514
16063	協尋	4	456041	85.973268
16064	協調會	4	456045	85.974022
16065	取道	4	456049	85.974776
16066	受虐	4	456053	85.975530
16067	受寒	4	456057	85.976284
16068	受精	4	456061	85.977038
16069	受薪	4	456065	85.977792
16070	味覺	4	456069	85.978546
16071	咕噥	4	456073	85.979300
16072	和事佬	4	456077	85.980054
16073	和闐河	4	456081	85.980808
16074	和藹可親	4	456085	85.981562
16075	周代	4	456089	85.982316
16076	周吉	4	456093	85.983070
16077	周星馳	4	456097	85.983824
16078	周啟瑞	4	456101	85.984578
16079	命理	4	456105	85.985332
16080	固著	4	456109	85.986086
16081	坪數	4	456113	85.986840
16082	夜色	4	456117	85.987594
16083	夜總會	4	456121	85.988348
16084	奉勸	4	456125	85.989102
16085	奇門遁甲	4	456129	85.989856
16086	奈何	4	456133	85.990610
16087	奔向	4	456137	85.991364
16088	奔喪	4	456141	85.992118
16089	委屈求全	4	456145	85.992872
16090	委託人	4	456149	85.993626
16091	姑婆	4	456153	85.994380
16092	姆指	4	456157	85.995134
16093	始料未及	4	456161	85.995888
16094	孤僻	4	456165	85.996642
16095	季軍	4	456169	85.997396
16096	定點	4	456173	85.998150
16097	屈指可數	4	456177	85.998904
16098	居次	4	456181	85.999658
16099	居首	4	456185	86.000412
16100	居處	4	456189	86.001166
16101	屆滿	4	456193	86.001920
16102	岡田時彥	4	456197	86.002674
16103	幸虧	4	456201	86.003428
16104	底細	4	456205	86.004182
16105	弧度	4	456209	86.004936
16106	往年	4	456213	86.005690
16107	往常	4	456217	86.006444
16108	征服者	4	456221	86.007198
16109	忠心	4	456225	86.007952
16110	忠厚	4	456229	86.008706
16111	忠誠度	4	456233	86.009460
16112	念舊	4	456237	86.010214
16113	怪手	4	456241	86.010968
16114	怪病	4	456245	86.011722
16115	怡人	4	456249	86.012476
16116	性無能	4	456253	86.013230
16117	性興奮	4	456257	86.013984
16118	性騷擾	4	456261	86.014738
16119	性變態	4	456265	86.015492
16120	房客	4	456269	86.016246
16121	房屋稅	4	456273	86.017000
16122	所費不貲	4	456277	86.017754
16123	所屬	4	456281	86.018508
16124	承租	4	456285	86.019262
16125	承銷	4	456289	86.020016
16126	承繼	4	456293	86.020770
16127	拉動	4	456297	86.021524
16128	拉攏	4	456301	86.022278
16129	抹殺	4	456305	86.023032
16130	抹黑	4	456309	86.023786
16131	拓荒	4	456313	86.024540
16132	抽出	4	456317	86.025294
16133	抽調	4	456321	86.026048
16134	拍打	4	456325	86.026802
16135	拍拖	4	456329	86.027556
16136	抱卵	4	456333	86.028310
16137	拆遷戶	4	456337	86.029064
16138	抬起	4	456341	86.029818
16139	放牛班	4	456345	86.030572
16140	放射狀	4	456349	86.031326
16141	放射線科	4	456353	86.032080
16142	放逐	4	456357	86.032834
16143	放暑假	4	456361	86.033588
16144	放開	4	456365	86.034342
16145	放縱	4	456369	86.035096
16146	昂首	4	456373	86.035850
16147	明智	4	456377	86.036604
16148	昏倒	4	456381	86.037358
16149	昏黃	4	456385	86.038112
16150	服從	4	456389	86.038866
16151	服裝設計	4	456393	86.039620
16152	朋馳	4	456397	86.040374
16153	東奔西跑	4	456401	86.041128
16154	東門	4	456405	86.041882
16155	東非	4	456409	86.042636
16156	東晉	4	456413	86.043390
16157	東港	4	456417	86.044144
16158	果子	4	456421	86.044898
16159	果樹	4	456425	86.045652
16160	林文田	4	456429	86.046406
16161	林克銘	4	456433	86.047160
16162	林信義	4	456437	86.047914
16163	林書揚	4	456441	86.048668
16164	板擦	4	456445	86.049422
16165	松阪	4	456449	86.050176
16166	松林	4	456453	86.050930
16167	武漢	4	456457	86.051684
16168	歧見	4	456461	86.052438
16169	注音符號	4	456465	86.053192
16170	泥質	4	456469	86.053946
16171	泥淖	4	456473	86.054700
16172	河豚	4	456477	86.055454
16173	沾沾自喜	4	456481	86.056208
16174	沾滿	4	456485	86.056962
16175	沼澤地	4	456489	86.057716
16176	波折	4	456493	86.058470
16177	波浪	4	456497	86.059224
16178	波特蘭	4	456501	86.059978
16179	波斯灣戰爭	4	456505	86.060732
16180	法例	4	456509	86.061486
16181	法制	4	456513	86.062240
16182	法國菊	4	456517	86.062994
16183	法部	4	456521	86.063748
16184	法會	4	456525	86.064502
16185	法學	4	456529	86.065256
16186	油品	4	456533	86.066010
16187	油炸綠蕃茄	4	456537	86.066764
16188	沿續	4	456541	86.067518
16189	治國	4	456545	86.068272
16190	泛黃	4	456549	86.069026
16191	泛稱	4	456553	86.069780
16192	泛濫	4	456557	86.070534
16193	炊煙	4	456561	86.071288
16194	爬樹	4	456565	86.072042
16195	爭輝	4	456569	86.072796
16196	爭霸戰	4	456573	86.073550
16197	物力	4	456577	86.074304
16198	物以稀為貴	4	456581	86.075058
16199	物流	4	456585	86.075812
16200	物換星移	4	456589	86.076566
16201	玩伴	4	456593	86.077320
16202	玩具展	4	456597	86.078074
16203	玩家	4	456601	86.078828
16204	玩笑	4	456605	86.079582
16205	疙瘩	4	456609	86.080336
16206	直率	4	456613	86.081090
16207	直腸	4	456617	86.081844
16208	知足	4	456621	86.082598
16209	知錯能改	4	456625	86.083352
16210	知覺	4	456629	86.084106
16211	社子	4	456633	86.084860
16212	社會問題	4	456637	86.085614
16213	空大	4	456641	86.086368
16214	空中飛人	4	456645	86.087122
16215	空隙	4	456649	86.087876
16216	糾葛	4	456653	86.088630
16217	罔顧	4	456657	86.089384
16218	肺炎	4	456661	86.090138
16219	肺病	4	456665	86.090892
16220	肺腑之言	4	456669	86.091646
16221	肥肉	4	456673	86.092400
16222	肥沃	4	456677	86.093154
16223	股份有限公司	4	456681	86.093908
16224	股票市場	4	456685	86.094662
16225	舍利子	4	456689	86.095416
16226	芳心	4	456693	86.096170
16227	花崗岩	4	456697	86.096924
16228	花團錦簇	4	456701	86.097678
16229	花叢	4	456705	86.098432
16230	芬蘭	4	456709	86.099186
16231	虎杖	4	456713	86.099940
16232	初葉	4	456717	86.100694
16233	初審	4	456721	86.101448
16234	初選	4	456725	86.102202
16235	表現主義	4	456729	86.102956
16236	表象	4	456733	86.103710
16237	表露	4	456737	86.104464
16238	迎向	4	456741	86.105218
16239	迎賓	4	456745	86.105972
16240	返校	4	456749	86.106726
16241	近乎	4	456753	86.107480
16242	近似	4	456757	86.108234
16243	金子	4	456761	86.108988
16244	金山	4	456765	86.109742
16245	金正日	4	456769	86.110496
16246	金石	4	456773	86.111250
16247	金字招牌	4	456777	86.112004
16248	金哈克曼	4	456781	86.112758
16249	金庸	4	456785	86.113512
16250	金幣	4	456789	86.114266
16251	金榜題名	4	456793	86.115020
16252	金融界	4	456797	86.115774
16253	金翼白眉	4	456801	86.116528
16254	長子	4	456805	86.117282
16255	長史	4	456809	86.118036
16256	長老教會	4	456813	86.118790
16257	長庚醫院	4	456817	86.119544
16258	長青	4	456821	86.120298
16259	門柱	4	456825	86.121052
16260	門楣	4	456829	86.121806
16261	門路	4	456833	86.122560
16262	門道	4	456837	86.123314
16263	門廳	4	456841	86.124068
16264	阿公	4	456845	86.124822
16265	阿米巴痢疾	4	456849	86.125576
16266	阿柔	4	456853	86.126330
16267	阿朗達	4	456857	86.127084
16268	阿根廷	4	456861	86.127838
16269	阿斯匹靈	4	456865	86.128592
16270	阿塔立人	4	456869	86.129346
16271	阿爾及利亞	4	456873	86.130100
16272	附幼	4	456877	86.130854
16273	附和	4	456881	86.131608
16274	附肢	4	456885	86.132362
16275	附表	4	456889	86.133116
16276	附擔保公司債	4	456893	86.133870
16277	雨點	4	456897	86.134624
16278	青州	4	456901	86.135378
16279	青島	4	456905	86.136132
16280	青創會	4	456909	86.136886
16281	信任感	4	456913	86.137640
16282	信函	4	456917	86.138394
16283	信東	4	456921	86.139148
16284	信差	4	456925	86.139902
16285	信託人	4	456929	86.140656
16286	信託制度	4	456933	86.141410
16287	信貸	4	456937	86.142164
16288	侵略性	4	456941	86.142918
16289	便衣	4	456945	86.143672
16290	便服	4	456949	86.144426
16291	便條	4	456953	86.145180
16292	俠盜王子羅賓漢	4	456957	86.145934
16293	保七總隊	4	456961	86.146688
16294	保本	4	456965	86.147442
16295	保全公司	4	456969	86.148196
16296	保全業	4	456973	86.148950
16297	保守主義	4	456977	86.149704
16298	保密	4	456981	86.150458
16299	保魯斯	4	456985	86.151212
16300	保險法	4	456989	86.151966
16301	俗氣	4	456993	86.152720
16302	俞大維	4	456997	86.153474
16303	冠心病	4	457001	86.154228
16304	冠狀動脈	4	457005	86.154982
16305	冠蓋雲集	4	457009	86.155736
16306	前夫	4	457013	86.156490
16307	前車之鑑	4	457017	86.157244
16308	前例	4	457021	86.157998
16309	前妻	4	457025	86.158752
16310	前門	4	457029	86.159506
16311	前哨	4	457033	86.160260
16312	前額體溫計	4	457037	86.161014
16313	南面	4	457041	86.161768
16314	南風	4	457045	86.162522
16315	南迴鐵路	4	457049	86.163276
16316	南勢溪	4	457053	86.164030
16317	南極大陸	4	457057	86.164784
16318	厚度	4	457061	86.165538
16319	厚望	4	457065	86.166292
16320	叛徒	4	457069	86.167046
16321	哎呀	4	457073	86.167800
16322	咽喉	4	457077	86.168554
16323	品格	4	457081	86.169308
16324	品管	4	457085	86.170062
16325	品嚐	4	457089	86.170816
16326	哈台	4	457093	86.171570
16327	哈佛大學	4	457097	86.172324
16328	哈薩克族	4	457101	86.173078
16329	咯咯	4	457105	86.173832
16330	垂青	4	457109	86.174586
16331	垮臺	4	457113	86.175340
16332	姨媽	4	457117	86.176094
16333	姪兒	4	457121	86.176848
16334	威尼斯影展	4	457125	86.177602
16335	威嚴	4	457129	86.178356
16336	孩子們	4	457133	86.179110
16337	宣判	4	457137	86.179864
16338	宦官	4	457141	86.180618
16339	客車	4	457145	86.181372
16340	屍腎	4	457149	86.182126
16341	巷弄	4	457153	86.182880
16342	帝王將相	4	457157	86.183634
16343	度量	4	457161	86.184388
16344	建交	4	457165	86.185142
16345	建設局	4	457169	86.185896
16346	建檔	4	457173	86.186650
16347	律法	4	457177	86.187404
16348	後盾	4	457181	86.188158
16349	後記	4	457185	86.188912
16350	後起之秀	4	457189	86.189666
16351	後現代	4	457193	86.190420
16352	後備軍人	4	457197	86.191174
16353	後勤	4	457201	86.191928
16354	後臺	4	457205	86.192682
16355	思鄉	4	457209	86.193436
16356	思源	4	457213	86.194190
16357	急急	4	457217	86.194944
16358	急迫	4	457221	86.195698
16359	急起直追	4	457225	86.196452
16360	急就章	4	457229	86.197206
16361	急難	4	457233	86.197960
16362	怎會	4	457237	86.198714
16363	怨天尤人	4	457241	86.199468
16364	恰巧	4	457245	86.200222
16365	扁桃腺	4	457249	86.200976
16366	拜年	4	457253	86.201730
16367	拜神	4	457257	86.202484
16368	拜會	4	457261	86.203238
16369	按住	4	457265	86.203992
16370	按捺	4	457269	86.204746
16371	指北針	4	457273	86.205500
16372	指導者	4	457277	86.206254
16373	拾荒	4	457281	86.207008
16374	挑撥	4	457285	86.207762
16375	政令	4	457289	86.208516
16376	政見會	4	457293	86.209270
16377	政治大學	4	457297	86.210024
16378	政論	4	457301	86.210778
16379	故事書	4	457305	86.211532
16380	故宮博物院	4	457309	86.212286
16381	施予	4	457313	86.213040
16382	施加	4	457317	86.213794
16383	施叔青	4	457321	86.214548
16384	施振榮	4	457325	86.215302
16385	施壓	4	457329	86.216056
16386	昭和	4	457333	86.216810
16387	映照	4	457337	86.217564
16388	星空	4	457341	86.218318
16389	星期一	4	457345	86.219072
16390	星際大戰	4	457349	86.219826
16391	染料	4	457353	86.220580
16392	柔韌	4	457357	86.221334
16393	某個	4	457361	86.222088
16394	架空	4	457365	86.222842
16395	枯坐	4	457369	86.223596
16396	查出	4	457373	86.224350
16397	查禁	4	457377	86.225104
16398	查爾斯王子	4	457381	86.225858
16399	毒刺	4	457385	86.226612
16400	毒販	4	457389	86.227366
16401	泉州	4	457393	86.228120
16402	洋洋灑灑	4	457397	86.228874
16403	流口水	4	457401	86.229628
16404	流行音樂	4	457405	86.230382
16405	流行歌	4	457409	86.231136
16406	流放	4	457413	86.231890
16407	流星雨	4	457417	86.232644
16408	流浪兒	4	457421	86.233398
16409	流浪漢	4	457425	86.234152
16410	流連忘返	4	457429	86.234906
16411	流轉	4	457433	86.235660
16412	流離	4	457437	86.236414
16413	洗淨	4	457441	86.237168
16414	洗錢	4	457445	86.237922
16415	活化	4	457449	86.238676
16416	活菩薩	4	457453	86.239430
16417	活塞	4	457457	86.240184
16418	活該	4	457461	86.240938
16419	洛劀	4	457465	86.241692
16420	泵浦	4	457469	86.242446
16421	炮彈	4	457473	86.243200
16422	炮轟	4	457477	86.243954
16423	狡猾	4	457481	86.244708
16424	珍重	4	457485	86.245462
16425	珍禽	4	457489	86.246216
16426	珍饈	4	457493	86.246970
16427	皇位	4	457497	86.247724
16428	盈利	4	457501	86.248478
16429	省市	4	457505	86.249232
16430	省政	4	457509	86.249986
16431	省略	4	457513	86.250740
16432	省黨部	4	457517	86.251494
16433	相仿	4	457521	86.252248
16434	相命	4	457525	86.253002
16435	相宜	4	457529	86.253756
16436	相通	4	457533	86.254510
16437	相像	4	457537	86.255264
16438	相撲	4	457541	86.256018
16439	相親	4	457545	86.256772
16440	眉山	4	457549	86.257526
16441	眉頭	4	457553	86.258280
16442	看成	4	457557	86.259034
16443	看俏	4	457561	86.259788
16444	看重	4	457565	86.260542
16445	看漲	4	457569	86.261296
16446	看樣子	4	457573	86.262050
16447	看錯	4	457577	86.262804
16448	研訂	4	457581	86.263558
16449	砌成	4	457585	86.264312
16450	砌磚	4	457589	86.265066
16451	科林斯	4	457593	86.265820
16452	科學化	4	457597	86.266574
16453	科舉	4	457601	86.267328
16454	秒鐘	4	457605	86.268082
16455	秋刀魚之味	4	457609	86.268836
16456	秋水伊人	4	457613	86.269590
16457	突飛猛進	4	457617	86.270344
16458	紅茄苳	4	457621	86.271098
16459	紅腫	4	457625	86.271852
16460	紅磚	4	457629	86.272606
16461	紀年	4	457633	86.273360
16462	紀念碑	4	457637	86.274114
16463	約旦河	4	457641	86.274868
16464	約談	4	457645	86.275622
16465	約翰	4	457649	86.276376
16466	美東	4	457653	86.277130
16467	美容院	4	457657	86.277884
16468	美國片	4	457661	86.278638
16469	美麗島	4	457665	86.279392
16470	耐人尋味	4	457669	86.280146
16471	耐久性	4	457673	86.280900
16472	耶穌	4	457677	86.281654
16473	胃癌	4	457681	86.282408
16474	背心	4	457685	86.283162
16475	背包	4	457689	86.283916
16476	背影	4	457693	86.284670
16477	胡志明	4	457697	86.285424
16478	胡曼	4	457701	86.286178
16479	胡鬧	4	457705	86.286932
16480	胡蘿蔔	4	457709	86.287686
16481	胎盤	4	457713	86.288440
16482	致死	4	457717	86.289194
16483	范朋克	4	457721	86.289948
16484	苦海	4	457725	86.290702
16485	苦盡甘來	4	457729	86.291456
16486	茄子	4	457733	86.292210
16487	若即若離	4	457737	86.292964
16488	若羌	4	457741	86.293718
16489	若非	4	457745	86.294472
16490	英人	4	457749	86.295226
16491	英姿	4	457753	86.295980
16492	英皇	4	457757	86.296734
16493	英商	4	457761	86.297488
16494	英漢辭典	4	457765	86.298242
16495	要不是	4	457769	86.298996
16496	要不然	4	457773	86.299750
16497	要務	4	457777	86.300504
16498	要錢	4	457781	86.301258
16499	計量	4	457785	86.302012
16500	計價	4	457789	86.302766
16501	訂價	4	457793	86.303520
16502	負心	4	457797	86.304274
16503	軍機	4	457801	86.305028
16504	重大疾病險	4	457805	86.305782
16505	重用	4	457809	86.306536
16506	重拾	4	457813	86.307290
16507	重修	4	457817	86.308044
16508	重振	4	457821	86.308798
16509	重振雄風	4	457825	86.309552
16510	重病	4	457829	86.310306
16511	重組	4	457833	86.311060
16512	重逢	4	457837	86.311814
16513	重塑	4	457841	86.312568
16514	重罰	4	457845	86.313322
16515	重賞	4	457849	86.314076
16516	重蹈	4	457853	86.314830
16517	降至	4	457857	86.315584
16518	降到	4	457861	86.316338
16519	降雨量	4	457865	86.317092
16520	降雪	4	457869	86.317846
16521	面色	4	457873	86.318600
16522	面板	4	457877	86.319354
16523	面相	4	457881	86.320108
16524	面部	4	457885	86.320862
16525	面無表情	4	457889	86.321616
16526	面會	4	457893	86.322370
16527	革命黨	4	457897	86.323124
16528	音樂系	4	457901	86.323878
16529	音樂班	4	457905	86.324632
16530	音樂劇	4	457909	86.325386
16531	風平浪靜	4	457913	86.326140
16532	風向球	4	457917	86.326894
16533	風尚	4	457921	86.327648
16534	風琴	4	457925	86.328402
16535	風華絕代	4	457929	86.329156
16536	風評	4	457933	86.329910
16537	風雅	4	457937	86.330664
16538	風聲	4	457941	86.331418
16539	飛利浦	4	457945	86.332172
16540	飛快	4	457949	86.332926
16541	飛船	4	457953	86.333680
16542	飛黃騰達	4	457957	86.334434
16543	飛機票	4	457961	86.335188
16544	食火雞	4	457965	86.335942
16545	食物鏈	4	457969	86.336696
16546	食指	4	457973	86.337450
16547	首映	4	457977	86.338204
16548	首開	4	457981	86.338958
16549	香包	4	457985	86.339712
16550	香濃	4	457989	86.340466
16551	香菇	4	457993	86.341220
16552	乘坐感	4	457997	86.341974
16553	乘車	4	458001	86.342728
16554	乘客座	4	458005	86.343482
16555	乘機	4	458009	86.344236
16556	俯身	4	458013	86.344990
16557	倖存	4	458017	86.345744
16558	倚天	4	458021	86.346498
16559	倚重	4	458025	86.347252
16560	倚靠	4	458029	86.348006
16561	倚賴	4	458033	86.348760
16562	倒退	4	458037	86.349514
16563	候用	4	458041	86.350268
16564	候診室	4	458045	86.351022
16565	修女	4	458049	86.351776
16566	修飾	4	458053	86.352530
16567	修辭	4	458057	86.353284
16568	兼併	4	458061	86.354038
16569	兼備	4	458065	86.354792
16570	冤枉	4	458069	86.355546
16571	冥誕	4	458073	86.356300
16572	凍土	4	458077	86.357054
16573	凍死	4	458081	86.357808
16574	剛毅	4	458085	86.358562
16575	原子	4	458089	86.359316
16576	原子彈	4	458093	86.360070
16577	原動力	4	458097	86.360824
16578	原意	4	458101	86.361578
16579	原種雞	4	458105	86.362332
16580	唐海文	4	458109	86.363086
16581	唐詩	4	458113	86.363840
16582	哥斯大黎加	4	458117	86.364594
16583	哺乳	4	458121	86.365348
16584	哪天	4	458125	86.366102
16585	埋頭	4	458129	86.366856
16586	埋藏	4	458133	86.367610
16587	夏日炎炎	4	458137	86.368364
16588	夏濟安	4	458141	86.369118
16589	奚爾斯	4	458145	86.369872
16590	孫怡萍	4	458149	86.370626
16591	宰相	4	458153	86.371380
16592	害死	4	458157	86.372134
16593	家務	4	458161	86.372888
16594	家常便飯	4	458165	86.373642
16595	宴客	4	458169	86.374396
16596	宮崎駿	4	458173	86.375150
16597	宮闈	4	458177	86.375904
16598	容身	4	458181	86.376658
16599	展覽館	4	458185	86.377412
16600	峽州	4	458189	86.378166
16601	差異性	4	458193	86.378920
16602	差價	4	458197	86.379674
16603	差額	4	458201	86.380428
16604	師資班	4	458205	86.381182
16605	座車	4	458209	86.381936
16606	弱勢團體	4	458213	86.382690
16607	徒刑	4	458217	86.383444
16608	徐旭東	4	458221	86.384198
16609	徐佳士	4	458225	86.384952
16610	恩惠	4	458229	86.385706
16611	拳頭	4	458233	86.386460
16612	捏麵人	4	458237	86.387214
16613	捉弄	4	458241	86.387968
16614	捉摸不定	4	458245	86.388722
16615	旁人	4	458249	86.389476
16616	旁觀者	4	458253	86.390230
16617	時尚	4	458257	86.390984
16618	時報	4	458261	86.391738
16619	時點	4	458265	86.392492
16620	晒乾	4	458269	86.393246
16621	晒傷	4	458273	86.394000
16622	書生	4	458277	86.394754
16623	書名	4	458281	86.395508
16624	校地	4	458285	86.396262
16625	校運	4	458289	86.397016
16626	校際	4	458293	86.397770
16627	核三廠	4	458297	86.398524
16628	核能電廠	4	458301	86.399278
16629	核廢料	4	458305	86.400032
16630	根苗	4	458309	86.400786
16631	根深柢固	4	458313	86.401540
16632	根部	4	458317	86.402294
16633	桂林	4	458321	86.403048
16634	桌曆	4	458325	86.403802
16635	栽花	4	458329	86.404556
16636	格格不入	4	458333	86.405310
16637	格陵蘭	4	458337	86.406064
16638	桃花源	4	458341	86.406818
16639	殷殷	4	458345	86.407572
16640	氣定神閒	4	458349	86.408326
16641	氣度	4	458353	86.409080
16642	氣象報告	4	458357	86.409834
16643	消化液	4	458361	86.410588
16644	消化器官	4	458365	86.411342
16645	消沉	4	458369	86.412096
16646	消防隊	4	458373	86.412850
16647	消受	4	458377	86.413604
16648	浸淫	4	458381	86.414358
16649	海口	4	458385	86.415112
16650	海底世界	4	458389	86.415866
16651	海保	4	458393	86.416620
16652	海景	4	458397	86.417374
16653	海棉	4	458401	86.418128
16654	海溝	4	458405	86.418882
16655	海嘯	4	458409	86.419636
16656	涉足	4	458413	86.420390
16657	涉獵	4	458417	86.421144
16658	浮水印	4	458421	86.421898
16659	浮沉	4	458425	86.422652
16660	浩浩蕩蕩	4	458429	86.423406
16661	烈日	4	458433	86.424160
16662	烈酒	4	458437	86.424914
16663	烏拉圭	4	458441	86.425668
16664	烏龍	4	458445	86.426422
16665	特刊	4	458449	86.427176
16666	特洛伊戰爭	4	458453	86.427930
16667	特效藥	4	458457	86.428684
16668	特莉絲塔那	4	458461	86.429438
16669	特等	4	458465	86.430192
16670	狼狽	4	458469	86.430946
16671	琉璃工房	4	458473	86.431700
16672	畜牧	4	458477	86.432454
16673	病史室	4	458481	86.433208
16674	病苦	4	458485	86.433962
16675	病從口入	4	458489	86.434716
16676	症候群	4	458493	86.435470
16677	益處	4	458497	86.436224
16678	眩暈	4	458501	86.436978
16679	真人	4	458505	86.437732
16680	真面目	4	458509	86.438486
16681	真善美	4	458513	86.439240
16682	真象	4	458517	86.439994
16683	真蹟	4	458521	86.440748
16684	祕聞	4	458525	86.441502
16685	祖父母	4	458529	86.442256
16686	祖宗	4	458533	86.443010
16687	神力	4	458537	86.443764
16688	神化	4	458541	86.444518
16689	神韻	4	458545	86.445272
16690	租用	4	458549	86.446026
16691	租金	4	458553	86.446780
16692	租屋	4	458557	86.447534
16693	秦始皇	4	458561	86.448288
16694	站牌	4	458565	86.449042
16695	笑容可掬	4	458569	86.449796
16696	笑意	4	458573	86.450550
16697	笑點	4	458577	86.451304
16698	粉紅	4	458581	86.452058
16699	粉筆	4	458585	86.452812
16700	紡織品	4	458589	86.453566
16701	紡織業	4	458593	86.454320
16702	素來	4	458597	86.455074
16703	索引	4	458601	86.455828
16704	索忍尼辛	4	458605	86.456582
16705	純正	4	458609	86.457336
16706	純益率	4	458613	86.458090
16707	紐約時報	4	458617	86.458844
16708	紙巾	4	458621	86.459598
16709	紙屑	4	458625	86.460352
16710	紙錢	4	458629	86.461106
16711	紙粘土	4	458633	86.461860
16712	缺水	4	458637	86.462614
16713	缺錢	4	458641	86.463368
16714	耕田	4	458645	86.464122
16715	耗時	4	458649	86.464876
16716	胰臟	4	458653	86.465630
16717	航向	4	458657	86.466384
16718	航站	4	458661	86.467138
16719	航警	4	458665	86.467892
16720	航警局	4	458669	86.468646
16721	荔枝	4	458673	86.469400
16722	草皮	4	458677	86.470154
16723	草坪	4	458681	86.470908
16724	草書	4	458685	86.471662
16725	草堆	4	458689	86.472416
16726	草叢	4	458693	86.473170
16727	茶園	4	458697	86.473924
16728	茶藝館	4	458701	86.474678
16729	衰敗	4	458705	86.475432
16730	記事本	4	458709	86.476186
16731	訓示	4	458713	86.476940
16732	訓練班	4	458717	86.477694
16733	訓練營	4	458721	86.478448
16734	財神	4	458725	86.479202
16735	財務報表	4	458729	86.479956
16736	起立	4	458733	86.480710
16737	起死回生	4	458737	86.481464
16738	起居	4	458741	86.482218
16739	起勁	4	458745	86.482972
16740	起降	4	458749	86.483726
16741	起起落落	4	458753	86.484480
16742	送回	4	458757	86.485234
16743	送別	4	458761	86.485988
16744	逆來順受	4	458765	86.486742
16745	退回	4	458769	86.487496
16746	退房	4	458773	86.488250
16747	迴轉	4	458777	86.489004
16748	逃出	4	458781	86.489758
16749	逃脫	4	458785	86.490512
16750	逃漏	4	458789	86.491266
16751	追究	4	458793	86.492020
16752	追捕	4	458797	86.492774
16753	追根究底	4	458801	86.493528
16754	追索	4	458805	86.494282
16755	郝院長	4	458809	86.495036
16756	酒席	4	458813	86.495790
16757	酒廊	4	458817	86.496544
16758	酒量	4	458821	86.497298
16759	配色	4	458825	86.498052
16760	配額	4	458829	86.498806
16761	釘鞋	4	458833	86.499560
16762	針頭	4	458837	86.500314
16763	閃動	4	458841	86.501068
16764	院線片	4	458845	86.501822
16765	陣地	4	458849	86.502576
16766	陣雨	4	458853	86.503330
16767	陣陣	4	458857	86.504084
16768	陣線	4	458861	86.504838
16769	陣營	4	458865	86.505592
16770	陝西	4	458869	86.506346
16771	除外	4	458873	86.507100
16772	隻身	4	458877	86.507854
16773	飢民	4	458881	86.508608
16774	馬尼拉	4	458885	86.509362
16775	馬車	4	458889	86.510116
16776	馬納納拉	4	458893	86.510870
16777	馬隆	4	458897	86.511624
16778	馬歇爾	4	458901	86.512378
16779	骨片	4	458905	86.513132
16780	骨盆	4	458909	86.513886
16781	骨董	4	458913	86.514640
16782	高分	4	458917	86.515394
16783	高水準	4	458921	86.516148
16784	高收入	4	458925	86.516902
16785	高希均	4	458929	86.517656
16786	高居	4	458933	86.518410
16787	高架	4	458937	86.519164
16788	高飛	4	458941	86.519918
16789	高唱	4	458945	86.520672
16790	高專	4	458949	86.521426
16791	高教司	4	458953	86.522180
16792	高等教育	4	458957	86.522934
16793	高傲	4	458961	86.523688
16794	高歌	4	458965	86.524442
16795	高檔	4	458969	86.525196
16796	高額	4	458973	86.525950
16797	高麗菜	4	458977	86.526704
16798	高懸	4	458981	86.527458
16799	乾季	4	458985	86.528212
16800	乾隆皇帝	4	458989	86.528966
16801	停水	4	458993	86.529720
16802	停火	4	458997	86.530474
16803	停產	4	459001	86.531228
16804	做作	4	459005	86.531982
16805	做客	4	459009	86.532736
16806	做起	4	459013	86.533490
16807	健兒	4	459017	86.534244
16808	健將	4	459021	86.534998
16809	偷天換日	4	459025	86.535752
16810	偷窺	4	459029	86.536506
16811	偏僻	4	459033	86.537260
16812	偏激	4	459037	86.538014
16813	剪接師	4	459041	86.538768
16814	剪裁	4	459045	86.539522
16815	剪綵	4	459049	86.540276
16816	副祕書長	4	459053	86.541030
16817	動產	4	459057	86.541784
16818	動腦筋	4	459061	86.542538
16819	區位	4	459065	86.543292
16820	匾額	4	459069	86.544046
16821	參政	4	459073	86.544800
16822	參戰	4	459077	86.545554
16823	曼谷	4	459081	86.546308
16824	商社	4	459085	86.547062
16825	商品化	4	459089	86.547816
16826	商討	4	459093	86.548570
16827	商船	4	459097	86.549324
16828	商業區	4	459101	86.550078
16829	商賈	4	459105	86.550832
16830	啃食	4	459109	86.551586
16831	唱腔	4	459113	86.552340
16832	售貨員	4	459117	86.553094
16833	圈圈	4	459121	86.553848
16834	國民中小學	4	459125	86.554602
16835	國字	4	459129	86.555356
16836	國安會	4	459133	86.556110
16837	國家輸血中心	4	459137	86.556864
16838	國泰建設	4	459141	86.557618
16839	國務卿	4	459145	86.558372
16840	國畫班	4	459149	86.559126
16841	國貿	4	459153	86.559880
16842	國債	4	459157	86.560634
16843	國際臺	4	459161	86.561388
16844	國際觀光旅館	4	459165	86.562142
16845	堅韌	4	459169	86.562896
16846	堆土機	4	459173	86.563650
16847	基督	4	459177	86.564404
16848	基線	4	459181	86.565158
16849	婉拒	4	459185	86.565912
16850	婉轉	4	459189	86.566666
16851	婦女節	4	459193	86.567420
16852	婦產科	4	459197	86.568174
16853	婚紗	4	459201	86.568928
16854	婆娑	4	459205	86.569682
16855	婆媳	4	459209	86.570436
16856	寄出	4	459213	86.571190
16857	寄養家庭	4	459217	86.571944
16858	宿曜經	4	459221	86.572698
16859	密西西比州	4	459225	86.573452
16860	專任	4	459229	86.574206
16861	專科醫師	4	459233	86.574960
16862	專員	4	459237	86.575714
16863	專送	4	459241	86.576468
16864	專責	4	459245	86.577222
16865	專業人員	4	459249	86.577976
16866	專業技術	4	459253	86.578730
16867	專賣	4	459257	86.579484
16868	將在	4	459261	86.580238
16869	將要	4	459265	86.580992
16870	崎嶇不平	4	459269	86.581746
16871	崩解	4	459273	86.582500
16872	常理	4	459277	86.583254
16873	常說	4	459281	86.584008
16874	常數	4	459285	86.584762
16875	帶子	4	459289	86.585516
16876	帶路	4	459293	86.586270
16877	庸人自擾	4	459297	86.587024
16878	張口	4	459301	86.587778
16879	張大春	4	459305	86.588532
16880	張克輝	4	459309	86.589286
16881	張果星宗	4	459313	86.590040
16882	張俊宏	4	459317	86.590794
16883	張燈結彩	4	459321	86.591548
16884	張讓	4	459325	86.592302
16885	強行	4	459329	86.593056
16886	強制信託	4	459333	86.593810
16887	強弱	4	459337	86.594564
16888	強強滾	4	459341	86.595318
16889	強詞奪理	4	459345	86.596072
16890	強韌	4	459349	86.596826
16891	強敵	4	459353	86.597580
16892	強震	4	459357	86.598334
16893	彩券	4	459361	86.599088
16894	彩排	4	459365	86.599842
16895	得名	4	459369	86.600596
16896	得寵	4	459373	86.601350
16897	得體	4	459377	86.602104
16898	從天而降	4	459381	86.602858
16899	從寬	4	459385	86.603612
16900	徜徉	4	459389	86.604366
16901	患有	4	459393	86.605120
16902	患兒	4	459397	86.605874
16903	悠然	4	459401	86.606628
16904	情有獨鍾	4	459405	86.607382
16905	悼念	4	459409	86.608136
16906	惟獨	4	459413	86.608890
16907	控制系統	4	459417	86.609644
16908	控制器	4	459421	86.610398
16909	控股	4	459425	86.611152
16910	探查	4	459429	86.611906
16911	探員	4	459433	86.612660
16912	探問	4	459437	86.613414
16913	接力	4	459441	86.614168
16914	接招	4	459445	86.614922
16915	接踵而來	4	459449	86.615676
16916	接觸者	4	459453	86.616430
16917	掘出	4	459457	86.617184
16918	措手不及	4	459461	86.617938
16919	掩護	4	459465	86.618692
16920	掃描線	4	459469	86.619446
16921	掛名	4	459473	86.620200
16922	掛牌	4	459477	86.620954
16923	掛號費	4	459481	86.621708
16924	推力	4	459485	86.622462
16925	推向	4	459489	86.623216
16926	推銷員之死	4	459493	86.623970
16927	掄元	4	459497	86.624724
16928	採光	4	459501	86.625478
16929	採茶	4	459505	86.626232
16930	排入	4	459509	86.626986
16931	排場	4	459513	86.627740
16932	排練	4	459517	86.628494
16933	救世主	4	459521	86.629248
16934	救生	4	459525	86.630002
16935	救星	4	459529	86.630756
16936	救國團	4	459533	86.631510
16937	教士	4	459537	86.632264
16938	教宗	4	459541	86.633018
16939	教法	4	459545	86.633772
16940	教徒	4	459549	86.634526
16941	教條	4	459553	86.635280
16942	教職員	4	459557	86.636034
16943	敗北	4	459561	86.636788
16944	敗部復活	4	459565	86.637542
16945	旋即	4	459569	86.638296
16946	晚間新聞	4	459573	86.639050
16947	晨間	4	459577	86.639804
16948	曹光澯	4	459581	86.640558
16949	望塵莫及	4	459585	86.641312
16950	梁兆熙	4	459589	86.642066
16951	梯田	4	459593	86.642820
16952	殺青	4	459597	86.643574
16953	殺滅	4	459601	86.644328
16954	毫米	4	459605	86.645082
16955	涼拌	4	459609	86.645836
16956	液晶投影電視	4	459613	86.646590
16957	淡水港	4	459617	86.647344
16958	淡出	4	459621	86.648098
16959	淡季	4	459625	86.648852
16960	淤泥	4	459629	86.649606
16961	清早	4	459633	86.650360
16962	清軍	4	459637	86.651114
16963	清脆	4	459641	86.651868
16964	清單	4	459645	86.652622
16965	淋巴球	4	459649	86.653376
16966	淋漓	4	459653	86.654130
16967	淹水	4	459657	86.654884
16968	混血	4	459661	86.655638
16969	混沌	4	459665	86.656392
16970	混濁	4	459669	86.657146
16971	淚痕	4	459673	86.657900
16972	深衣	4	459677	86.658654
16973	深究	4	459681	86.659408
16974	深谷	4	459685	86.660162
16975	深海	4	459689	86.660916
16976	深感	4	459693	86.661670
16977	淮北人	4	459697	86.662424
16978	淨土	4	459701	86.663178
16979	淨水	4	459705	86.663932
16980	淨身	4	459709	86.664686
16981	爽快	4	459713	86.665440
16982	牽手	4	459717	86.666194
16983	猜忌	4	459721	86.666948
16984	猛力	4	459725	86.667702
16985	率直	4	459729	86.668456
16986	率團	4	459733	86.669210
16987	球友	4	459737	86.669964
16988	球狀	4	459741	86.670718
16989	球鞋	4	459745	86.671472
16990	現代文學	4	459749	86.672226
16991	現代史	4	459753	86.672980
16992	瓶口	4	459757	86.673734
16993	甜甜圈	4	459761	86.674488
16994	甜頭	4	459765	86.675242
16995	產房	4	459769	86.675996
16996	產業界	4	459773	86.676750
16997	略帶	4	459777	86.677504
16998	略微	4	459781	86.678258
16999	痔瘡	4	459785	86.679012
17000	盛宴	4	459789	86.679766
17001	眾神	4	459793	86.680520
17002	眾院	4	459797	86.681274
17003	眾說紛紜	4	459801	86.682028
17004	眼珠	4	459805	86.682782
17005	眼圈	4	459809	86.683536
17006	眼部	4	459813	86.684290
17007	眼睜睜	4	459817	86.685044
17008	硫酸	4	459821	86.685798
17009	移出	4	459825	86.686552
17010	移居	4	459829	86.687306
17011	移往	4	459833	86.688060
17012	第一線	4	459837	86.688814
17013	第三者	4	459841	86.689568
17014	符碼	4	459845	86.690322
17015	粗製濫造	4	459849	86.691076
17016	統治權	4	459853	86.691830
17017	統稱	4	459857	86.692584
17018	紮根	4	459861	86.693338
17019	細看	4	459865	86.694092
17020	細胞膜	4	459869	86.694846
17021	細語	4	459873	86.695600
17022	細說	4	459877	86.696354
17023	組隊	4	459881	86.697108
17024	組閣	4	459885	86.697862
17025	終身大事	4	459889	86.698616
17026	終極標靶	4	459893	86.699370
17027	終端	4	459897	86.700124
17028	習以為常	4	459901	86.700878
17029	習作	4	459905	86.701632
17030	習見	4	459909	86.702386
17031	脫俗	4	459913	86.703140
17032	船身	4	459917	86.703894
17033	莫內	4	459921	86.704648
17034	莫可奈何	4	459925	86.705402
17035	莊亨岱	4	459929	86.706156
17036	莊重	4	459933	86.706910
17037	荷葉	4	459937	86.707664
17038	處死	4	459941	86.708418
17039	蛋殼	4	459945	86.709172
17040	蛋黃	4	459949	86.709926
17041	袍子	4	459953	86.710680
17042	訪問團	4	459957	86.711434
17043	訪臺	4	459961	86.712188
17044	許可證	4	459965	86.712942
17045	許明傳	4	459969	86.713696
17046	許舜英	4	459973	86.714450
17047	設限	4	459977	86.715204
17048	責罵	4	459981	86.715958
17049	責難	4	459985	86.716712
17050	貨輪	4	459989	86.717466
17051	貪官汙吏	4	459993	86.718220
17052	貪念	4	459997	86.718974
17053	貧民	4	460001	86.719728
17054	貧苦	4	460005	86.720482
17055	貧寒	4	460009	86.721236
17056	貧賤	4	460013	86.721990
17057	赦免	4	460017	86.722744
17058	這片	4	460021	86.723498
17059	這回	4	460025	86.724252
17060	這批	4	460029	86.725006
17061	這般	4	460033	86.725760
17062	通向	4	460037	86.726514
17063	通事	4	460041	86.727268
17064	通暢	4	460045	86.728022
17065	逗趣	4	460049	86.728776
17066	連日	4	460053	86.729530
17067	連累	4	460057	86.730284
17068	連番	4	460061	86.731038
17069	連署	4	460065	86.731792
17070	連載	4	460069	86.732546
17071	連鎖店	4	460073	86.733300
17072	逐日	4	460077	86.734054
17073	造作	4	460081	86.734808
17074	造紙	4	460085	86.735562
17075	造景	4	460089	86.736316
17076	透徹	4	460093	86.737070
17077	部下	4	460097	86.737824
17078	郭承豐	4	460101	86.738578
17079	郭博州	4	460105	86.739332
17080	都市人	4	460109	86.740086
17081	野薑花	4	460113	86.740840
17082	陳光復	4	460117	86.741594
17083	陳有蘭溪	4	460121	86.742348
17084	陳芳蘭	4	460125	86.743102
17085	陳設	4	460129	86.743856
17086	陳履安	4	460133	86.744610
17087	陳璧君	4	460137	86.745364
17088	陰性	4	460141	86.746118
17089	陰涼	4	460145	86.746872
17090	陰莖頭炎	4	460149	86.747626
17091	陰間	4	460153	86.748380
17092	陰陽海	4	460157	86.749134
17093	雪山	4	460161	86.749888
17094	雪水河	4	460165	86.750642
17095	雪花	4	460169	86.751396
17096	章法	4	460173	86.752150
17097	章魚	4	460177	86.752904
17098	章然	4	460181	86.753658
17099	頂部	4	460185	86.754412
17100	魚蝦	4	460189	86.755166
17101	鳥種	4	460193	86.755920
17102	麥弗遜支柱	4	460197	86.756674
17103	麥寮	4	460201	86.757428
17104	備受	4	460205	86.758182
17105	備詢	4	460209	86.758936
17106	傑哈德巴狄厄	4	460213	86.759690
17107	最佳拍檔	4	460217	86.760444
17108	凱撒飯店	4	460221	86.761198
17109	創作力	4	460225	86.761952
17110	創造性	4	460229	86.762706
17111	創痛	4	460233	86.763460
17112	勞保	4	460237	86.764214
17113	勞軍	4	460241	86.764968
17114	勞斯萊斯	4	460245	86.765722
17115	勞萊	4	460249	86.766476
17116	喀布爾	4	460253	86.767230
17117	喝醉	4	460257	86.767984
17118	喜神	4	460261	86.768738
17119	喜訊	4	460265	86.769492
17120	喜新厭舊	4	460269	86.770246
17121	喪禮	4	460273	86.771000
17122	喃喃	4	460277	86.771754
17123	單打獨鬥	4	460281	86.772508
17124	單位制	4	460285	86.773262
17125	單廂式	4	460289	86.774016
17126	單寧細胞	4	460293	86.774770
17127	單靠	4	460297	86.775524
17128	唾液	4	460301	86.776278
17129	喚起	4	460305	86.777032
17130	圍裙	4	460309	86.777786
17131	堪慮	4	460313	86.778540
17132	場次	4	460317	86.779294
17133	堤岸	4	460321	86.780048
17134	報國	4	460325	86.780802
17135	報備	4	460329	86.781556
17136	報費	4	460333	86.782310
17137	報價	4	460337	86.783064
17138	報館	4	460341	86.783818
17139	奠立	4	460345	86.784572
17140	奠基	4	460349	86.785326
17141	富足	4	460353	86.786080
17142	富商	4	460357	86.786834
17143	富豪汽車	4	460361	86.787588
17144	尊稱	4	460365	86.788342
17145	尋死	4	460369	86.789096
17146	幾何	4	460373	86.789850
17147	幾許	4	460377	86.790604
17148	彭明敏	4	460381	86.791358
17149	復旦大學	4	460385	86.792112
17150	復效	4	460389	86.792866
17151	循序漸進	4	460393	86.793620
17152	惡名昭彰	4	460397	86.794374
17153	惡性循環	4	460401	86.795128
17154	惡質化	4	460405	86.795882
17155	悲憤	4	460409	86.796636
17156	掣肘	4	460413	86.797390
17157	掌權	4	460417	86.798144
17158	插手	4	460421	86.798898
17159	插圖	4	460425	86.799652
17160	揣摩	4	460429	86.800406
17161	提卡爾人	4	460433	86.801160
17162	提拔	4	460437	86.801914
17163	提攜	4	460441	86.802668
17164	揮汗	4	460445	86.803422
17165	揮棒	4	460449	86.804176
17166	揮霍	4	460453	86.804930
17167	援手	4	460457	86.805684
17168	換句話	4	460461	86.806438
17169	敞篷車型	4	460465	86.807192
17170	散居	4	460469	86.807946
17171	散亂	4	460473	86.808700
17172	散熱	4	460477	86.809454
17173	斑斕	4	460481	86.810208
17174	普多夫金	4	460485	86.810962
17175	普通人	4	460489	86.811716
17176	普渡	4	460493	86.812470
17177	晴空	4	460497	86.813224
17178	景致	4	460501	86.813978
17179	曾孫	4	460505	86.814732
17180	曾幾何時	4	460509	86.815486
17181	朝代	4	460513	86.816240
17182	朝氣蓬勃	4	460517	86.816994
17183	棘刺	4	460521	86.817748
17184	森林浴	4	460525	86.818502
17185	棋子	4	460529	86.819256
17186	棉布	4	460533	86.820010
17187	棉花	4	460537	86.820764
17188	款待	4	460541	86.821518
17189	款宴	4	460545	86.822272
17190	殘胞	4	460549	86.823026
17191	殘害	4	460553	86.823780
17192	殘破	4	460557	86.824534
17193	殘缺	4	460561	86.825288
17194	殘障兒	4	460565	86.826042
17195	殘暴	4	460569	86.826796
17196	港都	4	460573	86.827550
17197	港督	4	460577	86.828304
17198	港澳工作方案	4	460581	86.829058
17199	游移	4	460585	86.829812
17200	游魚	4	460589	86.830566
17201	減半	4	460593	86.831320
17202	減除	4	460597	86.832074
17203	渦輪增壓器	4	460601	86.832828
17204	湯圓	4	460605	86.833582
17205	湍急	4	460609	86.834336
17206	測出	4	460613	86.835090
17207	渾然	4	460617	86.835844
17208	渾圓	4	460621	86.836598
17209	焚毀	4	460625	86.837352
17210	焦距	4	460629	86.838106
17211	無力感	4	460633	86.838860
17212	無心插柳	4	460637	86.839614
17213	無可諱言	4	460641	86.840368
17214	無尾熊	4	460645	86.841122
17215	無足輕重	4	460649	86.841876
17216	無邪	4	460653	86.842630
17217	無怨無悔	4	460657	86.843384
17218	無政府主義	4	460661	86.844138
17219	無相大師	4	460665	86.844892
17220	無恙	4	460669	86.845646
17221	無動於衷	4	460673	86.846400
17222	無殼蝸牛	4	460677	86.847154
17223	無需	4	460681	86.847908
17224	無慮	4	460685	86.848662
17225	無線電話	4	460689	86.849416
17226	犄角	4	460693	86.850170
17227	琳瑯滿目	4	460697	86.850924
17228	畫質	4	460701	86.851678
17229	番薯	4	460705	86.852432
17230	痛楚	4	460709	86.853186
17231	痠痛	4	460713	86.853940
17232	登山家	4	460717	86.854694
17233	登堂入室	4	460721	86.855448
17234	登機	4	460725	86.856202
17235	發人深省	4	460729	86.856956
17236	發包	4	460733	86.857710
17237	發佈	4	460737	86.858464
17238	盜版	4	460741	86.859218
17239	短袖	4	460745	86.859972
17240	短髮	4	460749	86.860726
17241	硬生生	4	460753	86.861480
17242	硬朗	4	460757	86.862234
17243	硬漢	4	460761	86.862988
17244	程式設計	4	460765	86.863742
17245	稅款	4	460769	86.864496
17246	稀罕	4	460773	86.865250
17247	稀奇古怪	4	460777	86.866004
17248	稀飯	4	460781	86.866758
17249	稀釋	4	460785	86.867512
17250	窘迫	4	460789	86.868266
17251	窗簾	4	460793	86.869020
17252	童話故事	4	460797	86.869774
17253	等同	4	460801	86.870528
17254	等高線	4	460805	86.871282
17255	等號	4	460809	86.872036
17256	策畫	4	460813	86.872790
17257	筆法	4	460817	86.873544
17258	筆記簿	4	460821	86.874298
17259	筆調	4	460825	86.875052
17260	筆墨	4	460829	86.875806
17261	絞盡腦汁	4	460833	86.876560
17262	結核病	4	460837	86.877314
17263	結算	4	460841	86.878068
17264	絕色	4	460845	86.878822
17265	絕食	4	460849	86.879576
17266	絲瓜	4	460853	86.880330
17267	絡繹不絕	4	460857	86.881084
17268	絡繹於途	4	460861	86.881838
17269	善財童子	4	460865	86.882592
17270	腎上腺	4	460869	86.883346
17271	舒暢	4	460873	86.884100
17272	菸酒	4	460877	86.884854
17273	菠菜	4	460881	86.885608
17274	菁華	4	460885	86.886362
17275	華主席	4	460889	86.887116
17276	華西村	4	460893	86.887870
17277	華美	4	460897	86.888624
17278	華納兄弟	4	460901	86.889378
17279	著火	4	460905	86.890132
17280	著地	4	460909	86.890886
17281	萊勒	4	460913	86.891640
17282	菜圃	4	460917	86.892394
17283	菜鳥	4	460921	86.893148
17284	街頭巷尾	4	460925	86.893902
17285	視若無睹	4	460929	86.894656
17286	視神經	4	460933	86.895410
17287	視障	4	460937	86.896164
17288	詞句	4	460941	86.896918
17289	詛咒	4	460945	86.897672
17290	詐欺	4	460949	86.898426
17291	診療室	4	460953	86.899180
17292	貂皮	4	460957	86.899934
17293	貴賤	4	460961	86.900688
17294	買入	4	460965	86.901442
17295	買方	4	460969	86.902196
17296	買來	4	460973	86.902950
17297	買盤	4	460977	86.903704
17298	貿易商	4	460981	86.904458
17299	貿易報復	4	460985	86.905212
17300	超大型	4	460989	86.905966
17301	超音波	4	460993	86.906720
17302	跑車化	4	460997	86.907474
17303	辜負	4	461001	86.908228
17304	週圍	4	461005	86.908982
17305	週會	4	461009	86.909736
17306	週邊	4	461013	86.910490
17307	進貢	4	461017	86.911244
17308	進貨	4	461021	86.911998
17309	進榜	4	461025	86.912752
17310	進獻	4	461029	86.913506
17311	郵政	4	461033	86.914260
17312	鄉長	4	461037	86.915014
17313	鄉野	4	461041	86.915768
17314	量能	4	461045	86.916522
17315	開拍	4	461049	86.917276
17316	開花結果	4	461053	86.918030
17317	開朗	4	461057	86.918784
17318	開埠	4	461061	86.919538
17319	開場	4	461065	86.920292
17320	開發商	4	461069	86.921046
17321	開槍	4	461073	86.921800
17322	開機	4	461077	86.922554
17323	開館	4	461081	86.923308
17324	開懷	4	461085	86.924062
17325	開疆闢土	4	461089	86.924816
17326	閒事	4	461093	86.925570
17327	閒聊	4	461097	86.926324
17328	閒逛	4	461101	86.927078
17329	閒暇	4	461105	86.927832
17330	閒談	4	461109	86.928586
17331	集水區	4	461113	86.929340
17332	集權	4	461117	86.930094
17333	順風	4	461121	86.930848
17334	飯菜	4	461125	86.931602
17335	黃山	4	461129	86.932356
17336	黃金國	4	461133	86.933110
17337	黃復興黨部	4	461137	86.933864
17338	黃種人	4	461141	86.934618
17339	黃蕙清	4	461145	86.935372
17340	黑店狂想曲	4	461149	86.936126
17341	黑狐	4	461153	86.936880
17342	黑金剛	4	461157	86.937634
17343	黑派	4	461161	86.938388
17344	黑塞哥維那	4	461165	86.939142
17345	黑暗期	4	461169	86.939896
17346	亂七八糟	4	461173	86.940650
17347	傳位	4	461177	86.941404
17348	傳教	4	461181	86.942158
17349	傳話	4	461185	86.942912
17350	傾吐	4	461189	86.943666
17351	傾側	4	461193	86.944420
17352	催生	4	461197	86.945174
17353	催眠法	4	461201	86.945928
17354	傷神	4	461205	86.946682
17355	傻子	4	461209	86.947436
17356	勢將	4	461213	86.948190
17357	園林	4	461217	86.948944
17358	圓山飯店	4	461221	86.949698
17359	圓熟	4	461225	86.950452
17360	塞王	4	461229	86.951206
17361	塞西	4	461233	86.951960
17362	塗抹	4	461237	86.952714
17363	塗裝	4	461241	86.953468
17364	填充	4	461245	86.954222
17365	奧國	4	461249	86.954976
17366	奧援	4	461253	86.955730
17367	幹什麼	4	461257	86.956484
17368	幹事	4	461261	86.957238
17369	廉政	4	461265	86.957992
17370	微不足道	4	461269	86.958746
17371	微乎其微	4	461273	86.959500
17372	微醺	4	461277	86.960254
17373	愚昧	4	461281	86.961008
17374	愚笨	4	461285	86.961762
17375	意外的人生	4	461289	86.962516
17376	意料	4	461293	86.963270
17377	意想不到	4	461297	86.964024
17378	慈善機構	4	461301	86.964778
17379	慈禧太后	4	461305	86.965532
17380	愛丁堡	4	461309	86.966286
17381	愛吃	4	461313	86.967040
17382	愛河	4	461317	86.967794
17383	愛戴	4	461321	86.968548
17384	慎選	4	461325	86.969302
17385	搏動	4	461329	86.970056
17386	搜出	4	461333	86.970810
17387	搜查	4	461337	86.971564
17388	損益	4	461341	86.972318
17389	搶親	4	461345	86.973072
17390	搶灘	4	461349	86.973826
17391	搖旗吶喊	4	461353	86.974580
17392	搖滾樂	4	461357	86.975334
17393	搖擺不定	4	461361	86.976088
17394	搗亂	4	461365	86.976842
17395	敬獻臺	4	461369	86.977596
17396	斟酌	4	461373	86.978350
17397	新力	4	461377	86.979104
17398	新中國	4	461381	86.979858
17399	新年畫	4	461385	86.980612
17400	新車型	4	461389	86.981366
17401	新朋友	4	461393	86.982120
17402	新版	4	461397	86.982874
17403	新建	4	461401	86.983628
17404	新家	4	461405	86.984382
17405	新氣象	4	461409	86.985136
17406	新貴	4	461413	86.985890
17407	新路	4	461417	86.986644
17408	新聞記者	4	461421	86.987398
17409	新聞部	4	461425	86.988152
17410	新劇祭	4	461429	86.988906
17411	新銳	4	461433	86.989660
17412	新橋戀人	4	461437	86.990414
17413	新鮮事	4	461441	86.991168
17414	新鮮感	4	461445	86.991922
17415	新職	4	461449	86.992676
17416	新寵兒	4	461453	86.993430
17417	暗流	4	461457	86.994184
17418	暗暗	4	461461	86.994938
17419	暗藏玄機	4	461465	86.995692
17420	暈車	4	461469	86.996446
17421	暈眩	4	461473	86.997200
17422	暖冬	4	461477	86.997954
17423	暖身	4	461481	86.998708
17424	暖意	4	461485	86.999462
17425	會心一笑	4	461489	87.000216
17426	會外賽	4	461493	87.000970
17427	會老堂	4	461497	87.001724
17428	會員國	4	461501	87.002478
17429	會員證	4	461505	87.003232
17430	會期	4	461509	87.003986
17431	業務部	4	461513	87.004740
17432	楔形	4	461517	87.005494
17433	極樂世界	4	461521	87.006248
17434	概括	4	461525	87.007002
17435	楊洋	4	461529	87.007756
17436	楊國宙	4	461533	87.008510
17437	楊梅	4	461537	87.009264
17438	歇業	4	461541	87.010018
17439	殿後	4	461545	87.010772
17440	溯源	4	461549	87.011526
17441	溶化	4	461553	87.012280
17442	源源不絕	4	461557	87.013034
17443	源遠流長	4	461561	87.013788
17444	滅頂	4	461565	87.014542
17445	溺愛	4	461569	87.015296
17446	溫度計	4	461573	87.016050
17447	溫潤	4	461577	87.016804
17448	滑落	4	461581	87.017558
17449	滑稽	4	461585	87.018312
17450	溪頭	4	461589	87.019066
17451	煎餅	4	461593	87.019820
17452	煙毒	4	461597	87.020574
17453	煙癮	4	461601	87.021328
17454	煤港	4	461605	87.022082
17455	煉鋼	4	461609	87.022836
17456	照理說	4	461613	87.023590
17457	照應	4	461617	87.024344
17458	煥然一新	4	461621	87.025098
17459	煥發	4	461625	87.025852
17460	瑯琊山	4	461629	87.026606
17461	瑞士銀行	4	461633	87.027360
17462	當面	4	461637	87.028114
17463	當晚	4	461641	87.028868
17464	當權	4	461645	87.029622
17465	當權者	4	461649	87.030376
17466	畸型	4	461653	87.031130
17467	督學	4	461657	87.031884
17468	睜大	4	461661	87.032638
17469	睥睨	4	461665	87.033392
17470	碎骨	4	461669	87.034146
17471	禁不住	4	461673	87.034900
17472	禁食	4	461677	87.035654
17473	萬分	4	461681	87.036408
17474	萬年	4	461685	87.037162
17475	萬事	4	461689	87.037916
17476	萬芳	4	461693	87.038670
17477	節拍	4	461697	87.039424
17478	粳米	4	461701	87.040178
17479	經不起	4	461705	87.040932
17480	經濟指標	4	461709	87.041686
17481	經濟學者	4	461713	87.042440
17482	綁架	4	461717	87.043194
17483	署名	4	461721	87.043948
17484	義大利文	4	461725	87.044702
17485	義賣會	4	461729	87.045456
17486	群雄	4	461733	87.046210
17487	群體生態美	4	461737	87.046964
17488	聖母	4	461741	87.047718
17489	聖地牙哥	4	461745	87.048472
17490	聖誕樹	4	461749	87.049226
17491	肆虐	4	461753	87.049980
17492	腳尖	4	461757	87.050734
17493	腦神經	4	461761	87.051488
17494	腦筋急轉彎	4	461765	87.052242
17495	落地窗	4	461769	87.052996
17496	落荒而逃	4	461773	87.053750
17497	落魄	4	461777	87.054504
17498	葉榮光	4	461781	87.055258
17499	葛里菲斯	4	461785	87.056012
17500	葡萄糖	4	461789	87.056766
17501	補腦	4	461793	87.057520
17502	裝扮	4	461797	87.058274
17503	裝載	4	461801	87.059028
17504	裝飾品	4	461805	87.059782
17505	解析度	4	461809	87.060536
17506	解毒	4	461813	87.061290
17507	詫異	4	461817	87.062044
17508	詳實	4	461821	87.062798
17509	試問	4	461825	87.063552
17510	試賣	4	461829	87.064306
17511	誠心	4	461833	87.065060
17512	誠摯	4	461837	87.065814
17513	話說	4	461841	87.066568
17514	詭譎	4	461845	87.067322
17515	資本家	4	461849	87.068076
17516	資遣	4	461853	87.068830
17517	賈母	4	461857	87.069584
17518	賈府	4	461861	87.070338
17519	路徑	4	461865	87.071092
17520	跳高	4	461869	87.071846
17521	跳樓	4	461873	87.072600
17522	較量	4	461877	87.073354
17523	載客	4	461881	87.074108
17524	農林	4	461885	87.074862
17525	農婦	4	461889	87.075616
17526	運往	4	461893	87.076370
17527	運動大會	4	461897	87.077124
17528	運動器材	4	461901	87.077878
17529	運貨	4	461905	87.078632
17530	運費	4	461909	87.079386
17531	遊牧民族	4	461913	87.080140
17532	遊憩	4	461917	87.080894
17533	遊歷	4	461921	87.081648
17534	遊戲人	4	461925	87.082402
17535	道士	4	461929	87.083156
17536	達賴	4	461933	87.083910
17537	逼問	4	461937	87.084664
17538	違紀	4	461941	87.085418
17539	過不去	4	461945	87.086172
17540	過早	4	461949	87.086926
17541	過頭	4	461953	87.087680
17542	遍佈	4	461957	87.088434
17543	逾越	4	461961	87.089188
17544	隔開	4	461965	87.089942
17545	雷公	4	461969	87.090696
17546	雷陣雨	4	461973	87.091450
17547	電子股	4	461977	87.092204
17548	電子計算機	4	461981	87.092958
17549	電動車	4	461985	87.093712
17550	電報	4	461989	87.094466
17551	電源	4	461993	87.095220
17552	電話亭	4	461997	87.095974
17553	電話線	4	462001	87.096728
17554	電路	4	462005	87.097482
17555	電影圈	4	462009	87.098236
17556	電影節	4	462013	87.098990
17557	電鍋	4	462017	87.099744
17558	零污染	4	462021	87.100498
17559	零售業	4	462025	87.101252
17560	預付	4	462029	87.102006
17561	頓悟	4	462033	87.102760
17562	飼料	4	462037	87.103514
17563	飽食	4	462041	87.104268
17564	鼓動	4	462045	87.105022
17565	僑胞	4	462049	87.105776
17566	劃一	4	462053	87.106530
17567	厭世	4	462057	87.107284
17568	嘉許	4	462061	87.108038
17569	團長	4	462065	87.108792
17570	團隊精神	4	462069	87.109546
17571	圖文並茂	4	462073	87.110300
17572	圖象	4	462077	87.111054
17573	圖說	4	462081	87.111808
17574	境遇	4	462085	87.112562
17575	奪標	4	462089	87.113316
17576	寥寥可數	4	462093	87.114070
17577	實至名歸	4	462097	87.114824
17578	實實在在	4	462101	87.115578
17579	實績	4	462105	87.116332
17580	寨子	4	462109	87.117086
17581	寢具	4	462113	87.117840
17582	寢室	4	462117	87.118594
17583	對症下藥	4	462121	87.119348
17584	對陣	4	462125	87.120102
17585	對唱	4	462129	87.120856
17586	屢次	4	462133	87.121610
17587	廖士堯	4	462137	87.122364
17588	彰顯	4	462141	87.123118
17589	慢性疲倦症	4	462145	87.123872
17590	慢性淚囊炎	4	462149	87.124626
17591	慘白	4	462153	87.125380
17592	慘劇	4	462157	87.126134
17593	截至	4	462161	87.126888
17594	摘取	4	462165	87.127642
17595	摘錄	4	462169	87.128396
17596	摟住	4	462173	87.129150
17597	敲敲打打	4	462177	87.129904
17598	敲擊	4	462181	87.130658
17599	暢銷書	4	462185	87.131412
17600	榮辱	4	462189	87.132166
17601	榮登	4	462193	87.132920
17602	榴槤	4	462197	87.133674
17603	槍聲	4	462201	87.134428
17604	演奏廳	4	462205	87.135182
17605	滴答	4	462209	87.135936
17606	漠然	4	462213	87.136690
17607	漏水	4	462217	87.137444
17608	漏油	4	462221	87.138198
17609	漢子	4	462225	87.138952
17610	漢字	4	462229	87.139706
17611	漢語	4	462233	87.140460
17612	滿心	4	462237	87.141214
17613	滿布	4	462241	87.141968
17614	滿身	4	462245	87.142722
17615	滿族	4	462249	87.143476
17616	漲升	4	462253	87.144230
17617	漫畫書	4	462257	87.144984
17618	漁村	4	462261	87.145738
17619	熔岩	4	462265	87.146492
17620	熙寧	4	462269	87.147246
17621	煽動	4	462273	87.148000
17622	煽惑	4	462277	87.148754
17623	瑪利灣中心	4	462281	87.149508
17624	瑪帕迪	4	462285	87.150262
17625	盡快	4	462289	87.151016
17626	盡是	4	462293	87.151770
17627	監護員	4	462297	87.152524
17628	睡衣	4	462301	87.153278
17629	睡夢	4	462305	87.154032
17630	磁磚	4	462309	87.154786
17631	碧潭	4	462313	87.155540
17632	碩大	4	462317	87.156294
17633	福田	4	462321	87.157048
17634	福禍	4	462325	87.157802
17635	禍首	4	462329	87.158556
17636	禍福	4	462333	87.159310
17637	稱心	4	462337	87.160064
17638	稱道	4	462341	87.160818
17639	端倪	4	462345	87.161572
17640	端節	4	462349	87.162326
17641	端詳	4	462353	87.163080
17642	管家	4	462357	87.163834
17643	管理學院	4	462361	87.164588
17644	管線	4	462365	87.165342
17645	算命先生	4	462369	87.166096
17646	算命師	4	462373	87.166850
17647	精挑細選	4	462377	87.167604
17648	精神病	4	462381	87.168358
17649	精密度	4	462385	87.169112
17650	精通	4	462389	87.169866
17651	綜合性	4	462393	87.170620
17652	綜合體	4	462397	87.171374
17653	綽綽有餘	4	462401	87.172128
17654	綠豆	4	462405	87.172882
17655	綠珍珠	4	462409	87.173636
17656	綠樹	4	462413	87.174390
17657	綠黨	4	462417	87.175144
17658	緊接著	4	462421	87.175898
17659	綱領	4	462425	87.176652
17660	綿綿	4	462429	87.177406
17661	維多利亞	4	462433	87.178160
17662	翡翠	4	462437	87.178914
17663	聚精會神	4	462441	87.179668
17664	腐朽	4	462445	87.180422
17665	腐壞	4	462449	87.181176
17666	臺中港	4	462453	87.181930
17667	臺北車展	4	462457	87.182684
17668	臺北師範學院	4	462461	87.183438
17669	臺北區	4	462465	87.184192
17670	臺北橋	4	462469	87.184946
17671	臺翔案	4	462473	87.185700
17672	臺灣島	4	462477	87.186454
17673	與民爭利	4	462481	87.187208
17674	與狼共舞	4	462485	87.187962
17675	舞動	4	462489	87.188716
17676	舞劇	4	462493	87.189470
17677	舞碼	4	462497	87.190224
17678	蓄積	4	462501	87.190978
17679	蒙太奇	4	462505	87.191732
17680	蒙古草原	4	462509	87.192486
17681	蒲公英	4	462513	87.193240
17682	蒼翠	4	462517	87.193994
17683	蜻蜓	4	462521	87.194748
17684	蜥蜴	4	462525	87.195502
17685	裹足不前	4	462529	87.196256
17686	裸女	4	462533	87.197010
17687	製作人	4	462537	87.197764
17688	製作業	4	462541	87.198518
17689	製程	4	462545	87.199272
17690	語言障礙	4	462549	87.200026
17691	認得	4	462553	87.200780
17692	誤用	4	462557	87.201534
17693	說來	4	462561	87.202288
17694	誘人	4	462565	87.203042
17695	誘導	4	462569	87.203796
17696	豪傑	4	462573	87.204550
17697	豪邁	4	462577	87.205304
17698	赫茲	4	462581	87.206058
17699	趙傳	4	462585	87.206812
17700	趙耀東	4	462589	87.207566
17701	趕路	4	462593	87.208320
17702	輔導員	4	462597	87.209074
17703	輕而易舉	4	462601	87.209828
17704	輕快	4	462605	87.210582
17705	輕輕鬆鬆	4	462609	87.211336
17706	輕鬆自由	4	462613	87.212090
17707	遙遙領先	4	462617	87.212844
17708	遞減	4	462621	87.213598
17709	鄙夷	4	462625	87.214352
17710	酸痛	4	462629	87.215106
17711	酸楚	4	462633	87.215860
17712	酷哥	4	462637	87.216614
17713	酷熱	4	462641	87.217368
17714	銀子	4	462645	87.218122
17715	銀冕	4	462649	87.218876
17716	銀髮	4	462653	87.219630
17717	銅鼓	4	462657	87.220384
17718	閩南語	4	462661	87.221138
17719	閣揆	4	462665	87.221892
17720	領子	4	462669	87.222646
17721	領養	4	462673	87.223400
17722	魁梧	4	462677	87.224154
17723	魂魄	4	462681	87.224908
17724	鳳凰花	4	462685	87.225662
17725	齊聚一堂	4	462689	87.226416
17726	劇運	4	462693	87.227170
17727	劉后	4	462697	87.227924
17728	劉守成	4	462701	87.228678
17729	劉德華	4	462705	87.229432
17730	噴泉	4	462709	87.230186
17731	噴霧	4	462713	87.230940
17732	增列	4	462717	87.231694
17733	增壓	4	462721	87.232448
17734	嬉戲	4	462725	87.233202
17735	審計	4	462729	87.233956
17736	寫完	4	462733	87.234710
17737	寫詩	4	462737	87.235464
17738	層級	4	462741	87.236218
17739	廢止	4	462745	87.236972
17740	廟會	4	462749	87.237726
17741	廣告代理商	4	462753	87.238480
17742	廣告雜誌	4	462757	87.239234
17743	廣結善緣	4	462761	87.239988
17744	彈孔	4	462765	87.240742
17745	影界	4	462769	87.241496
17746	影評人協會	4	462773	87.242250
17747	影劇	4	462777	87.243004
17748	德克薩斯州	4	462781	87.243758
17749	徵圖	4	462785	87.244512
17750	慶生	4	462789	87.245266
17751	慶良間諸島	4	462793	87.246020
17752	慶賀禮	4	462797	87.246774
17753	憂心忡忡	4	462801	87.247528
17754	憐憫	4	462805	87.248282
17755	撕畫	4	462809	87.249036
17756	撫慰	4	462813	87.249790
17757	敵意	4	462817	87.250544
17758	數一數二	4	462821	87.251298
17759	數次	4	462825	87.252052
17760	數位化	4	462829	87.252806
17761	數落	4	462833	87.253560
17762	數額	4	462837	87.254314
17763	暮色	4	462841	87.255068
17764	樓上	4	462845	87.255822
17765	樂土	4	462849	87.256576
17766	樂此不疲	4	462853	87.257330
17767	樂師	4	462857	87.258084
17768	樂雀	4	462861	87.258838
17769	樂壇	4	462865	87.259592
17770	歐亞大陸	4	462869	87.260346
17771	歐洲太空總署	4	462873	87.261100
17772	歐洲共同體	4	462877	87.261854
17773	歐陽	4	462881	87.262608
17774	毆打	4	462885	87.263362
17775	澄清湖	4	462889	87.264116
17776	潦草	4	462893	87.264870
17777	潔身自好	4	462897	87.265624
17778	潮州	4	462901	87.266378
17779	澎湃	4	462905	87.267132
17780	熟睡	4	462909	87.267886
17781	熱力	4	462913	87.268640
17782	熱空氣氣球	4	462917	87.269394
17783	獎賞	4	462921	87.270148
17784	獎額	4	462925	87.270902
17785	瘟疫	4	462929	87.271656
17786	瘦肉	4	462933	87.272410
17787	瘦長	4	462937	87.273164
17788	瞎子	4	462941	87.273918
17789	磋商	4	462945	87.274672
17790	確診	4	462949	87.275426
17791	箭頭	4	462953	87.276180
17792	練舞	4	462957	87.276934
17793	緝毒	4	462961	87.277688
17794	編組	4	462965	87.278442
17795	緩不濟急	4	462969	87.279196
17796	緩步	4	462973	87.279950
17797	罵人	4	462977	87.280704
17798	膝部	4	462981	87.281458
17799	膠帶	4	462985	87.282212
17800	膚淺	4	462989	87.282966
17801	蓮花池	4	462993	87.283720
17802	蓮蓬	4	462997	87.284474
17803	蔣公	4	463001	87.285228
17804	蝙蝠	4	463005	87.285982
17805	衛浴設備	4	463009	87.286736
17806	衝勁	4	463013	87.287490
17807	衝進	4	463017	87.288244
17808	衝鋒陷陣	4	463021	87.288998
17809	複合	4	463025	87.289752
17810	談及	4	463029	87.290506
17811	談心	4	463033	87.291260
17812	談情說愛	4	463037	87.292014
17813	請安	4	463041	87.292768
17814	請坐	4	463045	87.293522
17815	課外活動	4	463049	87.294276
17816	課外讀物	4	463053	87.295030
17817	課室	4	463057	87.295784
17818	課桌椅	4	463061	87.296538
17819	課輔	4	463065	87.297292
17820	調皮	4	463069	87.298046
17821	調色盤	4	463073	87.298800
17822	調低	4	463077	87.299554
17823	調薪	4	463081	87.300308
17824	誰殺了甘迺迪	4	463085	87.301062
17825	賦詩	4	463089	87.301816
17826	賢慧	4	463093	87.302570
17827	賜宴	4	463097	87.303324
17828	趣聞	4	463101	87.304078
17829	踢毽子	4	463105	87.304832
17830	踩煞車	4	463109	87.305586
17831	踩踏	4	463113	87.306340
17832	輪調	4	463117	87.307094
17833	適逢	4	463121	87.307848
17834	遷居	4	463125	87.308602
17835	遷校	4	463129	87.309356
17836	鄭成功	4	463133	87.310110
17837	鄭重橋	4	463137	87.310864
17838	銷售額	4	463141	87.311618
17839	銷毀	4	463145	87.312372
17840	鋁罐	4	463149	87.313126
17841	鋒面	4	463153	87.313880
17842	鋒頭	4	463157	87.314634
17843	銲藥	4	463161	87.315388
17844	靠攏	4	463165	87.316142
17845	養料	4	463169	87.316896
17846	養殖業	4	463173	87.317650
17847	餘力	4	463177	87.318404
17848	駝背	4	463181	87.319158
17849	駐軍	4	463185	87.319912
17850	駐港	4	463189	87.320666
17851	髮套	4	463193	87.321420
17852	鬧區	4	463197	87.322174
17853	鬧鐘	4	463201	87.322928
17854	墨守成規	4	463205	87.323682
17855	墨索里尼	4	463209	87.324436
17856	齒比	4	463213	87.325190
17857	齒輪比	4	463217	87.325944
17858	凝聚力	4	463221	87.326698
17859	噩運	4	463225	87.327452
17860	壁毯	4	463229	87.328206
17861	墾殖	4	463233	87.328960
17862	壅塞	4	463237	87.329714
17863	奮戰	4	463241	87.330468
17864	學名	4	463245	87.331222
17865	學堂	4	463249	87.331976
17866	學舞	4	463253	87.332730
17867	導師費	4	463257	87.333484
17868	憑據	4	463261	87.334238
17869	戰死	4	463265	87.334992
17870	戰法	4	463269	87.335746
17871	戰鬥機	4	463273	87.336500
17872	戰戰兢兢	4	463277	87.337254
17873	撼動	4	463281	87.338008
17874	擇友	4	463285	87.338762
17875	操心	4	463289	87.339516
17876	操盤人	4	463293	87.340270
17877	撿拾	4	463297	87.341024
17878	整夜	4	463301	87.341778
17879	曇花	4	463305	87.342532
17880	樸拙	4	463309	87.343286
17881	橫紋	4	463313	87.344040
17882	橫陳	4	463317	87.344794
17883	橫渡	4	463321	87.345548
17884	橘子汁	4	463325	87.346302
17885	橘黃色	4	463329	87.347056
17886	樹皮	4	463333	87.347810
17887	樹蔭	4	463337	87.348564
17888	橄欖	4	463341	87.349318
17889	橡皮	4	463345	87.350072
17890	機靈	4	463349	87.350826
17891	歷盡	4	463353	87.351580
17892	濂洞灣	4	463357	87.352334
17893	濃淡	4	463361	87.353088
17894	澳大利亞	4	463365	87.353842
17895	燒陶	4	463369	87.354596
17896	燙手	4	463373	87.355350
17897	燙手山芋	4	463377	87.356104
17898	燃油	4	463381	87.356858
17899	獨占鰲頭	4	463385	87.357612
17900	獨立國協	4	463389	87.358366
17901	獨居	4	463393	87.359120
17902	獨奏	4	463397	87.359874
17903	獨家	4	463401	87.360628
17904	獨裁者	4	463405	87.361382
17905	獨幕劇	4	463409	87.362136
17906	獨樹一幟	4	463413	87.362890
17907	磨坊	4	463417	87.363644
17908	磨擦	4	463421	87.364398
17909	磨難	4	463425	87.365152
17910	磚瓦窯	4	463429	87.365906
17911	築巢	4	463433	87.366660
17912	築路	4	463437	87.367414
17913	縣政	4	463441	87.368168
17914	縣運	4	463445	87.368922
17915	興亡	4	463449	87.369676
17916	興利	4	463453	87.370430
17917	興沖沖	4	463457	87.371184
17918	興師問罪	4	463461	87.371938
17919	興隆	4	463465	87.372692
17920	蕨類	4	463469	87.373446
17921	親授	4	463473	87.374200
17922	親睹	4	463477	87.374954
17923	親潮	4	463481	87.375708
17924	諱言	4	463485	87.376462
17925	謀略	4	463489	87.377216
17926	諧音	4	463493	87.377970
17927	貓咪	4	463497	87.378724
17928	貓熊	4	463501	87.379478
17929	蹂躪	4	463505	87.380232
17930	輸血後肝炎	4	463509	87.380986
17931	辦廠	4	463513	87.381740
17932	選取	4	463517	87.382494
17933	選修	4	463521	87.383248
17934	選擇題	4	463525	87.384002
17935	選舉權	4	463529	87.384756
17936	遲早	4	463533	87.385510
17937	遲鈍	4	463537	87.386264
17938	遲緩	4	463541	87.387018
17939	遼史	4	463545	87.387772
17940	遺事	4	463549	87.388526
17941	遺書	4	463553	87.389280
17942	遺精	4	463557	87.390034
17943	醒吾商專	4	463561	87.390788
17944	錢幣	4	463565	87.391542
17945	鋼梁	4	463569	87.392296
17946	鋼鐵業	4	463573	87.393050
17947	錄取率	4	463577	87.393804
17948	錄音間	4	463581	87.394558
17949	隨心所欲	4	463585	87.395312
17950	隨緣	4	463589	87.396066
17951	隨機	4	463593	87.396820
17952	險象環生	4	463597	87.397574
17953	靜態美	4	463601	87.398328
17954	靜默	4	463605	87.399082
17955	靦腆	4	463609	87.399836
17956	頸動脈	4	463613	87.400590
17957	頭巾	4	463617	87.401344
17958	頭皮屑	4	463621	87.402098
17959	頭條新聞	4	463625	87.402852
17960	頭號	4	463629	87.403606
17961	頭燈	4	463633	87.404360
17962	頹喪	4	463637	87.405114
17963	餐盤	4	463641	87.405868
17964	館子	4	463645	87.406622
17965	駭人	4	463649	87.407376
17966	鴨蛋	4	463653	87.408130
17967	鴨霸	4	463657	87.408884
17968	龍蛇小霸王	4	463661	87.409638
17969	龍潭	4	463665	87.410392
17970	龍蝦	4	463669	87.411146
17971	龜兔賽跑	4	463673	87.411900
17972	優劣	4	463677	87.412654
17973	優游	4	463681	87.413408
17974	優越感	4	463685	87.414162
17975	嚇死人	4	463689	87.414916
17976	壓花	4	463693	87.415670
17977	壓扁	4	463697	87.416424
17978	壓倒	4	463701	87.417178
17979	壓箱	4	463705	87.417932
17980	壓縮機	4	463709	87.418686
17981	應允	4	463713	87.419440
17982	應急	4	463717	87.420194
17983	應驗	4	463721	87.420948
17984	懇切	4	463725	87.421702
17985	戲法	4	463729	87.422456
17986	擦亮	4	463733	87.423210
17987	曖昧	4	463737	87.423964
17988	檢體	4	463741	87.424718
17989	濱臨	4	463745	87.425472
17990	濟助	4	463749	87.426226
17991	濛濛	4	463753	87.426980
17992	濕度	4	463757	87.427734
17993	濕透	4	463761	87.428488
17994	濕潤	4	463765	87.429242
17995	營建業	4	463769	87.429996
17996	營隊	4	463773	87.430750
17997	營業稅	4	463777	87.431504
17998	營養學	4	463781	87.432258
17999	爵士樂	4	463785	87.433012
18000	牆角	4	463789	87.433766
18001	獲致	4	463793	87.434520
18002	環抱	4	463797	87.435274
18003	環狀	4	463801	87.436028
18004	環顧	4	463805	87.436782
18005	瞭如指掌	4	463809	87.437536
18006	簍子	4	463813	87.438290
18007	總成績	4	463817	87.439044
18008	總要	4	463821	87.439798
18009	總量	4	463825	87.440552
18010	總數額	4	463829	87.441306
18011	縱向	4	463833	87.442060
18012	縱谷	4	463837	87.442814
18013	縱情	4	463841	87.443568
18014	縱觀	4	463845	87.444322
18015	繁文縟節	4	463849	87.445076
18016	繁衍	4	463853	87.445830
18017	繁重	4	463857	87.446584
18018	聲光	4	463861	87.447338
18019	聲援	4	463865	87.448092
18020	聲樂	4	463869	87.448846
18021	聲調	4	463873	87.449600
18022	聯合政府	4	463877	87.450354
18023	聯招會	4	463881	87.451108
18024	聯姻	4	463885	87.451862
18025	聯軍	4	463889	87.452616
18026	聯袂	4	463893	87.453370
18027	聯絡員	4	463897	87.454124
18028	膿疱瘡	4	463901	87.454878
18029	膽子	4	463905	87.455632
18030	膽小	4	463909	87.456386
18031	臉蛋	4	463913	87.457140
18032	臉龐	4	463917	87.457894
18033	臨別	4	463921	87.458648
18034	舉一反三	4	463925	87.459402
18035	舉出	4	463929	87.460156
18036	舉重	4	463933	87.460910
18037	舉家	4	463937	87.461664
18038	薄膜電晶體	4	463941	87.462418
18039	薄薄	4	463945	87.463172
18040	褻瀆	4	463949	87.463926
18041	襄理	4	463953	87.464680
18042	謎語	4	463957	87.465434
18043	講義	4	463961	87.466188
18044	講學	4	463965	87.466942
18045	豁然開朗	4	463969	87.467696
18046	賺頭	4	463973	87.468450
18047	購物袋	4	463977	87.469204
18048	購買力	4	463981	87.469958
18049	趨近	4	463985	87.470712
18050	避風港	4	463989	87.471466
18051	避難	4	463993	87.472220
18052	還款	4	463997	87.472974
18053	邀集	4	464001	87.473728
18054	邀請卡	4	464005	87.474482
18055	邀請函	4	464009	87.475236
18056	醣類	4	464013	87.475990
18057	醜小鴨	4	464017	87.476744
18058	鍍金	4	464021	87.477498
18059	錘鍊	4	464025	87.478252
18060	鍾情	4	464029	87.479006
18061	鍛造	4	464033	87.479760
18062	闊葉林	4	464037	87.480514
18063	隱私	4	464041	87.481268
18064	雖是	4	464045	87.482022
18065	顆粒	4	464049	87.482776
18066	鮮奶	4	464053	87.483530
18067	鴻海精密	4	464057	87.484284
18068	點出	4	464061	87.485038
18069	點石齋畫報	4	464065	87.485792
18070	點點滴滴	4	464069	87.486546
18071	擺盪	4	464073	87.487300
18072	擷取	4	464077	87.488054
18073	斷垣殘壁	4	464081	87.488808
18074	斷面	4	464085	87.489562
18075	斷斷續續	4	464089	87.490316
18076	檸檬汁	4	464093	87.491070
18077	歸程	4	464097	87.491824
18078	歸還	4	464101	87.492578
18079	瀋陽	4	464105	87.493332
18080	瀆職	4	464109	87.494086
18081	獵犬	4	464113	87.494840
18082	禮券	4	464117	87.495594
18083	簡樸	4	464121	87.496348
18084	簡牘	4	464125	87.497102
18085	織成	4	464129	87.497856
18086	翻版	4	464133	87.498610
18087	翻轉	4	464137	87.499364
18088	職工	4	464141	87.500118
18089	職志	4	464145	87.500872
18090	職場	4	464149	87.501626
18091	職權	4	464153	87.502380
18092	舊事	4	464157	87.503134
18093	舊制	4	464161	87.503888
18094	舊型	4	464165	87.504642
18095	舊照	4	464169	87.505396
18096	藏文	4	464173	87.506150
18097	藏匿	4	464177	87.506904
18098	薩拉約伏	4	464181	87.507658
18099	藍波	4	464185	87.508412
18100	藉以	4	464189	87.509166
18101	蟬連	4	464193	87.509920
18102	蟲害	4	464197	87.510674
18103	豐田汽車	4	464201	87.511428
18104	贅肉	4	464205	87.512182
18105	轉口	4	464209	87.512936
18106	轉危為安	4	464213	87.513690
18107	轉折	4	464217	87.514444
18108	轉折點	4	464221	87.515198
18109	轉送	4	464225	87.515952
18110	轉眼	4	464229	87.516706
18111	轉運站	4	464233	87.517460
18112	轉戰	4	464237	87.518214
18113	轉機股	4	464241	87.518968
18114	轉圜	4	464245	87.519722
18115	醫務	4	464249	87.520476
18116	鎮江	4	464253	87.521230
18117	鎮靜	4	464257	87.521984
18118	鎮壓	4	464261	87.522738
18119	離鄉背井	4	464265	87.523492
18120	雜費	4	464269	87.524246
18121	雙向	4	464273	87.525000
18122	雙星	4	464277	87.525754
18123	雙魚	4	464281	87.526508
18124	雙親	4	464285	87.527262
18125	雙響炮	4	464289	87.528016
18126	雞尾酒	4	464293	87.528770
18127	鞦韆	4	464297	87.529524
18128	鞭笞	4	464301	87.530278
18129	鞭策	4	464305	87.531032
18130	騎樓	4	464309	87.531786
18131	魏啟林	4	464313	87.532540
18132	鯊魚	4	464317	87.533294
18133	龐然	4	464321	87.534048
18134	曝晒	4	464325	87.534802
18135	爆仗	4	464329	87.535556
18136	爆米花	4	464333	87.536310
18137	簽字筆	4	464337	87.537064
18138	繪出	4	464341	87.537818
18139	羅布泊	4	464345	87.538572
18140	羅列	4	464349	87.539326
18141	羅馬帝國	4	464353	87.540080
18142	羅塔爾	4	464357	87.540834
18143	羅賓漢	4	464361	87.541588
18144	羅鋕鋐	4	464365	87.542342
18145	繳交	4	464369	87.543096
18146	繳費	4	464373	87.543850
18147	藝文界	4	464377	87.544604
18148	藝術季	4	464381	87.545358
18149	藝術性	4	464385	87.546112
18150	藝術電影	4	464389	87.546866
18151	藝廊	4	464393	87.547620
18152	藥用	4	464397	87.548374
18153	證券市場	4	464401	87.549128
18154	證書	4	464405	87.549882
18155	證照	4	464409	87.550636
18156	譏諷	4	464413	87.551390
18157	贈禮	4	464417	87.552144
18158	辭去	4	464421	87.552898
18159	辭呈	4	464425	87.553652
18160	辭退	4	464429	87.554406
18161	鏟子	4	464433	87.555160
18162	關掉	4	464437	87.555914
18163	關連	4	464441	87.556668
18164	關貿總協	4	464445	87.557422
18165	關照	4	464449	87.558176
18166	難倒	4	464453	87.558930
18167	難辦	4	464457	87.559684
18168	難辭其咎	4	464461	87.560438
18169	韻味	4	464465	87.561192
18170	鯨群	4	464469	87.561946
18171	鯨類	4	464473	87.562700
18172	嚴正	4	464477	87.563454
18173	嚴防	4	464481	87.564208
18174	嚴峻	4	464485	87.564962
18175	嚴酷	4	464489	87.565716
18176	寶瓶	4	464493	87.566470
18177	寶劍	4	464497	87.567224
18178	寶藍色	4	464501	87.567978
18179	攔截	4	464505	87.568732
18180	礦坑	4	464509	87.569486
18181	競爭性	4	464513	87.570240
18182	籌畫	4	464517	87.570994
18183	籍田	4	464521	87.571748
18184	繼任	4	464525	87.572502
18185	罌粟花	4	464529	87.573256
18186	艦隊	4	464533	87.574010
18187	蘋果電腦	4	464537	87.574764
18188	蘇丹	4	464541	87.575518
18189	蘇南	4	464545	87.576272
18190	蘇舜賢	4	464549	87.577026
18191	觸媒轉換器	4	464553	87.577780
18192	議場	4	464557	87.578534
18193	警車	4	464561	87.579288
18194	警政署	4	464565	87.580042
18195	警員	4	464569	87.580796
18196	釋懷	4	464573	87.581550
18197	鐘塔	4	464577	87.582304
18198	闡明	4	464581	87.583058
18199	闡述	4	464585	87.583812
18200	飄揚	4	464589	87.584566
18201	飄蕩	4	464593	87.585320
18202	騷擾	4	464597	87.586074
18203	黨工	4	464601	87.586828
18204	黨主席	4	464605	87.587582
18205	攝入	4	464609	87.588336
18206	攝製	4	464613	87.589090
18207	灌水	4	464617	87.589844
18208	纏住	4	464621	87.590598
18209	蘭恩	4	464625	87.591352
18210	護校	4	464629	87.592106
18211	護罩	4	464633	87.592860
18212	躍升	4	464637	87.593614
18213	躍居	4	464641	87.594368
18214	鐵門	4	464645	87.595122
18215	鐵馬	4	464649	87.595876
18216	鐵絲網	4	464653	87.596630
18217	霸王	4	464657	87.597384
18218	霸道	4	464661	87.598138
18219	露一手	4	464665	87.598892
18220	露宿	4	464669	87.599646
18221	顧忌	4	464673	87.600400
18222	驅除	4	464677	87.601154
18223	驅策	4	464681	87.601908
18224	驀然回首	4	464685	87.602662
18225	魔法	4	464689	87.603416
18226	魔鬼總動員	4	464693	87.604170
18227	孿生	4	464697	87.604924
18228	歡欣鼓舞	4	464701	87.605678
18229	歡慶	4	464705	87.606432
18230	癮君子	4	464709	87.607186
18231	籠子	4	464713	87.607940
18232	聽證會	4	464717	87.608694
18233	襯衣	4	464721	87.609448
18234	讀文	4	464725	87.610202
18235	讀者文摘	4	464729	87.610956
18236	讀書人	4	464733	87.611710
18237	驍勇善戰	4	464737	87.612464
18238	攪拌	4	464741	87.613218
18239	蘿蔔乾	4	464745	87.613972
18240	變大	4	464749	87.614726
18241	變化萬千	4	464753	87.615480
18242	變幻	4	464757	87.616234
18243	變賣	4	464761	87.616988
18244	顯眼	4	464765	87.617742
18245	驚叫	4	464769	87.618496
18246	驚恐	4	464773	87.619250
18247	驚魂記	4	464777	87.620004
18248	驚濤駭浪	4	464781	87.620758
18249	體育司	4	464785	87.621512
18250	體諒	4	464789	87.622266
18251	囑咐	4	464793	87.623020
18252	讓位	4	464797	87.623774
18253	靈塔殿	4	464801	87.624528
18254	鷹架	4	464805	87.625282
18255	觀光事業	4	464809	87.626036
18256	觀高	4	464813	87.626790
18257	觀測站	4	464817	87.627544
18258	鑽入	4	464821	87.628298
18259	孢子體	4	464825	87.629052
18260	胺基酸	4	464829	87.629806
18261	掮客	4	464833	87.630560
18262	猝死	4	464837	87.631314
18263	粘膜	4	464841	87.632068
18264	觥籌交錯	4	464845	87.632822
18265	蕁麻疹	4	464849	87.633576
18266	蘄州	4	464853	87.634330
18267	飆車	4	464857	87.635084
18268	鶲鶯	4	464861	87.635838
18269	一分	3	464864	87.636404
18270	一分子	3	464867	87.636970
18271	一日遊	3	464870	87.637536
18272	一本萬利	3	464873	87.638102
18273	一件	3	464876	87.638668
18274	一如既往	3	464879	87.639234
18275	一帆風順	3	464882	87.639800
18276	一早	3	464885	87.640366
18277	一次大戰	3	464888	87.640932
18278	一次次	3	464891	87.641498
18279	一行	3	464894	87.642064
18280	一步步	3	464897	87.642630
18281	一見如故	3	464900	87.643196
18282	一夜	3	464903	87.643762
18283	一致性	3	464906	87.644328
18284	一頁	3	464909	87.644894
18285	一首	3	464912	87.645460
18286	一個人	3	464915	87.646026
18287	一個個	3	464918	87.646592
18288	一展所長	3	464921	87.647158
18289	一時間	3	464924	87.647724
18290	一晃眼	3	464927	87.648290
18291	一般性	3	464930	87.648856
18292	一針見血	3	464933	87.649422
18293	一閃	3	464936	87.649988
18294	一乾二淨	3	464939	87.650554
18295	一掃而空	3	464942	87.651120
18296	一廂情願	3	464945	87.651686
18297	一無所獲	3	464948	87.652252
18298	一筆	3	464951	87.652818
18299	一絲絲	3	464954	87.653384
18300	一意	3	464957	87.653950
18301	一意孤行	3	464960	87.654516
18302	一睹	3	464963	87.655082
18303	一路順風	3	464966	87.655648
18304	一飽眼福	3	464969	87.656214
18305	一團	3	464972	87.656780
18306	一端	3	464975	87.657346
18307	一趟	3	464978	87.657912
18308	一霎那	3	464981	87.658478
18309	一瞬間	3	464984	87.659044
18310	一聲令下	3	464987	87.659610
18311	一臂之力	3	464990	87.660176
18312	一顆	3	464993	87.660742
18313	一竅不通	3	464996	87.661308
18314	七股	3	464999	87.661874
18315	七彩	3	465002	87.662440
18316	七零八落	3	465005	87.663006
18317	九二黑玫瑰對黑玫瑰	3	465008	87.663572
18318	九族文化村	3	465011	87.664138
18319	二十碳五烯酸	3	465014	87.664704
18320	二手煙	3	465017	87.665270
18321	二次革命	3	465020	87.665836
18322	人人有責	3	465023	87.666402
18323	人人自危	3	465026	87.666968
18324	人力車	3	465029	87.667534
18325	人口數	3	465032	87.668100
18326	人仕	3	465035	87.668666
18327	人民公社	3	465038	87.669232
18328	人名	3	465041	87.669798
18329	人次	3	465044	87.670364
18330	人定勝天	3	465047	87.670930
18331	人參	3	465050	87.671496
18332	人腦	3	465053	87.672062
18333	人道主義	3	465056	87.672628
18334	人質	3	465059	87.673194
18335	人頭馬	3	465062	87.673760
18336	入山	3	465065	87.674326
18337	入夜	3	465068	87.674892
18338	入座	3	465071	87.675458
18339	入場券	3	465074	87.676024
18340	入超	3	465077	87.676590
18341	入夢	3	465080	87.677156
18342	入營	3	465083	87.677722
18343	八里坌	3	465086	87.678288
18344	八卦山	3	465089	87.678854
18345	刀片	3	465092	87.679420
18346	刀劍	3	465095	87.679986
18347	刀鋒	3	465098	87.680552
18348	刀頭	3	465101	87.681118
18349	力有未逮	3	465104	87.681684
18350	力克	3	465107	87.682250
18351	力爭	3	465110	87.682816
18352	力挽狂瀾	3	465113	87.683382
18353	十二指腸潰瘍	3	465116	87.683948
18354	十四全黨代表大會	3	465119	87.684514
18355	十項全能	3	465122	87.685080
18356	卜卦	3	465125	87.685646
18357	卜筮	3	465128	87.686212
18358	又會	3	465131	87.686778
18359	三叉神經	3	465134	87.687344
18360	三更半夜	3	465137	87.687910
18361	三昧	3	465140	87.688476
18362	三界	3	465143	87.689042
18363	三重縣	3	465146	87.689608
18364	三商百貨	3	465149	87.690174
18365	三專	3	465152	87.690740
18366	三部曲	3	465155	87.691306
18367	三維空間	3	465158	87.691872
18368	三蘇	3	465161	87.692438
18369	下凡	3	465164	87.693004
18370	下功夫	3	465167	87.693570
18371	下半身	3	465170	87.694136
18372	下田	3	465173	87.694702
18373	下行	3	465176	87.695268
18374	下坡	3	465179	87.695834
18375	下放	3	465182	87.696400
18376	下流	3	465185	87.696966
18377	下風	3	465188	87.697532
18378	下蛋	3	465191	87.698098
18379	下痢	3	465194	87.698664
18380	下顎	3	465197	87.699230
18381	上手	3	465200	87.699796
18382	上好	3	465203	87.700362
18383	上行下效	3	465206	87.700928
18384	上位	3	465209	87.701494
18385	上流社會	3	465212	87.702060
18386	上氣不接下氣	3	465215	87.702626
18387	上報	3	465218	87.703192
18388	上訴	3	465221	87.703758
18389	上溯	3	465224	87.704324
18390	上選	3	465227	87.704890
18391	上癮	3	465230	87.705456
18392	丸藥	3	465233	87.706022
18393	凡人	3	465236	87.706588
18394	凡夫	3	465239	87.707154
18395	久長	3	465242	87.707720
18396	久候	3	465245	87.708286
18397	么兒	3	465248	87.708852
18398	乞食	3	465251	87.709418
18399	千瘡百孔	3	465254	87.709984
18400	口含體溫計	3	465257	87.710550
18401	口述	3	465260	87.711116
18402	口乾	3	465263	87.711682
18403	口渴	3	465266	87.712248
18404	口福	3	465269	87.712814
18405	土木工程	3	465272	87.713380
18406	土生土長	3	465275	87.713946
18407	土地公廟	3	465278	87.714512
18408	土地改革	3	465281	87.715078
18409	土地移轉現值	3	465284	87.715644
18410	土所稅	3	465287	87.716210
18411	土皇帝	3	465290	87.716776
18412	土狼	3	465293	87.717342
18413	士林	3	465296	87.717908
18414	大力士	3	465299	87.718474
18415	大口	3	465302	87.719040
18416	大大地	3	465305	87.719606
18417	大可	3	465308	87.720172
18418	大白鯊	3	465311	87.720738
18419	大地震	3	465314	87.721304
18420	大有年	3	465317	87.721870
18421	大吵大鬧	3	465320	87.722436
18422	大車	3	465323	87.723002
18423	大里	3	465326	87.723568
18424	大兒子	3	465329	87.724134
18425	大呼過癮	3	465332	87.724700
18426	大和號	3	465335	87.725266
18427	大姊	3	465338	87.725832
18428	大放異采	3	465341	87.726398
18429	大放異彩	3	465344	87.726964
18430	大明報	3	465347	87.727530
18431	大客車	3	465350	87.728096
18432	大度路	3	465353	87.728662
18433	大紅大紫	3	465356	87.729228
18434	大英博物館	3	465359	87.729794
18435	大計	3	465362	87.730360
18436	大限	3	465365	87.730926
18437	大哥	3	465368	87.731492
18438	大哥大	3	465371	87.732058
18439	大家族	3	465374	87.732624
18440	大浪	3	465377	87.733190
18441	大馬	3	465380	87.733756
18442	大動脈	3	465383	87.734322
18443	大將	3	465386	87.734888
18444	大張旗鼓	3	465389	87.735454
18445	大排長龍	3	465392	87.736020
18446	大清早	3	465395	87.736586
18447	大眾媒體	3	465398	87.737152
18448	大眾運輸系統	3	465401	87.737718
18449	大陸市場	3	465404	87.738284
18450	大雪	3	465407	87.738850
18451	大麥哲倫雲	3	465410	87.739416
18452	大麻	3	465413	87.739982
18453	大發利市	3	465416	87.740548
18454	大嫂	3	465419	87.741114
18455	大腸桿菌	3	465422	87.741680
18456	大雷雨	3	465425	87.742246
18457	大漢	3	465428	87.742812
18458	大鼻子	3	465431	87.743378
18459	大廚	3	465434	87.743944
18460	大罵	3	465437	87.744510
18461	大學教授	3	465440	87.745076
18462	大學聯考	3	465443	87.745642
18463	大燈	3	465446	87.746208
18464	大戲	3	465449	87.746774
18465	大聲疾呼	3	465452	87.747340
18466	大爆冷門	3	465455	87.747906
18467	大難	3	465458	87.748472
18468	大顯身手	3	465461	87.749038
18469	大驚小怪	3	465464	87.749604
18470	大體	3	465467	87.750170
18471	大觀園	3	465470	87.750736
18472	女人味	3	465473	87.751302
18473	女人香	3	465476	87.751868
18474	女中	3	465479	87.752434
18475	女侍	3	465482	87.753000
18476	女高音	3	465485	87.753566
18477	女將	3	465488	87.754132
18478	女裝	3	465491	87.754698
18479	女歌手	3	465494	87.755264
18480	女嬰	3	465497	87.755830
18481	女體	3	465500	87.756396
18482	子午線	3	465503	87.756962
18483	小女	3	465506	87.757528
18484	小女生	3	465509	87.758094
18485	小山	3	465512	87.758660
18486	小丘	3	465515	87.759226
18487	小仙女	3	465518	87.759792
18488	小包	3	465521	87.760358
18489	小叮噹	3	465524	87.760924
18490	小玉	3	465527	87.761490
18491	小白球	3	465530	87.762056
18492	小耳朵	3	465533	87.762622
18493	小兵	3	465536	87.763188
18494	小村	3	465539	87.763754
18495	小兒麻痺症	3	465542	87.764320
18496	小河沿文化	3	465545	87.764886
18497	小花	3	465548	87.765452
18498	小金門	3	465551	87.766018
18499	小品文	3	465554	87.766584
18500	小星星	3	465557	87.767150
18501	小胖子	3	465560	87.767716
18502	小飛俠	3	465563	87.768282
18503	小馬哥	3	465566	87.768848
18504	小動作	3	465569	87.769414
18505	小圈子	3	465572	87.769980
18506	小圈圈	3	465575	87.770546
18507	小船	3	465578	87.771112
18508	小野	3	465581	87.771678
18509	小喇叭	3	465584	87.772244
18510	小港	3	465587	87.772810
18511	小量	3	465590	87.773376
18512	小黑	3	465593	87.773942
18513	小傳	3	465596	87.774508
18514	小腹	3	465599	87.775074
18515	小鴨	3	465602	87.775640
18516	小嬰兒	3	465605	87.776206
18517	小禮服	3	465608	87.776772
18518	小蟲	3	465611	87.777338
18519	小額	3	465614	87.777904
18520	小寶寶	3	465617	87.778470
18521	小蘇打	3	465620	87.779036
18522	小鑼	3	465623	87.779602
18523	小螯	3	465626	87.780168
18524	山地舞	3	465629	87.780734
18525	山村	3	465632	87.781300
18526	山居歲月	3	465635	87.781866
18527	山岩	3	465638	87.782432
18528	山岳	3	465641	87.782998
18529	山門	3	465644	87.783564
18530	山珍海味	3	465647	87.784130
18531	山勢	3	465650	87.784696
18532	山稜線	3	465653	87.785262
18533	山影	3	465656	87.785828
18534	山窮水盡	3	465659	87.786394
18535	山楂	3	465662	87.786960
18536	工作天	3	465665	87.787526
18537	工作坊	3	465668	87.788092
18538	工作狂	3	465671	87.788658
18539	工欲善其事，必先利其器	3	465674	87.789224
18540	工筆	3	465677	87.789790
18541	工業化	3	465680	87.790356
18542	工業城市	3	465683	87.790922
18543	工業革命	3	465686	87.791488
18544	工齡	3	465689	87.792054
18545	工讀	3	465692	87.792620
18546	已故	3	465695	87.793186
18547	不了了之	3	465698	87.793752
18548	不可置信	3	465701	87.794318
18549	不平	3	465704	87.794884
18550	不平等條約	3	465707	87.795450
18551	不必	3	465710	87.796016
18552	不同	3	465713	87.796582
18553	不成文	3	465716	87.797148
18554	不肖	3	465719	87.797714
18555	不育症	3	465722	87.798280
18556	不省人事	3	465725	87.798846
18557	不倒翁	3	465728	87.799412
18558	不起眼	3	465731	87.799978
18559	不寒而慄	3	465734	87.800544
18560	不絕於耳	3	465737	87.801110
18561	不遠千里	3	465740	87.801676
18562	不諳	3	465743	87.802242
18563	不辭辛勞	3	465746	87.802808
18564	不讓鬚眉	3	465749	87.803374
18565	中小企業處	3	465752	87.803940
18566	中元	3	465755	87.804506
18567	中心點	3	465758	87.805072
18568	中央委員	3	465761	87.805638
18569	中央情報局	3	465764	87.806204
18570	中央黨校	3	465767	87.806770
18571	中正	3	465770	87.807336
18572	中年人	3	465773	87.807902
18573	中西合璧	3	465776	87.808468
18574	中姐	3	465779	87.809034
18575	中油弊案	3	465782	87.809600
18576	中空	3	465785	87.810166
18577	中肯	3	465788	87.810732
18578	中段	3	465791	87.811298
18579	中時晚報	3	465794	87.811864
18580	中租集團	3	465797	87.812430
18581	中國人壽	3	465800	87.812996
18582	中國信託	3	465803	87.813562
18583	中國術數史	3	465806	87.814128
18584	中途之家	3	465809	87.814694
18585	中程	3	465812	87.815260
18586	中華商場	3	465815	87.815826
18587	中華路	3	465818	87.816392
18588	中華銀行	3	465821	87.816958
18589	中華衛星一號	3	465824	87.817524
18590	中軸線	3	465827	87.818090
18591	中階	3	465830	87.818656
18592	中興大學	3	465833	87.819222
18593	丹麥人	3	465836	87.819788
18594	予取予求	3	465839	87.820354
18595	井口	3	465842	87.820920
18596	互異	3	465845	87.821486
18597	互通	3	465848	87.822052
18598	五味	3	465851	87.822618
18599	五星級飯店	3	465854	87.823184
18600	五專聯考	3	465857	87.823750
18601	五彩繽紛	3	465860	87.824316
18602	五穀雜糧	3	465863	87.824882
18603	五顏六色	3	465866	87.825448
18604	五臟	3	465869	87.826014
18605	仁愛	3	465872	87.826580
18606	仇視	3	465875	87.827146
18607	仍未	3	465878	87.827712
18608	今年度	3	465881	87.828278
18609	介於	3	465884	87.828844
18610	元正	3	465887	87.829410
18611	內匠	3	465890	87.829976
18612	內在美	3	465893	87.830542
18613	內廷	3	465896	87.831108
18614	內服	3	465899	87.831674
18615	內疚	3	465902	87.832240
18616	內城	3	465905	87.832806
18617	內宮	3	465908	87.833372
18618	內情	3	465911	87.833938
18619	內蒙古	3	465914	87.834504
18620	內閣制	3	465917	87.835070
18621	內鬨	3	465920	87.835636
18622	公允	3	465923	87.836202
18623	公用	3	465926	87.836768
18624	公用電話	3	465929	87.837334
18625	公共電視	3	465932	87.837900
18626	公共電話	3	465935	87.838466
18627	公有	3	465938	87.839032
18628	公投法	3	465941	87.839598
18629	公保	3	465944	87.840164
18630	公家機關	3	465947	87.840730
18631	公案	3	465950	87.841296
18632	公祭	3	465953	87.841862
18633	公報	3	465956	87.842428
18634	公僕	3	465959	87.842994
18635	公敵	3	465962	87.843560
18636	公器私用	3	465965	87.844126
18637	冗長	3	465968	87.844692
18638	凶手	3	465971	87.845258
18639	凶悍	3	465974	87.845824
18640	分子雲	3	465977	87.846390
18641	分身	3	465980	87.846956
18642	分流	3	465983	87.847522
18643	分紅	3	465986	87.848088
18644	分售	3	465989	87.848654
18645	分會	3	465992	87.849220
18646	分曉	3	465995	87.849786
18647	分機	3	465998	87.850352
18648	分權	3	466001	87.850918
18649	切莫	3	466004	87.851484
18650	切腹	3	466007	87.852050
18651	勻稱	3	466010	87.852616
18652	勾當	3	466013	87.853182
18653	化工系	3	466016	87.853748
18654	化裝	3	466019	87.854314
18655	化膿	3	466022	87.854880
18656	化驗員	3	466025	87.855446
18657	匹敵	3	466028	87.856012
18658	午夜牛郎	3	466031	87.856578
18659	升天	3	466034	87.857144
18660	升等	3	466037	87.857710
18661	升旗典禮	3	466040	87.858276
18662	反比	3	466043	87.858842
18663	反串	3	466046	87.859408
18664	反制	3	466049	87.859974
18665	反社會	3	466052	87.860540
18666	反面	3	466055	87.861106
18667	反臺獨	3	466058	87.861672
18668	反戰	3	466061	87.862238
18669	反轉	3	466064	87.862804
18670	反雛妓	3	466067	87.863370
18671	天生贏家	3	466070	87.863936
18672	天份	3	466073	87.864502
18673	天安門事件	3	466076	87.865068
18674	天成	3	466079	87.865634
18675	天長地久	3	466082	87.866200
18676	天亮	3	466085	87.866766
18677	天秤	3	466088	87.867332
18678	天涯	3	466091	87.867898
18679	天球	3	466094	87.868464
18680	天線	3	466097	87.869030
18681	天鵝湖	3	466100	87.869596
18682	天籟	3	466103	87.870162
18683	太子監國	3	466106	87.870728
18684	太平	3	466109	87.871294
18685	太空科技	3	466112	87.871860
18686	太空劇場	3	466115	87.872426
18687	太座	3	466118	87.872992
18688	太陽眼鏡	3	466121	87.873558
18689	孔雀開屏	3	466124	87.874124
18690	孔道	3	466127	87.874690
18691	少之又少	3	466130	87.875256
18692	少主	3	466133	87.875822
18693	少年郎	3	466136	87.876388
18694	少爺	3	466139	87.876954
18695	巴拉圭	3	466142	87.877520
18696	巴哈馬	3	466145	87.878086
18697	巴洛克	3	466148	87.878652
18698	巴勒斯坦	3	466151	87.879218
18699	巴結	3	466154	87.879784
18700	巴黎人	3	466157	87.880350
18701	幻想畫	3	466160	87.880916
18702	引致	3	466163	87.881482
18703	引擎室	3	466166	87.882048
18704	心上	3	466169	87.882614
18705	心上人	3	466172	87.883180
18706	心甘情願	3	466175	87.883746
18707	心安	3	466178	87.884312
18708	心灰意冷	3	466181	87.884878
18709	心志	3	466184	87.885444
18710	心服口服	3	466187	87.886010
18711	心知肚明	3	466190	87.886576
18712	心軟	3	466193	87.887142
18713	心腸	3	466196	87.887708
18714	心路基金會	3	466199	87.888274
18715	心滿意足	3	466202	87.888840
18716	心語	3	466205	87.889406
18717	心機	3	466208	87.889972
18718	戈壁	3	466211	87.890538
18719	手工業	3	466214	87.891104
18720	手心	3	466217	87.891670
18721	手足	3	466220	87.892236
18722	手推車	3	466223	87.892802
18723	手煞車	3	466226	87.893368
18724	手語	3	466229	87.893934
18725	手稿	3	466232	87.894500
18726	手頭	3	466235	87.895066
18727	支線	3	466238	87.895632
18728	文人畫	3	466241	87.896198
18729	文大	3	466244	87.896764
18730	文火	3	466247	87.897330
18731	文曲星	3	466250	87.897896
18732	文告	3	466253	87.898462
18733	文武百官	3	466256	87.899028
18734	文書處理	3	466259	87.899594
18735	文雅	3	466262	87.900160
18736	文粹	3	466265	87.900726
18737	文學獎	3	466268	87.901292
18738	斤斤計較	3	466271	87.901858
18739	方向感	3	466274	87.902424
18740	方舟	3	466277	87.902990
18741	方芳	3	466280	87.903556
18742	日方	3	466283	87.904122
18743	日用品	3	466286	87.904688
18744	日光燈	3	466289	87.905254
18745	日式	3	466292	87.905820
18746	日行一善	3	466295	87.906386
18747	日晒	3	466298	87.906952
18748	日校	3	466301	87.907518
18749	日記簿	3	466304	87.908084
18750	日僑	3	466307	87.908650
18751	日幣	3	466310	87.909216
18752	日漸	3	466313	87.909782
18753	日誌	3	466316	87.910348
18754	日據時期	3	466319	87.910914
18755	日積月累	3	466322	87.911480
18756	月分	3	466325	87.912046
18757	月刊	3	466328	87.912612
18758	月季花	3	466331	87.913178
18759	月食	3	466334	87.913744
18760	月蝕	3	466337	87.914310
18761	木芍藥	3	466340	87.914876
18762	木架	3	466343	87.915442
18763	木造屋	3	466346	87.916008
18764	木樁	3	466349	87.916574
18765	木磚	3	466352	87.917140
18766	木薯	3	466355	87.917706
18767	止步	3	466358	87.918272
18768	毋庸置疑	3	466361	87.918838
18769	比利海斯	3	466364	87.919404
18770	比哈希錄	3	466367	87.919970
18771	比美	3	466370	87.920536
18772	比畫	3	466373	87.921102
18773	比劃	3	466376	87.921668
18774	比對	3	466379	87.922234
18775	水牛	3	466382	87.922800
18776	水田	3	466385	87.923366
18777	水到渠成	3	466388	87.923932
18778	水泥業	3	466391	87.924498
18779	水柱	3	466394	87.925064
18780	水彩	3	466397	87.925630
18781	水處	3	466400	87.926196
18782	水筆仔	3	466403	87.926762
18783	水塘	3	466406	87.927328
18784	水溫錶	3	466409	87.927894
18785	水窟	3	466412	87.928460
18786	水路	3	466415	87.929026
18787	水漲船高	3	466418	87.929592
18788	水銀燈	3	466421	87.930158
18789	水潭	3	466424	87.930724
18790	水螅蟲	3	466427	87.931290
18791	火山口	3	466430	87.931856
18792	火山灰	3	466433	87.932422
18793	火車票	3	466436	87.932988
18794	火葬塔	3	466439	87.933554
18795	火葬禮	3	466442	87.934120
18796	火辣辣	3	466445	87.934686
18797	火燒車	3	466448	87.935252
18798	父母宮	3	466451	87.935818
18799	父愛	3	466454	87.936384
18800	片名	3	466457	87.936950
18801	牙周炎	3	466460	87.937516
18802	牛肉麵	3	466463	87.938082
18803	牛磺酸	3	466466	87.938648
18804	牛犢	3	466469	87.939214
18805	王公貴族	3	466472	87.939780
18806	王台貝	3	466475	87.940346
18807	王老五	3	466478	87.940912
18808	王孫	3	466481	87.941478
18809	王祖賢	3	466484	87.942044
18810	王傑	3	466487	87.942610
18811	王牌	3	466490	87.943176
18812	王童	3	466493	87.943742
18813	王震	3	466496	87.944308
18814	王錦樹	3	466499	87.944874
18815	世界博覽會	3	466502	87.945440
18816	世界銀行	3	466505	87.946006
18817	世貿大樓	3	466508	87.946572
18818	世態	3	466511	87.947138
18819	世鐸	3	466514	87.947704
18820	丕變	3	466517	87.948270
18821	且末	3	466520	87.948836
18822	主旨	3	466523	87.949402
18823	主見	3	466526	87.949968
18824	主事者	3	466529	87.950534
18825	主唱	3	466532	87.951100
18826	主控	3	466535	87.951666
18827	主畫面	3	466538	87.952232
18828	主標題	3	466541	87.952798
18829	主辦權	3	466544	87.953364
18830	主題館	3	466547	87.953930
18831	以至於	3	466550	87.954496
18832	仕女	3	466553	87.955062
18833	代主席	3	466556	87.955628
18834	代代相傳	3	466559	87.956194
18835	代稱	3	466562	87.956760
18836	代課老師	3	466565	87.957326
18837	仙人	3	466568	87.957892
18838	仙女	3	466571	87.958458
18839	兄弟隊	3	466574	87.959024
18840	冬日	3	466577	87.959590
18841	冬衣	3	466580	87.960156
18842	冬眠	3	466583	87.960722
18843	凹洞	3	466586	87.961288
18844	出人意表	3	466589	87.961854
18845	出口處	3	466592	87.962420
18846	出版界	3	466595	87.962986
18847	出版業	3	466598	87.963552
18848	出狀況	3	466601	87.964118
18849	出風頭	3	466604	87.964684
18850	出眾	3	466607	87.965250
18851	出處	3	466610	87.965816
18852	出價	3	466613	87.966382
18853	出戰	3	466616	87.966948
18854	出錢出力	3	466619	87.967514
18855	出糗	3	466622	87.968080
18856	凸透鏡	3	466625	87.968646
18857	刊行	3	466628	87.969212
18858	加勒比海	3	466631	87.969778
18859	加勒普狄斯	3	466634	87.970344
18860	加國	3	466637	87.970910
18861	加註	3	466640	87.971476
18862	加盟店	3	466643	87.972042
18863	加滿	3	466646	87.972608
18864	加蓋	3	466649	87.973174
18865	加壓	3	466652	87.973740
18866	加薪	3	466655	87.974306
18867	功成身退	3	466658	87.974872
18868	功利	3	466661	87.975438
18869	功利主義	3	466664	87.976004
18870	包裝水	3	466667	87.976570
18871	包裝紙	3	466670	87.977136
18872	包羅萬象	3	466673	87.977702
18873	北一女	3	466676	87.978268
18874	北斗星	3	466679	87.978834
18875	北伐	3	466682	87.979400
18876	北回歸線	3	466685	87.979966
18877	北京人	3	466688	87.980532
18878	北京市	3	466691	87.981098
18879	北京城	3	466694	87.981664
18880	北門	3	466697	87.982230
18881	北海道紅狐	3	466700	87.982796
18882	北港	3	466703	87.983362
18883	半人馬座	3	466706	87.983928
18884	半山	3	466709	87.984494
18885	半空	3	466712	87.985060
18886	半屏山	3	466715	87.985626
18887	半專制	3	466718	87.986192
18888	半透明	3	466721	87.986758
18889	半圓形	3	466724	87.987324
18890	半職	3	466727	87.987890
18891	卡法托斯	3	466730	87.988456
18892	卡門	3	466733	87.989022
18893	卡洛	3	466736	87.989588
18894	卡帶	3	466739	87.990154
18895	占星術	3	466742	87.990720
18896	占星學	3	466745	87.991286
18897	卯足全力	3	466748	87.991852
18898	去逝	3	466751	87.992418
18899	去勢	3	466754	87.992984
18900	去意	3	466757	87.993550
18901	可否	3	466760	87.994116
18902	可取	3	466763	87.994682
18903	可怖	3	466766	87.995248
18904	可信度	3	466769	87.995814
18905	可恥	3	466772	87.996380
18906	可耕地	3	466775	87.996946
18907	可喜	3	466778	87.997512
18908	可敬	3	466781	87.998078
18909	古巴島	3	466784	87.998644
18910	古文明	3	466787	87.999210
18911	古典文學	3	466790	87.999776
18912	古典主義	3	466793	88.000342
18913	古典芭蕾	3	466796	88.000908
18914	古板	3	466799	88.001474
18915	古厝	3	466802	88.002040
18916	古時	3	466805	88.002606
18917	古意	3	466808	88.003172
18918	古廟	3	466811	88.003738
18919	叮咬	3	466814	88.004304
18920	司法制度	3	466817	88.004870
18921	司馬光	3	466820	88.005436
18922	叫號	3	466823	88.006002
18923	只剩	3	466826	88.006568
18924	史托克	3	466829	88.007134
18925	史特龍	3	466832	88.007700
18926	史溫候	3	466835	88.008266
18927	史詩	3	466838	88.008832
18928	史擷詠	3	466841	88.009398
18929	台翔	3	466844	88.009964
18930	句號	3	466847	88.010530
18931	四月	3	466850	88.011096
18932	四門三廂	3	466853	88.011662
18933	四面	3	466856	88.012228
18934	四起	3	466859	88.012794
18935	四輪獨立麥弗遜支柱式	3	466862	88.013360
18936	四邊形	3	466865	88.013926
18937	囚室	3	466868	88.014492
18938	外省籍	3	466871	88.015058
18939	外相	3	466874	88.015624
18940	外祖父	3	466877	88.016190
18941	外部性	3	466880	88.016756
18942	外貿協會	3	466883	88.017322
18943	外間	3	466886	88.017888
18944	外號	3	466889	88.018454
18945	外縣市	3	466892	88.019020
18946	失色	3	466895	88.019586
18947	失掉	3	466898	88.020152
18948	失勢	3	466901	88.020718
18949	失竊	3	466904	88.021284
18950	奶媽	3	466907	88.021850
18951	尼加拉瀑布	3	466910	88.022416
18952	尼尼微	3	466913	88.022982
18953	尼游	3	466916	88.023548
18954	巨人隊	3	466919	88.024114
18955	巨木	3	466922	88.024680
18956	巨石	3	466925	88.025246
18957	巨蛇	3	466928	88.025812
18958	巨著	3	466931	88.026378
18959	巨頭	3	466934	88.026944
18960	巨獸	3	466937	88.027510
18961	巨響	3	466940	88.028076
18962	巧奪天工	3	466943	88.028642
18963	左心室	3	466946	88.029208
18964	左右逢源	3	466949	88.029774
18965	左派	3	466952	88.030340
18966	市地	3	466955	88.030906
18967	市況	3	466958	88.031472
18968	市場區隔	3	466961	88.032038
18969	市圖	3	466964	88.032604
18970	布幔	3	466967	88.033170
18971	布鞋	3	466970	88.033736
18972	布魯塞爾	3	466973	88.034302
18973	平心而論	3	466976	88.034868
18974	平平安安	3	466979	88.035434
18975	平生	3	466982	88.036000
18976	平行線	3	466985	88.036566
18977	平均地權	3	466988	88.037132
18978	平放	3	466991	88.037698
18979	平直	3	466994	88.038264
18980	平面媒體	3	466997	88.038830
18981	平湖	3	467000	88.039396
18982	平衡點	3	467003	88.039962
18983	平鑫濤	3	467006	88.040528
18984	幼子	3	467009	88.041094
18985	幼師	3	467012	88.041660
18986	幼稚性	3	467015	88.042226
18987	必能	3	467018	88.042792
18988	必勝	3	467021	88.043358
18989	打勾勾	3	467024	88.043924
18990	打包	3	467027	88.044490
18991	打字	3	467030	88.045056
18992	打坐	3	467033	88.045622
18993	打折扣	3	467036	88.046188
18994	打官司	3	467039	88.046754
18995	打盹	3	467042	88.047320
18996	打探	3	467045	88.047886
18997	打通	3	467048	88.048452
18998	打魚	3	467051	88.049018
18999	打跳	3	467054	88.049584
19000	打電報	3	467057	88.050150
19001	打網球	3	467060	88.050716
19002	打廣告	3	467063	88.051282
19003	打擊樂	3	467066	88.051848
19004	打擊樂團	3	467069	88.052414
19005	打點滴	3	467072	88.052980
19006	打獵	3	467075	88.053546
19007	打鐵趁熱	3	467078	88.054112
19008	扔掉	3	467081	88.054678
19009	旦夕	3	467084	88.055244
19010	本世紀	3	467087	88.055810
19011	本末倒置	3	467090	88.056376
19012	未卜先知	3	467093	88.056942
19013	未見	3	467096	88.057508
19014	未來型	3	467099	88.058074
19015	未婚妻	3	467102	88.058640
19016	未婚媽媽	3	467105	88.059206
19017	未達	3	467108	88.059772
19018	末年	3	467111	88.060338
19019	札格拉布	3	467114	88.060904
19020	札記	3	467117	88.061470
19021	札達爾	3	467120	88.062036
19022	正逢	3	467123	88.062602
19023	正途	3	467126	88.063168
19024	正義感	3	467129	88.063734
19025	正路	3	467132	88.064300
19026	正點	3	467135	88.064866
19027	正廳	3	467138	88.065432
19028	母公司	3	467141	88.065998
19029	母奶	3	467144	88.066564
19030	民主社會	3	467147	88.067130
19031	民主風度	3	467150	88.067696
19032	民初	3	467153	88.068262
19033	民風	3	467156	88.068828
19034	民宿	3	467159	88.069394
19035	民情	3	467162	88.069960
19036	民族意識	3	467165	88.070526
19037	民族舞蹈	3	467168	88.071092
19038	民報	3	467171	88.071658
19039	民藝	3	467174	88.072224
19040	民權	3	467177	88.072790
19041	永樂	3	467180	88.073356
19042	永興軍	3	467183	88.073922
19043	犯規	3	467186	88.074488
19044	瓜分	3	467189	88.075054
19045	瓜葛	3	467192	88.075620
19046	瓦楞紙	3	467195	88.076186
19047	甘油	3	467198	88.076752
19048	甘苦談	3	467201	88.077318
19049	甘藷	3	467204	88.077884
19050	生化	3	467207	88.078450
19051	生母	3	467210	88.079016
19052	生甘草	3	467213	88.079582
19053	生存率	3	467216	88.080148
19054	生存權	3	467219	88.080714
19055	生老病死	3	467222	88.081280
19056	生辰	3	467225	88.081846
19057	生物圈	3	467228	88.082412
19058	生活化	3	467231	88.082978
19059	生計	3	467234	88.083544
19060	生殖器疣	3	467237	88.084110
19061	生態系	3	467240	88.084676
19062	生龍活虎	3	467243	88.085242
19063	生鏽	3	467246	88.085808
19064	用於	3	467249	88.086374
19065	用益法	3	467252	88.086940
19066	用量	3	467255	88.087506
19067	田園教學	3	467258	88.088072
19068	田漢	3	467261	88.088638
19069	甲狀腺	3	467264	88.089204
19070	甲骨文	3	467267	88.089770
19071	申請人	3	467270	88.090336
19072	申請案	3	467273	88.090902
19073	白內障	3	467276	88.091468
19074	白手套	3	467279	88.092034
19075	白日	3	467282	88.092600
19076	白日夢	3	467285	88.093166
19077	白白胖胖	3	467288	88.093732
19078	白先勇	3	467291	88.094298
19079	白色念珠菌症	3	467294	88.094864
19080	白報紙	3	467297	88.095430
19081	白菜	3	467300	88.095996
19082	白話	3	467303	88.096562
19083	白貓	3	467306	88.097128
19084	白頭	3	467309	88.097694
19085	白牆	3	467312	88.098260
19086	白鵝	3	467315	88.098826
19087	白鯨	3	467318	88.099392
19088	白蘭地	3	467321	88.099958
19089	皮下脂肪	3	467324	88.100524
19090	皮埃	3	467327	88.101090
19091	皮靴	3	467330	88.101656
19092	皮爾卡登	3	467333	88.102222
19093	矢野道雄	3	467336	88.102788
19094	石子	3	467339	88.103354
19095	石井聰亙	3	467342	88.103920
19096	石油工會	3	467345	88.104486
19097	石雨傘	3	467348	88.105052
19098	石破天驚	3	467351	88.105618
19099	石級	3	467354	88.106184
19100	石牌	3	467357	88.106750
19101	石器時代	3	467360	88.107316
19102	示愛	3	467363	88.107882
19103	示警	3	467366	88.108448
19104	立功	3	467369	88.109014
19105	立法局	3	467372	88.109580
19106	立陶宛	3	467375	88.110146
19107	立意	3	467378	88.110712
19108	立體音響	3	467381	88.111278
19109	丟臉	3	467384	88.111844
19110	乒乓	3	467387	88.112410
19111	交互	3	467390	88.112976
19112	交通網	3	467393	88.113542
19113	交通銀行	3	467396	88.114108
19114	交通警察	3	467399	88.114674
19115	交錢	3	467402	88.115240
19116	交點	3	467405	88.115806
19117	仿古	3	467408	88.116372
19118	伊利亞德	3	467411	88.116938
19119	伊朗－尼游	3	467414	88.117504
19120	伊莉莎白泰勒	3	467417	88.118070
19121	伊斯蘭	3	467420	88.118636
19122	伐木	3	467423	88.119202
19123	休止符	3	467426	88.119768
19124	休想	3	467429	88.120334
19125	休養	3	467432	88.120900
19126	任用	3	467435	88.121466
19127	任由	3	467438	88.122032
19128	任性	3	467441	88.122598
19129	仰臥	3	467444	88.123164
19130	光合作用	3	467447	88.123730
19131	光怪陸離	3	467450	88.124296
19132	光彩奪目	3	467453	88.124862
19133	光棍	3	467456	88.125428
19134	光陽	3	467459	88.125994
19135	光熱	3	467462	88.126560
19136	光環	3	467465	88.127126
19137	先入為主	3	467468	88.127692
19138	先天性	3	467471	88.128258
19139	先住民	3	467474	88.128824
19140	先見之明	3	467477	88.129390
19141	全天候	3	467480	88.129956
19142	全功能	3	467483	88.130522
19143	全市	3	467486	88.131088
19144	全民健康保險	3	467489	88.131654
19145	全民運動	3	467492	88.132220
19146	全自動	3	467495	88.132786
19147	全城	3	467498	88.133352
19148	全軍覆沒	3	467501	88.133918
19149	全島	3	467504	88.134484
19150	全時四輪驅動	3	467507	88.135050
19151	全班	3	467510	88.135616
19152	全速	3	467513	88.136182
19153	全集	3	467516	88.136748
19154	全貌	3	467519	88.137314
19155	全憑	3	467522	88.137880
19156	全館	3	467525	88.138446
19157	全權	3	467528	88.139012
19158	共同點	3	467531	88.139578
19159	共度	3	467534	88.140144
19160	共產派	3	467537	88.140710
19161	共處	3	467540	88.141276
19162	共榮	3	467543	88.141842
19163	共賞	3	467546	88.142408
19164	冰水	3	467549	88.142974
19165	冰原	3	467552	88.143540
19166	冰期	3	467555	88.144106
19167	冰雹	3	467558	88.144672
19168	冰隙	3	467561	88.145238
19169	列隊	3	467564	88.145804
19170	列管	3	467567	88.146370
19171	刑法	3	467570	88.146936
19172	刑期	3	467573	88.147502
19173	划不來	3	467576	88.148068
19174	匠心獨具	3	467579	88.148634
19175	印制	3	467582	88.149200
19176	印象主義	3	467585	88.149766
19177	危機四伏	3	467588	88.150332
19178	危險期	3	467591	88.150898
19179	吉百齡	3	467594	88.151464
19180	吉姆	3	467597	88.152030
19181	吉林	3	467600	88.152596
19182	同名	3	467603	88.153162
19183	同在	3	467606	88.153728
19184	同好	3	467609	88.154294
19185	同堂	3	467612	88.154860
19186	同等	3	467615	88.155426
19187	同業公會	3	467618	88.155992
19188	同種	3	467621	88.156558
19189	同學會	3	467624	88.157124
19190	同體	3	467627	88.157690
19191	吊詭	3	467630	88.158256
19192	吊橋	3	467633	88.158822
19193	吐出	3	467636	88.159388
19194	吐露	3	467639	88.159954
19195	各色	3	467642	88.160520
19196	各組	3	467645	88.161086
19197	各樣	3	467648	88.161652
19198	名利雙收	3	467651	88.162218
19199	名門	3	467654	88.162784
19200	名產	3	467657	88.163350
19201	名符其實	3	467660	88.163916
19202	名劇	3	467663	88.164482
19203	合法化	3	467666	88.165048
19204	合法性	3	467669	88.165614
19205	合金	3	467672	88.166180
19206	合情合理	3	467675	88.166746
19207	后羿	3	467678	88.167312
19208	后座	3	467681	88.167878
19209	吆喝	3	467684	88.168444
19210	因禍得福	3	467687	88.169010
19211	回身	3	467690	88.169576
19212	回函	3	467693	88.170142
19213	回到未來	3	467696	88.170708
19214	回銷	3	467699	88.171274
19215	回頭見	3	467702	88.171840
19216	回鍋	3	467705	88.172406
19217	囝仔	3	467708	88.172972
19218	地下投資公司	3	467711	88.173538
19219	地方自治	3	467714	88.174104
19220	地目	3	467717	88.174670
19221	地洞	3	467720	88.175236
19222	地院	3	467723	88.175802
19223	地墊	3	467726	88.176368
19224	地磁	3	467729	88.176934
19225	地質學	3	467732	88.177500
19226	地質學家	3	467735	88.178066
19227	在所不惜	3	467738	88.178632
19228	在臺協會	3	467741	88.179198
19229	多元性	3	467744	88.179764
19230	多方	3	467747	88.180330
19231	多米諾系統	3	467750	88.180896
19232	多事之秋	3	467753	88.181462
19233	多病	3	467756	88.182028
19234	多彩	3	467759	88.182594
19235	多細胞生物	3	467762	88.183160
19236	多頭	3	467765	88.183726
19237	多頭市場	3	467768	88.184292
19238	多謝	3	467771	88.184858
19239	奸商	3	467774	88.185424
19240	妃嬪	3	467777	88.185990
19241	好日子	3	467780	88.186556
19242	好歹	3	467783	88.187122
19243	好逸惡勞	3	467786	88.187688
19244	好運	3	467789	88.188254
19245	好學	3	467792	88.188820
19246	好學生	3	467795	88.189386
19247	如常	3	467798	88.189952
19248	如魚得水	3	467801	88.190518
19249	如雷貫耳	3	467804	88.191084
19250	字正腔圓	3	467807	88.191650
19251	字音	3	467810	88.192216
19252	存心	3	467813	88.192782
19253	存放款	3	467816	88.193348
19254	存留	3	467819	88.193914
19255	存單	3	467822	88.194480
19256	存摺	3	467825	88.195046
19257	存疑	3	467828	88.195612
19258	守住	3	467831	88.196178
19259	安平	3	467834	88.196744
19260	安全系統	3	467837	88.197310
19261	安全門	3	467840	88.197876
19262	安全帶緊縮器	3	467843	88.198442
19263	安全期	3	467846	88.199008
19264	安全檢查	3	467849	88.199574
19265	安地斯山脈	3	467852	88.200140
19266	安身立命	3	467855	88.200706
19267	安定感	3	467858	88.201272
19268	安居樂業	3	467861	88.201838
19269	安南區	3	467864	88.202404
19270	安娜卡麗娜	3	467867	88.202970
19271	安葬	3	467870	88.203536
19272	安麗	3	467873	88.204102
19273	年分	3	467876	88.204668
19274	年收入	3	467879	88.205234
19275	年產	3	467882	88.205800
19276	年產值	3	467885	88.206366
19277	年終獎金	3	467888	88.206932
19278	年華	3	467891	88.207498
19279	年羹堯	3	467894	88.208064
19280	式樣	3	467897	88.208630
19281	成交值	3	467900	88.209196
19282	成交量	3	467903	88.209762
19283	成衣廠	3	467906	88.210328
19284	成見	3	467909	88.210894
19285	成軍	3	467912	88.211460
19286	成婚	3	467915	88.212026
19287	成對	3	467918	88.212592
19288	成體	3	467921	88.213158
19289	扣除	3	467924	88.213724
19290	托兒	3	467927	88.214290
19291	托福	3	467930	88.214856
19292	收工	3	467933	88.215422
19293	收受	3	467936	88.215988
19294	收押	3	467939	88.216554
19295	收割	3	467942	88.217120
19296	收款	3	467945	88.217686
19297	收發員	3	467948	88.218252
19298	收盤	3	467951	88.218818
19299	收編	3	467954	88.219384
19300	收獲	3	467957	88.219950
19301	收藏品	3	467960	88.220516
19302	早產	3	467963	88.221082
19303	早熟	3	467966	88.221648
19304	旭日東昇	3	467969	88.222214
19305	曲高和寡	3	467972	88.222780
19306	曲終人散	3	467975	88.223346
19307	曲軸	3	467978	88.223912
19308	有口皆碑	3	467981	88.224478
19309	有去無回	3	467984	88.225044
19310	有可能	3	467987	88.225610
19311	有志一同	3	467990	88.226176
19312	有志者事竟成	3	467993	88.226742
19313	有求必應	3	467996	88.227308
19314	有約	3	467999	88.227874
19315	有望	3	468002	88.228440
19316	有備無患	3	468005	88.229006
19317	有跡可循	3	468008	88.229572
19318	有過之而無不及	3	468011	88.230138
19319	有線電視法	3	468014	88.230704
19320	有線廣播電視法	3	468017	88.231270
19321	有禮	3	468020	88.231836
19322	朱自清	3	468023	88.232402
19323	朱銘	3	468026	88.232968
19324	次文化	3	468029	88.233534
19325	次於	3	468032	88.234100
19326	次第	3	468035	88.234666
19327	死灰復燃	3	468038	88.235232
19328	死角	3	468041	88.235798
19329	死活	3	468044	88.236364
19330	死寂	3	468047	88.236930
19331	死掉	3	468050	88.237496
19332	汗顏	3	468053	88.238062
19333	汙染源	3	468056	88.238628
19334	江中	3	468059	88.239194
19335	江寧	3	468062	88.239760
19336	江輝雄	3	468065	88.240326
19337	池底	3	468068	88.240892
19338	灰白	3	468071	88.241458
19339	灰衣人瑣記	3	468074	88.242024
19340	百日咳	3	468077	88.242590
19341	百吃不厭	3	468080	88.243156
19342	百毒不侵	3	468083	88.243722
19343	百倍	3	468086	88.244288
19344	百萬富翁	3	468089	88.244854
19345	竹筒	3	468092	88.245420
19346	米老鼠	3	468095	88.245986
19347	米蘭	3	468098	88.246552
19348	羊齒植物	3	468101	88.247118
19349	羽球場	3	468104	88.247684
19350	老人福利	3	468107	88.248250
19351	老么	3	468110	88.248816
19352	老少咸宜	3	468113	88.249382
19353	老父	3	468116	88.249948
19354	老字號	3	468119	88.250514
19355	老年性痴呆	3	468122	88.251080
19356	老朽	3	468125	88.251646
19357	老伯	3	468128	88.252212
19358	老房子	3	468131	88.252778
19359	老者	3	468134	88.253344
19360	老師傅	3	468137	88.253910
19361	老婆婆	3	468140	88.254476
19362	老將	3	468143	88.255042
19363	老掉牙	3	468146	88.255608
19364	老實人	3	468149	88.256174
19365	老實說	3	468152	88.256740
19366	老頭	3	468155	88.257306
19367	考古題	3	468158	88.257872
19368	考究	3	468161	88.258438
19369	考卷	3	468164	88.259004
19370	考取	3	468167	88.259570
19371	考查	3	468170	88.260136
19372	考倒	3	468173	88.260702
19373	考區	3	468176	88.261268
19374	耳濡目染	3	468179	88.261834
19375	臣下	3	468182	88.262400
19376	自己人	3	468185	88.262966
19377	自不待言	3	468188	88.263532
19378	自甘墮落	3	468191	88.264098
19379	自由日	3	468194	88.264664
19380	自忖	3	468197	88.265230
19381	自有	3	468200	88.265796
19382	自有固定資產	3	468203	88.266362
19383	自戕	3	468206	88.266928
19384	自治市	3	468209	88.267494
19385	自知之明	3	468212	88.268060
19386	自信滿滿	3	468215	88.268626
19387	自重	3	468218	88.269192
19388	自修	3	468221	88.269758
19389	自得其樂	3	468224	88.270324
19390	自排車型	3	468227	88.270890
19391	自排型	3	468230	88.271456
19392	自救	3	468233	88.272022
19393	自救會	3	468236	88.272588
19394	自組	3	468239	88.273154
19395	自習	3	468242	88.273720
19396	自備款	3	468245	88.274286
19397	自尊心	3	468248	88.274852
19398	自尋煩惱	3	468251	88.275418
19399	自欺	3	468254	88.275984
19400	自然科	3	468257	88.276550
19401	自然美	3	468260	88.277116
19402	自發	3	468263	88.277682
19403	自發性	3	468266	88.278248
19404	自圓其說	3	468269	88.278814
19405	自愛	3	468272	88.279380
19406	自誇	3	468275	88.279946
19407	自憐	3	468278	88.280512
19408	自轉	3	468281	88.281078
19409	色素粒	3	468284	88.281644
19410	艾莉安	3	468287	88.282210
19411	艾爾	3	468290	88.282776
19412	艾薩克	3	468293	88.283342
19413	血友病	3	468296	88.283908
19414	血肉	3	468299	88.284474
19415	血色	3	468302	88.285040
19416	血洗	3	468305	88.285606
19417	血紅	3	468308	88.286172
19418	血紅蛋白	3	468311	88.286738
19419	血製品	3	468314	88.287304
19420	行文	3	468317	88.287870
19421	行為能力	3	468320	88.288436
19422	行動電話	3	468323	88.289002
19423	行號	3	468326	88.289568
19424	衣帶	3	468329	88.290134
19425	衣袋	3	468332	88.290700
19426	衣褲	3	468335	88.291266
19427	衣襟	3	468338	88.291832
19428	西元前	3	468341	88.292398
19429	西印度群島	3	468344	88.292964
19430	西伯利亞金花鼠	3	468347	88.293530
19431	西亞	3	468350	88.294096
19432	西京	3	468353	88.294662
19433	西門	3	468356	88.295228
19434	西南方	3	468359	88.295794
19435	西南部	3	468362	88.296360
19436	西洋人	3	468365	88.296926
19437	西風	3	468368	88.297492
19438	西夏	3	468371	88.298058
19439	西席地密爾	3	468374	88.298624
19440	西喇沐淪河	3	468377	88.299190
19441	西畫	3	468380	88.299756
19442	西寧	3	468383	88.300322
19443	西維	3	468386	88.300888
19444	西醫	3	468389	88.301454
19445	串通	3	468392	88.302020
19446	位移	3	468395	88.302586
19447	住房率	3	468398	88.303152
19448	住屋	3	468401	88.303718
19449	伴星	3	468404	88.304284
19450	佛祖	3	468407	88.304850
19451	佛堂	3	468410	88.305416
19452	何智輝	3	468413	88.305982
19453	估量	3	468416	88.306548
19454	估價	3	468419	88.307114
19455	伺機性感染	3	468422	88.307680
19456	伸縮縫	3	468425	88.308246
19457	作詩	3	468428	88.308812
19458	作廢	3	468431	88.309378
19459	作證	3	468434	88.309944
19460	你來我往	3	468437	88.310510
19461	伯尼埃	3	468440	88.311076
19462	低收入	3	468443	88.311642
19463	低吟	3	468446	88.312208
19464	低俗	3	468449	88.312774
19465	低品質	3	468452	88.313340
19466	低度	3	468455	88.313906
19467	低氣壓	3	468458	88.314472
19468	低價位	3	468461	88.315038
19469	低調	3	468464	88.315604
19470	伶俐	3	468467	88.316170
19471	余家班	3	468470	88.316736
19472	余遠猛	3	468473	88.317302
19473	克耳文	3	468476	88.317868
19474	克孜爾	3	468479	88.318434
19475	免於	3	468482	88.319000
19476	免疫功能	3	468485	88.319566
19477	兵船	3	468488	88.320132
19478	兵源	3	468491	88.320698
19479	兵團	3	468494	88.321264
19480	兵權	3	468497	88.321830
19481	冶豔	3	468500	88.322396
19482	冷水澡	3	468503	88.322962
19483	冷血	3	468506	88.323528
19484	冷杉林	3	468509	88.324094
19485	冷卻爐	3	468512	88.324660
19486	冷宮	3	468515	88.325226
19487	冷笑	3	468518	88.325792
19488	冷眼	3	468521	88.326358
19489	冷眼旁觀	3	468524	88.326924
19490	別有洞天	3	468527	88.327490
19491	別處	3	468530	88.328056
19492	別稱	3	468533	88.328622
19493	別離	3	468536	88.329188
19494	利人	3	468539	88.329754
19495	利他	3	468542	88.330320
19496	利害	3	468545	88.330886
19497	利弊	3	468548	88.331452
19498	劫持	3	468551	88.332018
19499	劫掠	3	468554	88.332584
19500	劫機犯	3	468557	88.333150
19501	努力不懈	3	468560	88.333716
19502	即席	3	468563	88.334282
19503	卵細胞	3	468566	88.334848
19504	吞吞吐吐	3	468569	88.335414
19505	呆人	3	468572	88.335980
19506	吳作樂	3	468575	88.336546
19507	吳念真	3	468578	88.337112
19508	吳東明	3	468581	88.337678
19509	吳秋穀	3	468584	88.338244
19510	吳稚暉	3	468587	88.338810
19511	吳縣	3	468590	88.339376
19512	吳趼人	3	468593	88.339942
19513	呈報	3	468596	88.340508
19514	告示牌	3	468599	88.341074
19515	告急	3	468602	88.341640
19516	告捷	3	468605	88.342206
19517	吹泡泡	3	468608	88.342772
19518	吹乾	3	468611	88.343338
19519	吹噓	3	468614	88.343904
19520	吵吵鬧鬧	3	468617	88.344470
19521	含氧量	3	468620	88.345036
19522	含羞草	3	468623	88.345602
19523	含意	3	468626	88.346168
19524	困難度	3	468629	88.346734
19525	坑谷	3	468632	88.347300
19526	坍方	3	468635	88.347866
19527	坎坷	3	468638	88.348432
19528	坐立難安	3	468641	88.348998
19529	坐臥	3	468644	88.349564
19530	坐椅	3	468647	88.350130
19531	坐滿	3	468650	88.350696
19532	夾住	3	468653	88.351262
19533	夾克	3	468656	88.351828
19534	夾角	3	468659	88.352394
19535	夾板	3	468662	88.352960
19536	妖怪	3	468665	88.353526
19537	孝敬	3	468668	88.354092
19538	孝親	3	468671	88.354658
19539	完結篇	3	468674	88.355224
19540	宋三彩	3	468677	88.355790
19541	宋三彩窯	3	468680	88.356356
19542	宋史	3	468683	88.356922
19543	宋徽宗	3	468686	88.357488
19544	宏大	3	468689	88.358054
19545	屁眼	3	468692	88.358620
19546	尿液篩檢	3	468695	88.359186
19547	尿糖	3	468698	88.359752
19548	尾牙	3	468701	88.360318
19549	巫術	3	468704	88.360884
19550	希伯崙	3	468707	88.361450
19551	序曲	3	468710	88.362016
19552	庇護所	3	468713	88.362582
19553	床位	3	468716	88.363148
19554	床單	3	468719	88.363714
19555	形式化	3	468722	88.364280
19556	形塑	3	468725	88.364846
19557	形像	3	468728	88.365412
19558	彷如	3	468731	88.365978
19559	忘掉	3	468734	88.366544
19560	忌諱	3	468737	88.367110
19561	志業	3	468740	88.367676
19562	志願卡	3	468743	88.368242
19563	忍心	3	468746	88.368808
19564	忍者	3	468749	88.369374
19565	忍辱	3	468752	88.369940
19566	忍無可忍	3	468755	88.370506
19567	快人快語	3	468758	88.371072
19568	快門	3	468761	88.371638
19569	快訊	3	468764	88.372204
19570	快意	3	468767	88.372770
19571	戒毒所	3	468770	88.373336
19572	戒慎	3	468773	88.373902
19573	我有話要說	3	468776	88.374468
19574	我行我素	3	468779	88.375034
19575	我的左腳	3	468782	88.375600
19576	抄沒	3	468785	88.376166
19577	抄書	3	468788	88.376732
19578	抗原	3	468791	88.377298
19579	抗原物質	3	468794	88.377864
19580	抗病	3	468797	88.378430
19581	抗病毒	3	468800	88.378996
19582	抗菌	3	468803	88.379562
19583	技術人員	3	468806	88.380128
19584	技術合作	3	468809	88.380694
19585	技術性	3	468812	88.381260
19586	扶老攜幼	3	468815	88.381826
19587	把玩	3	468818	88.382392
19588	找人	3	468821	88.382958
19589	找工作	3	468824	88.383524
19590	批示	3	468827	88.384090
19591	抒寫	3	468830	88.384656
19592	折回	3	468833	88.385222
19593	折衷	3	468836	88.385788
19594	折斷	3	468839	88.386354
19595	折疊	3	468842	88.386920
19596	折疊式	3	468845	88.387486
19597	扮相	3	468848	88.388052
19598	投合	3	468851	88.388618
19599	投效	3	468854	88.389184
19600	投資額	3	468857	88.389750
19601	投機取巧	3	468860	88.390316
19602	投機股	3	468863	88.390882
19603	投融資	3	468866	88.391448
19604	投選	3	468869	88.392014
19605	抓牢	3	468872	88.392580
19606	改弦易轍	3	468875	88.393146
19607	改版	3	468878	88.393712
19608	改革家	3	468881	88.394278
19609	改採	3	468884	88.394844
19610	改朝換代	3	468887	88.395410
19611	改稱	3	468890	88.395976
19612	攻破	3	468893	88.396542
19613	攻陷	3	468896	88.397108
19614	更迭	3	468899	88.397674
19615	李宗仁	3	468902	88.398240
19616	李約瑟	3	468905	88.398806
19617	李斯特凡卡	3	468908	88.399372
19618	李翰祥	3	468911	88.399938
19619	李總統	3	468914	88.400504
19620	村人	3	468917	88.401070
19621	村里	3	468920	88.401636
19622	杉木	3	468923	88.402202
19623	步行腳	3	468926	88.402768
19624	步履	3	468929	88.403334
19625	每位	3	468932	88.403900
19626	每逢	3	468935	88.404466
19627	求才	3	468938	88.405032
19628	求去	3	468941	88.405598
19629	求教	3	468944	88.406164
19630	求勝	3	468947	88.406730
19631	求診	3	468950	88.407296
19632	沙國	3	468953	88.407862
19633	沙雕	3	468956	88.408428
19634	沈都	3	468959	88.408994
19635	沉悶	3	468962	88.409560
19636	沉痛	3	468965	88.410126
19637	沉默不語	3	468968	88.410692
19638	決策者	3	468971	88.411258
19639	決戰	3	468974	88.411824
19640	沖刷	3	468977	88.412390
19641	沒好氣	3	468980	88.412956
19642	沒料到	3	468983	88.413522
19643	汽車公路賽	3	468986	88.414088
19644	汽球	3	468989	88.414654
19645	汽機車	3	468992	88.415220
19646	汲水	3	468995	88.415786
19647	灶坑	3	468998	88.416352
19648	牢記	3	469001	88.416918
19649	狄更斯	3	469004	88.417484
19650	狂犬病	3	469007	88.418050
19651	狂奔	3	469010	88.418616
19652	狂風	3	469013	88.419182
19653	甬東	3	469016	88.419748
19654	甬道	3	469019	88.420314
19655	男人的一半還是男人	3	469022	88.420880
19656	男子漢	3	469025	88.421446
19657	男星	3	469028	88.422012
19658	男嬰	3	469031	88.422578
19659	男權	3	469034	88.423144
19660	盯梢	3	469037	88.423710
19661	私心	3	469040	88.424276
19662	私藏	3	469043	88.424842
19663	秀才	3	469046	88.425408
19664	禿鷹	3	469049	88.425974
19665	系主任	3	469052	88.426540
19666	肝病	3	469055	88.427106
19667	肛門體溫計	3	469058	88.427672
19668	肚子痛	3	469061	88.428238
19669	肚皮	3	469064	88.428804
19670	良多	3	469067	88.429370
19671	良藥	3	469070	88.429936
19672	芒草	3	469073	88.430502
19673	芍藥	3	469076	88.431068
19674	見方	3	469079	88.431634
19675	見怪不怪	3	469082	88.432200
19676	言之過早	3	469085	88.432766
19677	言之鑿鑿	3	469088	88.433332
19678	言猶在耳	3	469091	88.433898
19679	谷地	3	469094	88.434464
19680	豆漿	3	469097	88.435030
19681	貝子	3	469100	88.435596
19682	貝爾實驗室	3	469103	88.436162
19683	赤子心	3	469106	88.436728
19684	走去	3	469109	88.437294
19685	走回	3	469112	88.437860
19686	走私集團	3	469115	88.438426
19687	走走停停	3	469118	88.438992
19688	走樣	3	469121	88.439558
19689	身強力壯	3	469124	88.440124
19690	身教	3	469127	88.440690
19691	車中	3	469130	88.441256
19692	車市	3	469133	88.441822
19693	車床	3	469136	88.442388
19694	車流	3	469139	88.442954
19695	車界	3	469142	88.443520
19696	車馬	3	469145	88.444086
19697	車側	3	469148	88.444652
19698	車程	3	469151	88.445218
19699	車潮	3	469154	88.445784
19700	車錢	3	469157	88.446350
19701	辛棄疾	3	469160	88.446916
19702	巡行	3	469163	88.447482
19703	巡防艦	3	469166	88.448048
19704	巡查	3	469169	88.448614
19705	巡迴展	3	469172	88.449180
19706	巡撫	3	469175	88.449746
19707	巡邏艇	3	469178	88.450312
19708	邦交	3	469181	88.450878
19709	那份	3	469184	88.451444
19710	里民大會	3	469187	88.452010
19711	里斯本	3	469190	88.452576
19712	防務	3	469193	88.453142
19713	防線	3	469196	88.453708
19714	防蟲	3	469199	88.454274
19715	乳牙	3	469202	88.454840
19716	乳牛	3	469205	88.455406
19717	乳白色	3	469208	88.455972
19718	乳齒	3	469211	88.456538
19719	事功	3	469214	88.457104
19720	亞太經濟合作會議	3	469217	88.457670
19721	亞伯拉罕	3	469220	88.458236
19722	亞泥	3	469223	88.458802
19723	亞洲四小龍	3	469226	88.459368
19724	亞洲杯	3	469229	88.459934
19725	亞特蘭大	3	469232	88.460500
19726	享福	3	469235	88.461066
19727	京兆府	3	469238	88.461632
19728	京城	3	469241	88.462198
19729	依恃	3	469244	88.462764
19730	依約	3	469247	88.463330
19731	依稀	3	469250	88.463896
19732	依樣	3	469253	88.464462
19733	依賴性	3	469256	88.465028
19734	依賴度	3	469259	88.465594
19735	侍女	3	469262	88.466160
19736	侍衛	3	469265	88.466726
19737	使者	3	469268	88.467292
19738	供人	3	469271	88.467858
19739	供桌	3	469274	88.468424
19740	來世	3	469277	88.468990
19741	來來往往	3	469280	88.469556
19742	來勢洶洶	3	469283	88.470122
19743	來稿	3	469286	88.470688
19744	併購	3	469289	88.471254
19745	佾舞	3	469292	88.471820
19746	兔女郎	3	469295	88.472386
19747	兒童劇團	3	469298	88.472952
19748	兒童樂園	3	469301	88.473518
19749	兒福	3	469304	88.474084
19750	兒福中心	3	469307	88.474650
19751	兩全其美	3	469310	88.475216
19752	兩回事	3	469313	88.475782
19753	兩把刷子	3	469316	88.476348
19754	兩極	3	469319	88.476914
19755	具象	3	469322	88.477480
19756	其來有自	3	469325	88.478046
19757	典當	3	469328	88.478612
19758	刻工	3	469331	88.479178
19759	刻字	3	469334	88.479744
19760	刺入	3	469337	88.480310
19761	刺骨	3	469340	88.480876
19762	刺傷	3	469343	88.481442
19763	刺鼻	3	469346	88.482008
19764	刺繡	3	469349	88.482574
19765	到手	3	469352	88.483140
19766	到職	3	469355	88.483706
19767	制伏	3	469358	88.484272
19768	制約	3	469361	88.484838
19769	協進會	3	469364	88.485404
19770	協辦	3	469367	88.485970
19771	卓然有成	3	469370	88.486536
19772	卑微	3	469373	88.487102
19773	取回	3	469376	88.487668
19774	取食	3	469379	88.488234
19775	取悅	3	469382	88.488800
19776	取笑	3	469385	88.489366
19777	取票	3	469388	88.489932
19778	取暖	3	469391	88.490498
19779	取經	3	469394	88.491064
19780	受刑	3	469397	88.491630
19781	受困	3	469400	88.492196
19782	受虐待	3	469403	88.492762
19783	受害人	3	469406	88.493328
19784	受託	3	469409	88.493894
19785	受累	3	469412	88.494460
19786	受罪	3	469415	88.495026
19787	受潮	3	469418	88.495592
19788	受寵若驚	3	469421	88.496158
19789	受騙	3	469424	88.496724
19790	呵欠	3	469427	88.497290
19791	咖啡因	3	469430	88.497856
19792	咆哮山莊	3	469433	88.498422
19793	呼之欲出	3	469436	88.498988
19794	呼叫	3	469439	88.499554
19795	呼嘯	3	469442	88.500120
19796	和局	3	469445	88.500686
19797	和信集團	3	469448	88.501252
19798	和睦	3	469451	88.501818
19799	周日	3	469454	88.502384
19800	周世斌	3	469457	88.502950
19801	周期	3	469460	88.503516
19802	命苦	3	469463	88.504082
19803	固守	3	469466	88.504648
19804	固態	3	469469	88.505214
19805	垃圾分類	3	469472	88.505780
19806	坪林	3	469475	88.506346
19807	坡道	3	469478	88.506912
19808	坦言	3	469481	88.507478
19809	坦姆拉	3	469484	88.508044
19810	夜大	3	469487	88.508610
19811	夜以繼日	3	469490	88.509176
19812	夜生活	3	469493	88.509742
19813	夜來香	3	469496	88.510308
19814	夜郎自大	3	469499	88.510874
19815	夜宿	3	469502	88.511440
19816	奇才	3	469505	88.512006
19817	奇石	3	469508	88.512572
19818	奇異果	3	469511	88.513138
19819	奇跡	3	469514	88.513704
19820	奈良	3	469517	88.514270
19821	妻兒	3	469520	88.514836
19822	妻妾	3	469523	88.515402
19823	委任	3	469526	88.515968
19824	姑母	3	469529	88.516534
19825	姑媽	3	469532	88.517100
19826	始作俑者	3	469535	88.517666
19827	姓氏	3	469538	88.518232
19828	姊弟	3	469541	88.518798
19829	季刊	3	469544	88.519364
19830	宗親	3	469547	88.519930
19831	定價	3	469550	88.520496
19832	官位	3	469553	88.521062
19833	宜昌市	3	469556	88.521628
19834	宛若	3	469559	88.522194
19835	尚且	3	469562	88.522760
19836	屈就	3	469565	88.523326
19837	居所	3	469568	88.523892
19838	岡山	3	469571	88.524458
19839	岡山機場	3	469574	88.525024
19840	店頭	3	469577	88.525590
19841	延教班	3	469580	88.526156
19842	延聘	3	469583	88.526722
19843	延請	3	469586	88.527288
19844	彼時	3	469589	88.527854
19845	忠告	3	469592	88.528420
19846	忠孝	3	469595	88.528986
19847	忠孝東路	3	469598	88.529552
19848	怪不得	3	469601	88.530118
19849	怪事	3	469604	88.530684
19850	怪傑	3	469607	88.531250
19851	怪譚	3	469610	88.531816
19852	怕黑	3	469613	88.532382
19853	性心理	3	469616	88.532948
19854	性向測驗	3	469619	88.533514
19855	性成熟	3	469622	88.534080
19856	性活動	3	469625	88.534646
19857	性寒	3	469628	88.535212
19858	性暗示	3	469631	88.535778
19859	性腺	3	469634	88.536344
19860	性暴力	3	469637	88.536910
19861	性靈	3	469640	88.537476
19862	房仲業	3	469643	88.538042
19863	房產	3	469646	88.538608
19864	所說	3	469649	88.539174
19865	承保	3	469652	88.539740
19866	承載	3	469655	88.540306
19867	承購	3	469658	88.540872
19868	拉力	3	469661	88.541438
19869	拉生意	3	469664	88.542004
19870	拉肚子	3	469667	88.542570
19871	拉長	3	469670	88.543136
19872	拉鍊	3	469673	88.543702
19873	拉薩	3	469676	88.544268
19874	拉警報	3	469679	88.544834
19875	拉麵	3	469682	88.545400
19876	拒買	3	469685	88.545966
19877	招架不住	3	469688	88.546532
19878	招搖	3	469691	88.547098
19879	招數	3	469694	88.547664
19880	披薩	3	469697	88.548230
19881	拔出	3	469700	88.548796
19882	拋磚引玉	3	469703	88.549362
19883	抽掉	3	469706	88.549928
19884	抽離	3	469709	88.550494
19885	拍馬屁	3	469712	88.551060
19886	拍廣告	3	469715	88.551626
19887	拍戲	3	469718	88.552192
19888	抵臺	3	469721	88.552758
19889	抵銷	3	469724	88.553324
19890	抵擋	3	469727	88.553890
19891	拘留權	3	469730	88.554456
19892	拘謹	3	469733	88.555022
19893	拖拉機	3	469736	88.555588
19894	拖累	3	469739	88.556154
19895	拆開	3	469742	88.556720
19896	拆裝	3	469745	88.557286
19897	拆解	3	469748	88.557852
19898	抬起頭	3	469751	88.558418
19899	抬高	3	469754	88.558984
19900	抬頭挺胸	3	469757	88.559550
19901	抬轎	3	469760	88.560116
19902	放射線	3	469763	88.560682
19903	放送	3	469766	88.561248
19904	放送劇	3	469769	88.561814
19905	放眼天下	3	469772	88.562380
19906	放晴	3	469775	88.562946
19907	放膽	3	469778	88.563512
19908	放糧	3	469781	88.564078
19909	昔時	3	469784	88.564644
19910	昌盛	3	469787	88.565210
19911	明太祖	3	469790	88.565776
19912	明日之星	3	469793	88.566342
19913	明令	3	469796	88.566908
19914	明治	3	469799	88.567474
19915	明帝	3	469802	88.568040
19916	明星公司	3	469805	88.568606
19917	明喻	3	469808	88.569172
19918	明暗	3	469811	88.569738
19919	昏君	3	469814	88.570304
19920	昏昏欲睡	3	469817	88.570870
19921	昇平	3	469820	88.571436
19922	服侍	3	469823	88.572002
19923	服毒	3	469826	88.572568
19924	服輸	3	469829	88.573134
19925	服膺	3	469832	88.573700
19926	東山嘴類型	3	469835	88.574266
19927	東元電機	3	469838	88.574832
19928	東方廣告公司	3	469841	88.575398
19929	東方廣告社	3	469844	88.575964
19930	東北角	3	469847	88.576530
19931	東北亞	3	469850	88.577096
19932	東印度	3	469853	88.577662
19933	東西方	3	469856	88.578228
19934	東京物語	3	469859	88.578794
19935	東京暮色	3	469862	88.579360
19936	東和鋼鐵	3	469865	88.579926
19937	東坡	3	469868	88.580492
19938	東芝	3	469871	88.581058
19939	東南亞國協	3	469874	88.581624
19940	東南部	3	469877	88.582190
19941	東南歐	3	469880	88.582756
19942	東洋	3	469883	88.583322
19943	東海大學	3	469886	88.583888
19944	東德	3	469889	88.584454
19945	東瀛	3	469892	88.585020
19946	果不其然	3	469895	88.585586
19947	枝架	3	469898	88.586152
19948	枝幹	3	469901	88.586718
19949	枝節	3	469904	88.587284
19950	枝椏	3	469907	88.587850
19951	林永堅	3	469910	88.588416
19952	林怡安	3	469913	88.588982
19953	林松池	3	469916	88.589548
19954	林肯	3	469919	88.590114
19955	林海峰	3	469922	88.590680
19956	林清波	3	469925	88.591246
19957	林彪	3	469928	88.591812
19958	林榮政	3	469931	88.592378
19959	林黛玉	3	469934	88.592944
19960	板橋市	3	469937	88.593510
19961	松山芭蕾舞團	3	469940	88.594076
19962	松雀鷹	3	469943	88.594642
19963	欣快感	3	469946	88.595208
19964	欣欣向榮	3	469949	88.595774
19965	武打	3	469952	88.596340
19966	武打片	3	469955	88.596906
19967	武官	3	469958	88.597472
19968	武俠	3	469961	88.598038
19969	武裝	3	469964	88.598604
19970	歧異	3	469967	88.599170
19971	歧途	3	469970	88.599736
19972	泳裝	3	469973	88.600302
19973	泌尿系統	3	469976	88.600868
19974	泥塑	3	469979	88.601434
19975	河面	3	469982	88.602000
19976	河堤	3	469985	88.602566
19977	河殤	3	469988	88.603132
19978	波律菲馬斯	3	469991	88.603698
19979	法子	3	469994	88.604264
19980	法門	3	469997	88.604830
19981	法律系	3	470000	88.605396
19982	法軍	3	470003	88.605962
19983	法航	3	470006	88.606528
19984	法理	3	470009	88.607094
19985	法語	3	470012	88.607660
19986	油桐花	3	470015	88.608226
19987	油脂	3	470018	88.608792
19988	油墨	3	470021	88.609358
19989	油壓	3	470024	88.609924
19990	治標	3	470027	88.610490
19991	泡沫紅茶店	3	470030	88.611056
19992	泛指	3	470033	88.611622
19993	炎炎夏日	3	470036	88.612188
19994	炙熱	3	470039	88.612754
19995	爭食	3	470042	88.613320
19996	爭鬥	3	470045	88.613886
19997	爭搶	3	470048	88.614452
19998	爭鋒	3	470051	88.615018
19999	牧人	3	470054	88.615584
20000	牧羊犬	3	470057	88.616150
20001	物件	3	470060	88.616716
20002	物理學	3	470063	88.617282
20003	物語	3	470066	88.617848
20004	狀元	3	470069	88.618414
20005	狙擊手	3	470072	88.618980
20006	玩偶	3	470075	88.619546
20007	玩樂	3	470078	88.620112
20008	玩興	3	470081	88.620678
20009	直角	3	470084	88.621244
20010	直通	3	470087	88.621810
20011	直腸癌	3	470090	88.622376
20012	知心	3	470093	88.622942
20013	知名人士	3	470096	88.623508
20014	知足常樂	3	470099	88.624074
20015	知恥	3	470102	88.624640
20016	知能	3	470105	88.625206
20017	社民黨	3	470108	88.625772
20018	社交活動	3	470111	88.626338
20019	社務	3	470114	88.626904
20020	社區活動	3	470117	88.627470
20021	社教	3	470120	88.628036
20022	社會制度	3	470123	88.628602
20023	社會科	3	470126	88.629168
20024	社會新聞	3	470129	88.629734
20025	社會學家	3	470132	88.630300
20026	社團活動	3	470135	88.630866
20027	空中大學	3	470138	88.631432
20028	空出	3	470141	88.631998
20029	空防	3	470144	88.632564
20030	空泛	3	470147	88.633130
20031	空屋	3	470150	88.633696
20032	空降	3	470153	88.634262
20033	空降部隊	3	470156	88.634828
20034	空氣汙染	3	470159	88.635394
20035	空瓶	3	470162	88.635960
20036	空腹	3	470165	88.636526
20037	空襲	3	470168	88.637092
20038	肺泡	3	470171	88.637658
20039	肢障	3	470174	88.638224
20040	股息	3	470177	88.638790
20041	股價指數	3	470180	88.639356
20042	肩負	3	470183	88.639922
20043	肯亞	3	470186	88.640488
20044	臥底	3	470189	88.641054
20045	臥房	3	470192	88.641620
20046	臥病在床	3	470195	88.642186
20047	花天酒地	3	470198	88.642752
20048	花色	3	470201	88.643318
20049	花盆	3	470204	88.643884
20050	花展	3	470207	88.644450
20051	花開	3	470210	88.645016
20052	花樣百出	3	470213	88.645582
20053	花蓮人	3	470216	88.646148
20054	花蕾	3	470219	88.646714
20055	芬芳	3	470222	88.647280
20056	初始	3	470225	88.647846
20057	初秋	3	470228	88.648412
20058	初現	3	470231	88.648978
20059	初創	3	470234	88.649544
20060	初等教育	3	470237	88.650110
20061	表皮	3	470240	88.650676
20062	表弟	3	470243	88.651242
20063	表面積	3	470246	88.651808
20064	表現力	3	470249	88.652374
20065	表層	3	470252	88.652940
20066	軋鋼	3	470255	88.653506
20067	迎娶	3	470258	88.654072
20068	返還	3	470261	88.654638
20069	近世	3	470264	88.655204
20070	近臣	3	470267	88.655770
20071	邵氏	3	470270	88.656336
20072	采風	3	470273	88.656902
20073	金氏世界紀錄	3	470276	88.657468
20074	金安獎	3	470279	88.658034
20075	金色夜叉	3	470282	88.658600
20076	金品獎	3	470285	88.659166
20077	金唱片	3	470288	88.659732
20078	金絲雀	3	470291	88.660298
20079	金獎	3	470294	88.660864
20080	金融中心	3	470297	88.661430
20081	金龜子	3	470300	88.661996
20082	金邊	3	470303	88.662562
20083	長毛	3	470306	88.663128
20084	長毛象	3	470309	88.663694
20085	長尾巴	3	470312	88.664260
20086	長沙	3	470315	88.664826
20087	長官公署	3	470318	88.665392
20088	長眠	3	470321	88.665958
20089	長桿	3	470324	88.666524
20090	長條形	3	470327	88.667090
20091	長袖	3	470330	88.667656
20092	長途旅行	3	470333	88.668222
20093	長軸	3	470336	88.668788
20094	長進	3	470339	88.669354
20095	長黑	3	470342	88.669920
20096	長號	3	470345	88.670486
20097	長榮航空	3	470348	88.671052
20098	長線	3	470351	88.671618
20099	長臂猿	3	470354	88.672184
20100	門牙	3	470357	88.672750
20101	門把	3	470360	88.673316
20102	門板	3	470363	88.673882
20103	阿基里斯	3	470366	88.674448
20104	阿達	3	470369	88.675014
20105	阿達一族	3	470372	88.675580
20106	阿榮	3	470375	88.676146
20107	阿魯沙	3	470378	88.676712
20108	阻攔	3	470381	88.677278
20109	附條件	3	470384	88.677844
20110	附圖	3	470387	88.678410
20111	雨景	3	470390	88.678976
20112	雨湖	3	470393	88.679542
20113	雨勢	3	470396	88.680108
20114	青少男	3	470399	88.680674
20115	青少棒隊	3	470402	88.681240
20116	青壯年	3	470405	88.681806
20117	青春痘	3	470408	88.682372
20118	青背海豚	3	470411	88.682938
20119	信口開河	3	470414	88.683504
20120	信用合作社	3	470417	88.684070
20121	信守	3	470420	88.684636
20122	信託業	3	470423	88.685202
20123	信誓旦旦	3	470426	88.685768
20124	侵入者	3	470429	88.686334
20125	侵臺	3	470432	88.686900
20126	便民	3	470435	88.687466
20127	便車	3	470438	88.688032
20128	便秘	3	470441	88.688598
20129	俠客	3	470444	88.689164
20130	保值性	3	470447	88.689730
20131	保障期	3	470450	88.690296
20132	保衛戰	3	470453	88.690862
20133	保羅范赫文	3	470456	88.691428
20134	保證人	3	470459	88.691994
20135	保證書	3	470462	88.692560
20136	俊男美女	3	470465	88.693126
20137	俗語	3	470468	88.693692
20138	俗諺	3	470471	88.694258
20139	侷促	3	470474	88.694824
20140	冒充	3	470477	88.695390
20141	冒泡	3	470480	88.695956
20142	冒雨	3	470483	88.696522
20143	冠亞軍	3	470486	88.697088
20144	剎那間	3	470489	88.697654
20145	剃刀	3	470492	88.698220
20146	削價	3	470495	88.698786
20147	前因後果	3	470498	88.699352
20148	前南斯拉夫	3	470501	88.699918
20149	前導	3	470504	88.700484
20150	前題	3	470507	88.701050
20151	勁才	3	470510	88.701616
20152	勁敵	3	470513	88.702182
20153	南丁格爾	3	470516	88.702748
20154	南山	3	470519	88.703314
20155	南亞塑膠	3	470522	88.703880
20156	南門	3	470525	88.704446
20157	南湖	3	470528	88.705012
20158	南越	3	470531	88.705578
20159	南歐	3	470534	88.706144
20160	南澳省	3	470537	88.706710
20161	卻步	3	470540	88.707276
20162	叛亂	3	470543	88.707842
20163	叛變	3	470546	88.708408
20164	咬人貓	3	470549	88.708974
20165	咬牙切齒	3	470552	88.709540
20166	哀悼	3	470555	88.710106
20167	哀戚	3	470558	88.710672
20168	哀愁	3	470561	88.711238
20169	哀嘆	3	470564	88.711804
20170	品系	3	470567	88.712370
20171	品茗	3	470570	88.712936
20172	品學兼優	3	470573	88.713502
20173	哈比爾	3	470576	88.714068
20174	哈里遜福特	3	470579	88.714634
20175	哈姆雷特	3	470582	88.715200
20176	咫尺	3	470585	88.715766
20177	垂涎	3	470588	88.716332
20178	垂釣	3	470591	88.716898
20179	型錄	3	470594	88.717464
20180	城廓	3	470597	88.718030
20181	姜文嬌	3	470600	88.718596
20182	姨母	3	470603	88.719162
20183	威尼斯城	3	470606	88.719728
20184	威利羅門	3	470609	88.720294
20185	威爾斯	3	470612	88.720860
20186	姻緣	3	470615	88.721426
20187	姻親	3	470618	88.721992
20188	孩提	3	470621	88.722558
20189	客棧	3	470624	88.723124
20190	客隊	3	470627	88.723690
20191	客運	3	470630	88.724256
20192	客滿	3	470633	88.724822
20193	封印	3	470636	88.725388
20194	封住	3	470639	88.725954
20195	封建制度	3	470642	88.726520
20196	封裝業	3	470645	88.727086
20197	屋舍	3	470648	88.727652
20198	峙立	3	470651	88.728218
20199	帥氣	3	470654	88.728784
20200	幽谷	3	470657	88.729350
20201	幽暗	3	470660	88.729916
20202	度量衡	3	470663	88.730482
20203	建設性	3	470666	88.731048
20204	建樹	3	470669	88.731614
20205	建築家	3	470672	88.732180
20206	律師事務所	3	470675	88.732746
20207	後半生	3	470678	88.733312
20208	後年	3	470681	88.733878
20209	後來居上	3	470684	88.734444
20210	後進	3	470687	88.735010
20211	後塵	3	470690	88.735576
20212	怒不可遏	3	470693	88.736142
20213	思量	3	470696	88.736708
20214	急流	3	470699	88.737274
20215	急轉直下	3	470702	88.737840
20216	怎麼回事	3	470705	88.738406
20217	怨氣	3	470708	88.738972
20218	恰好	3	470711	88.739538
20219	拜見	3	470714	88.740104
20220	拜賀	3	470717	88.740670
20221	拜讀	3	470720	88.741236
20222	挖子尾	3	470723	88.741802
20223	挖寶	3	470726	88.742368
20224	拼鬥	3	470729	88.742934
20225	拼盤	3	470732	88.743500
20226	持之以恆	3	470735	88.744066
20227	持卡人	3	470738	88.744632
20228	持戒	3	470741	88.745198
20229	拮据	3	470744	88.745764
20230	指日可待	3	470747	88.746330
20231	指派	3	470750	88.746896
20232	指望	3	470753	88.747462
20233	指揮家	3	470756	88.748028
20234	指稱	3	470759	88.748594
20235	指壓	3	470762	88.749160
20236	拱手	3	470765	88.749726
20237	拱橋	3	470768	88.750292
20238	挑燈	3	470771	88.750858
20239	挑燈夜戰	3	470774	88.751424
20240	政治片	3	470777	88.751990
20241	政務官	3	470780	88.752556
20242	政績	3	470783	88.753122
20243	故事詩	3	470786	88.753688
20244	故態復萌	3	470789	88.754254
20245	施肥	3	470792	88.754820
20246	施毓龍	3	470795	88.755386
20247	春花	3	470798	88.755952
20248	春夏秋冬	3	470801	88.756518
20249	映像管	3	470804	88.757084
20250	星系團	3	470807	88.757650
20251	星星文化館	3	470810	88.758216
20252	星星點燈	3	470813	88.758782
20253	星宿	3	470816	88.759348
20254	星期五	3	470819	88.759914
20255	星期四	3	470822	88.760480
20256	星爆風	3	470825	88.761046
20257	某處	3	470828	88.761612
20258	架子	3	470831	88.762178
20259	枯萎	3	470834	88.762744
20260	枯燥	3	470837	88.763310
20261	柯波拉	3	470840	88.763876
20262	柯俊雄	3	470843	88.764442
20263	柯達	3	470846	88.765008
20264	枴杖	3	470849	88.765574
20265	柚子	3	470852	88.766140
20266	查抄	3	470855	88.766706
20267	查看	3	470858	88.767272
20268	查核	3	470861	88.767838
20269	查稅	3	470864	88.768404
20270	柏迪	3	470867	88.768970
20271	毒犯	3	470870	88.769536
20272	氟氯碳化物	3	470873	88.770102
20273	洋房	3	470876	88.770668
20274	洋脊	3	470879	88.771234
20275	洋將	3	470882	88.771800
20276	洋菸	3	470885	88.772366
20277	流光	3	470888	88.772932
20278	流行病	3	470891	88.773498
20279	流星群	3	470894	88.774064
20280	流派	3	470897	88.774630
20281	流彈	3	470900	88.775196
20282	流質	3	470903	88.775762
20283	洞中	3	470906	88.776328
20284	洗手間	3	470909	88.776894
20285	洗衣粉	3	470912	88.777460
20286	洗拿	3	470915	88.778026
20287	洗潔劑	3	470918	88.778592
20288	洗澡水	3	470921	88.779158
20289	洗頭	3	470924	88.779724
20290	洗鍊	3	470927	88.780290
20291	活口	3	470930	88.780856
20292	活用	3	470933	88.781422
20293	活絡	3	470936	88.781988
20294	活體	3	470939	88.782554
20295	洽商	3	470942	88.783120
20296	洽談	3	470945	88.783686
20297	洽辦	3	470948	88.784252
20298	洛赫遜	3	470951	88.784818
20299	洩露	3	470954	88.785384
20300	炫麗	3	470957	88.785950
20301	為人師表	3	470960	88.786516
20302	為民服務	3	470963	88.787082
20303	為民喉舌	3	470966	88.787648
20304	為政者	3	470969	88.788214
20305	為害	3	470972	88.788780
20306	為國爭光	3	470975	88.789346
20307	炸藥	3	470978	88.789912
20308	狩獵	3	470981	88.790478
20309	狠心	3	470984	88.791044
20310	狠狠	3	470987	88.791610
20311	玻璃瓶	3	470990	88.792176
20312	珍稀	3	470993	88.792742
20313	珍視	3	470996	88.793308
20314	甚多	3	470999	88.793874
20315	疤痕	3	471002	88.794440
20316	盆景	3	471005	88.795006
20317	盆腔炎	3	471008	88.795572
20318	相片光碟系統	3	471011	88.796138
20319	相伴	3	471014	88.796704
20320	相見歡	3	471017	88.797270
20321	相知	3	471020	88.797836
20322	相接	3	471023	88.798402
20323	相結	3	471026	88.798968
20324	相傳	3	471029	88.799534
20325	相熟	3	471032	88.800100
20326	相簿	3	471035	88.800666
20327	眉毛	3	471038	88.801232
20328	眉開眼笑	3	471041	88.801798
20329	看似	3	471044	88.802364
20330	看作	3	471047	88.802930
20331	看門	3	471050	88.803496
20332	看家	3	471053	88.804062
20333	看診	3	471056	88.804628
20334	看準	3	471059	88.805194
20335	看電視	3	471062	88.805760
20336	看臺	3	471065	88.806326
20337	砂石車	3	471068	88.806892
20338	砂礫	3	471071	88.807458
20339	研考會	3	471074	88.808024
20340	研析	3	471077	88.808590
20341	祇能	3	471080	88.809156
20342	科班	3	471083	88.809722
20343	科學中心	3	471086	88.810288
20344	科學院	3	471089	88.810854
20345	秋日和	3	471092	88.811420
20346	秋夜	3	471095	88.811986
20347	秋雨	3	471098	88.812552
20348	秋菊打官司	3	471101	88.813118
20349	秋節	3	471104	88.813684
20350	穿心	3	471107	88.814250
20351	穿衣	3	471110	88.814816
20352	突兀	3	471113	88.815382
20353	突出物	3	471116	88.815948
20354	突岩	3	471119	88.816514
20355	紅木	3	471122	88.817080
20356	紅毛城	3	471125	88.817646
20357	紅血球	3	471128	88.818212
20358	紅冠水雞	3	471131	88.818778
20359	紅軍	3	471134	88.819344
20360	紅袍	3	471137	88.819910
20361	紅棗	3	471140	88.820476
20362	紅葉	3	471143	88.821042
20363	紅塵	3	471146	88.821608
20364	紅磚道	3	471149	88.822174
20365	紀子	3	471152	88.822740
20366	紀念日	3	471155	88.823306
20367	紀念幣	3	471158	88.823872
20368	約有	3	471161	88.824438
20369	約罕	3	471164	88.825004
20370	約翰福特	3	471167	88.825570
20371	美名	3	471170	88.826136
20372	美色	3	471173	88.826702
20373	美育	3	471176	88.827268
20374	美侖美奐	3	471179	88.827834
20375	美洲大陸	3	471182	88.828400
20376	美輪美奐	3	471185	88.828966
20377	耐人尋思	3	471188	88.829532
20378	耶路撒冷	3	471191	88.830098
20379	耶魯	3	471194	88.830664
20380	耶魯大學	3	471197	88.831230
20381	背甲	3	471200	88.831796
20382	背脊	3	471203	88.832362
20383	背袋	3	471206	88.832928
20384	背道而馳	3	471209	88.833494
20385	胡佛	3	471212	88.834060
20386	胡言亂語	3	471215	88.834626
20387	胡忠信	3	471218	88.835192
20388	胡椒	3	471221	88.835758
20389	胎死腹中	3	471224	88.836324
20390	致命傷	3	471227	88.836890
20391	致病	3	471230	88.837456
20392	舢板	3	471233	88.838022
20393	茅屋	3	471236	88.838588
20394	苛刻	3	471239	88.839154
20395	苦力	3	471242	88.839720
20396	苦日子	3	471245	88.840286
20397	苦水	3	471248	88.840852
20398	苦瓜	3	471251	88.841418
20399	苦苓	3	471254	88.841984
20400	若有	3	471257	88.842550
20401	若有似無	3	471260	88.843116
20402	若無其事	3	471263	88.843682
20403	茂盛	3	471266	88.844248
20404	苗條	3	471269	88.844814
20405	苗縣	3	471272	88.845380
20406	英寸	3	471275	88.845946
20407	英文字母	3	471278	88.846512
20408	英日語	3	471281	88.847078
20409	英軍	3	471284	88.847644
20410	要不	3	471287	88.848210
20411	要不得	3	471290	88.848776
20412	要脅	3	471293	88.849342
20413	要項	3	471296	88.849908
20414	要道	3	471299	88.850474
20415	要職	3	471302	88.851040
20416	計策	3	471305	88.851606
20417	計點	3	471308	88.852172
20418	訂位	3	471311	88.852738
20419	訂票	3	471314	88.853304
20420	貞觀	3	471317	88.853870
20421	軍訓	3	471320	88.854436
20422	軍區	3	471323	88.855002
20423	述說	3	471326	88.855568
20424	迢迢	3	471329	88.856134
20425	迪化街	3	471332	88.856700
20426	迪歐克雷提安	3	471335	88.857266
20427	迫不得已	3	471338	88.857832
20428	郎靜山	3	471341	88.858398
20429	重力位能	3	471344	88.858964
20430	重物	3	471347	88.859530
20431	重度	3	471350	88.860096
20432	重創	3	471353	88.860662
20433	重審	3	471356	88.861228
20434	重擊	3	471359	88.861794
20435	限時	3	471362	88.862360
20436	陋習	3	471365	88.862926
20437	降雨	3	471368	88.863492
20438	降福	3	471371	88.864058
20439	面頰	3	471374	88.864624
20440	革除	3	471377	88.865190
20441	音量	3	471380	88.865756
20442	音樂中心	3	471383	88.866322
20443	音樂節	3	471386	88.866888
20444	音響系統	3	471389	88.867454
20445	風土人情	3	471392	88.868020
20446	風月片	3	471395	88.868586
20447	風和日麗	3	471398	88.869152
20448	風阻系數	3	471401	88.869718
20449	風姿	3	471404	88.870284
20450	風扇	3	471407	88.870850
20451	風浪	3	471410	88.871416
20452	風情萬種	3	471413	88.871982
20453	風笛	3	471416	88.872548
20454	風寒	3	471419	88.873114
20455	風華	3	471422	88.873680
20456	風雲際會	3	471425	88.874246
20457	風塵僕僕	3	471428	88.874812
20458	風頭	3	471431	88.875378
20459	飛天	3	471434	88.875944
20460	飛行船	3	471437	88.876510
20461	飛航	3	471440	88.877076
20462	飛鴿	3	471443	88.877642
20463	食道炎	3	471446	88.878208
20464	食道癌	3	471449	88.878774
20465	食蓮人	3	471452	88.879340
20466	首批	3	471455	88.879906
20467	首例	3	471458	88.880472
20468	首航	3	471461	88.881038
20469	首部	3	471464	88.881604
20470	首選	3	471467	88.882170
20471	香酒	3	471470	88.882736
20472	香醇	3	471473	88.883302
20473	乘風破浪	3	471476	88.883868
20474	乘虛而入	3	471479	88.884434
20475	乘載	3	471482	88.885000
20476	倍受矚目	3	471485	88.885566
20477	俯仰	3	471488	88.886132
20478	倦怠	3	471491	88.886698
20479	倦勤	3	471494	88.887264
20480	倩影	3	471497	88.887830
20481	值錢	3	471500	88.888396
20482	倒入	3	471503	88.888962
20483	倒敘	3	471506	88.889528
20484	倒置	3	471509	88.890094
20485	個中	3	471512	88.890660
20486	修治	3	471515	88.891226
20487	修習	3	471518	88.891792
20488	修葺	3	471521	88.892358
20489	冤枉錢	3	471524	88.892924
20490	冤家	3	471527	88.893490
20491	冥王星	3	471530	88.894056
20492	凍傷	3	471533	88.894622
20493	凍斃	3	471536	88.895188
20494	剔除	3	471539	88.895754
20495	剛柔並濟	3	471542	88.896320
20496	匪淺	3	471545	88.896886
20497	原石	3	471548	88.897452
20498	原地踏步	3	471551	88.898018
20499	原住戶	3	471554	88.898584
20500	原油	3	471557	88.899150
20501	原則性	3	471560	88.899716
20502	原能會	3	471563	88.900282
20503	原職	3	471566	88.900848
20504	原籍	3	471569	88.901414
20505	唐人街	3	471572	88.901980
20506	唐三彩	3	471575	88.902546
20507	唐三彩窯	3	471578	88.903112
20508	唐太宗	3	471581	88.903678
20509	唐氏症	3	471584	88.904244
20510	唐玄宗	3	471587	88.904810
20511	唆使	3	471590	88.905376
20512	員警	3	471593	88.905942
20513	唉呀	3	471596	88.906508
20514	哪位	3	471599	88.907074
20515	哪種	3	471602	88.907640
20516	埋頭苦幹	3	471605	88.908206
20517	埃及王	3	471608	88.908772
20518	埃及豔后	3	471611	88.909338
20519	埃維昂	3	471614	88.909904
20520	夏普	3	471617	88.910470
20521	套裝軟體	3	471620	88.911036
20522	奚落	3	471623	88.911602
20523	娑婆世界	3	471626	88.912168
20524	娘子軍	3	471629	88.912734
20525	孫道存	3	471632	88.913300
20526	宰殺	3	471635	88.913866
20527	害處	3	471638	88.914432
20528	家家戶戶	3	471641	88.914998
20529	家庭作業	3	471644	88.915564
20530	家庭房車	3	471647	88.916130
20531	家貧	3	471650	88.916696
20532	家飾	3	471653	88.917262
20533	家譜	3	471656	88.917828
20534	宴會廳	3	471659	88.918394
20535	宴樂	3	471662	88.918960
20536	宮美	3	471665	88.919526
20537	射入	3	471668	88.920092
20538	射手	3	471671	88.920658
20539	射抵	3	471674	88.921224
20540	射擊	3	471677	88.921790
20541	展示中心	3	471680	88.922356
20542	展示區	3	471683	88.922922
20543	展翅	3	471686	88.923488
20544	峻嶺	3	471689	88.924054
20545	差點兒	3	471692	88.924620
20546	師範院校	3	471695	88.925186
20547	庫爾勒	3	471698	88.925752
20548	庭警	3	471701	88.926318
20549	徐有庠	3	471704	88.926884
20550	恭候	3	471707	88.927450
20551	恭敬	3	471710	88.928016
20552	恭維	3	471713	88.928582
20553	恩賜	3	471716	88.929148
20554	恩諾康	3	471719	88.929714
20555	息怒	3	471722	88.930280
20556	悚然心驚	3	471725	88.930846
20557	悍車	3	471728	88.931412
20558	悔悟	3	471731	88.931978
20559	悅耳	3	471734	88.932544
20560	扇子	3	471737	88.933110
20561	拳打腳踢	3	471740	88.933676
20562	拿手菜	3	471743	88.934242
20563	挾持	3	471746	88.934808
20564	捕殺	3	471749	88.935374
20565	捏一把冷汗	3	471752	88.935940
20566	捏陶	3	471755	88.936506
20567	捉摸	3	471758	88.937072
20568	捉襟見肘	3	471761	88.937638
20569	挺立	3	471764	88.938204
20570	挫魚	3	471767	88.938770
20571	挨餓	3	471770	88.939336
20572	料到	3	471773	88.939902
20573	料理	3	471776	88.940468
20574	旁敲側擊	3	471779	88.941034
20575	旅店	3	471782	88.941600
20576	旅者	3	471785	88.942166
20577	旅舍	3	471788	88.942732
20578	旅美	3	471791	88.943298
20579	旅費	3	471794	88.943864
20580	旅遊局	3	471797	88.944430
20581	時代劇	3	471800	88.944996
20582	時代雜誌	3	471803	88.945562
20583	時光隧道	3	471806	88.946128
20584	時空圖	3	471809	88.946694
20585	時差	3	471812	88.947260
20586	時效	3	471815	88.947826
20587	晉身	3	471818	88.948392
20588	晃動	3	471821	88.948958
20589	晒太陽	3	471824	88.949524
20590	書記	3	471827	88.950090
20591	書畫	3	471830	88.950656
20592	朗聲	3	471833	88.951222
20593	朗讀	3	471836	88.951788
20594	校區	3	471839	88.952354
20595	校樹	3	471842	88.952920
20596	核二廠	3	471845	88.953486
20597	核發	3	471848	88.954052
20598	核電廠	3	471851	88.954618
20599	核戰	3	471854	88.955184
20600	案情	3	471857	88.955750
20601	案發	3	471860	88.956316
20602	框框	3	471863	88.956882
20603	栗子	3	471866	88.957448
20604	栗背林鴝	3	471869	88.958014
20605	栽倒	3	471872	88.958580
20606	柴可夫斯基	3	471875	88.959146
20607	格言	3	471878	88.959712
20608	桃太郎	3	471881	88.960278
20609	桃符板	3	471884	88.960844
20610	桃園機場	3	471887	88.961410
20611	桅杆	3	471890	88.961976
20612	殉道	3	471893	88.962542
20613	殉職	3	471896	88.963108
20614	殷殷期盼	3	471899	88.963674
20615	殷勤	3	471902	88.964240
20616	氣力	3	471905	88.964806
20617	氣沖沖	3	471908	88.965372
20618	氣團	3	471911	88.965938
20619	泰半	3	471914	88.966504
20620	泰昆	3	471917	88.967070
20621	泰雅族	3	471920	88.967636
20622	浪濤	3	471923	88.968202
20623	消炎藥	3	471926	88.968768
20624	消費力	3	471929	88.969334
20625	消費意識	3	471932	88.969900
20626	涇渭分明	3	471935	88.970466
20627	海水正藍	3	471938	88.971032
20628	海王星	3	471941	88.971598
20629	海市蜃樓	3	471944	88.972164
20630	海棠	3	471947	88.972730
20631	海棉體	3	471950	88.973296
20632	海盜船	3	471953	88.973862
20633	海頓	3	471956	88.974428
20634	海綿	3	471959	88.974994
20635	海德堡	3	471962	88.975560
20636	海闊天空	3	471965	88.976126
20637	海藻	3	471968	88.976692
20638	涉入	3	471971	88.977258
20639	浮世繪	3	471974	88.977824
20640	浮出	3	471977	88.978390
20641	浮生	3	471980	88.978956
20642	烘乾	3	471983	88.979522
20643	烘焙	3	471986	88.980088
20644	烤箱	3	471989	88.980654
20645	烏布	3	471992	88.981220
20646	烏骨	3	471995	88.981786
20647	烏魯克	3	471998	88.982352
20648	特出	3	472001	88.982918
20649	特別仕樣車	3	472004	88.983484
20650	特別節目	3	472007	88.984050
20651	特技表演	3	472010	88.984616
20652	特例	3	472013	88.985182
20653	特洛伊	3	472016	88.985748
20654	特殊性	3	472019	88.986314
20655	特報	3	472022	88.986880
20656	特惠價	3	472025	88.987446
20657	特等艙	3	472028	88.988012
20658	狹路相逢	3	472031	88.988578
20659	班底	3	472034	88.989144
20660	班會	3	472037	88.989710
20661	珠江三角洲	3	472040	88.990276
20662	留任	3	472043	88.990842
20663	留守	3	472046	88.991408
20664	留念	3	472049	88.991974
20665	留美	3	472052	88.992540
20666	疾苦	3	472055	88.993106
20667	疾駛	3	472058	88.993672
20668	病毒性腦炎	3	472061	88.994238
20669	病重	3	472064	88.994804
20670	病原	3	472067	88.995370
20671	病媒蚊	3	472070	88.995936
20672	病痛	3	472073	88.996502
20673	病癒	3	472076	88.997068
20674	疲乏	3	472079	88.997634
20675	疲軟	3	472082	88.998200
20676	真能	3	472085	88.998766
20677	真偽	3	472088	88.999332
20678	真義	3	472091	88.999898
20679	真摯	3	472094	89.000464
20680	破口大罵	3	472097	89.001030
20681	破例	3	472100	89.001596
20682	破損	3	472103	89.002162
20683	破解	3	472106	89.002728
20684	破曉	3	472109	89.003294
20685	破獲	3	472112	89.003860
20686	破壞力	3	472115	89.004426
20687	砲彈	3	472118	89.004992
20688	祖孫	3	472121	89.005558
20689	神戶	3	472124	89.006124
20690	神木	3	472127	89.006690
20691	神功	3	472130	89.007256
20692	神志	3	472133	89.007822
20693	神往	3	472136	89.008388
20694	神效	3	472139	89.008954
20695	神速	3	472142	89.009520
20696	神廟	3	472145	89.010086
20697	神壇	3	472148	89.010652
20698	神學	3	472151	89.011218
20699	祝禱	3	472154	89.011784
20700	租地	3	472157	89.012350
20701	秦漢	3	472160	89.012916
20702	秘方	3	472163	89.013482
20703	秘書處	3	472166	89.014048
20704	秘魯	3	472169	89.014614
20705	秘笈	3	472172	89.015180
20706	窈窕淑女	3	472175	89.015746
20707	站票	3	472178	89.016312
20708	笑容滿面	3	472181	89.016878
20709	笑傲江湖	3	472184	89.017444
20710	笑稱	3	472187	89.018010
20711	笑嘻嘻	3	472190	89.018576
20712	粉刷	3	472193	89.019142
20713	粉墨登場	3	472196	89.019708
20714	紡紗	3	472199	89.020274
20715	紋飾	3	472202	89.020840
20716	索性	3	472205	89.021406
20717	索票	3	472208	89.021972
20718	純金	3	472211	89.022538
20719	純情	3	472214	89.023104
20720	純種	3	472217	89.023670
20721	紐約大學	3	472220	89.024236
20722	級任	3	472223	89.024802
20723	納涼	3	472226	89.025368
20724	納稅義務人	3	472229	89.025934
20725	紙上談兵	3	472232	89.026500
20726	紙扇子	3	472235	89.027066
20727	紙雕	3	472238	89.027632
20728	紛飛	3	472241	89.028198
20729	缺額	3	472244	89.028764
20730	翁樸山	3	472247	89.029330
20731	耗竭	3	472250	89.029896
20732	耿榮水	3	472253	89.030462
20733	脂質	3	472256	89.031028
20734	胰蛋白酶	3	472259	89.031594
20735	胸有成竹	3	472262	89.032160
20736	胸脯	3	472265	89.032726
20737	胳膊	3	472268	89.033292
20738	能言善道	3	472271	89.033858
20739	能耐	3	472274	89.034424
20740	脊椎	3	472277	89.034990
20741	脊髓	3	472280	89.035556
20742	臭氣	3	472283	89.036122
20743	航權	3	472286	89.036688
20744	荒山	3	472289	89.037254
20745	荒漠	3	472292	89.037820
20746	荒廢	3	472295	89.038386
20747	荒謬劇	3	472298	89.038952
20748	荊知仁	3	472301	89.039518
20749	荊棘	3	472304	89.040084
20750	草坡	3	472307	89.040650
20751	草食性	3	472310	89.041216
20752	草食恐龍	3	472313	89.041782
20753	草根	3	472316	89.042348
20754	草率	3	472319	89.042914
20755	草類	3	472322	89.043480
20756	茶行	3	472325	89.044046
20757	茶杯	3	472328	89.044612
20758	茶香	3	472331	89.045178
20759	茶道	3	472334	89.045744
20760	茶餘飯後	3	472337	89.046310
20761	茶藝	3	472340	89.046876
20762	茱麗黛勒比	3	472343	89.047442
20763	衰老	3	472346	89.048008
20764	衰落	3	472349	89.048574
20765	衷心	3	472352	89.049140
20766	袁枚	3	472355	89.049706
20767	訕笑	3	472358	89.050272
20768	託付	3	472361	89.050838
20769	訓輔	3	472364	89.051404
20770	訓練有素	3	472367	89.051970
20771	訓導	3	472370	89.052536
20772	豈是	3	472373	89.053102
20773	財大氣粗	3	472376	89.053668
20774	財政部長	3	472379	89.054234
20775	財神爺	3	472382	89.054800
20776	財務處	3	472385	89.055366
20777	財產申報法	3	472388	89.055932
20778	財團法人	3	472391	89.056498
20779	財寶	3	472394	89.057064
20780	起自	3	472397	89.057630
20781	起兵	3	472400	89.058196
20782	起草	3	472403	89.058762
20783	躬身	3	472406	89.059328
20784	送交	3	472409	89.059894
20785	送貨	3	472412	89.060460
20786	送飯	3	472415	89.061026
20787	送電課	3	472418	89.061592
20788	逆旅	3	472421	89.062158
20789	迷幻藥	3	472424	89.062724
20790	迷你豬	3	472427	89.063290
20791	迷迷糊糊	3	472430	89.063856
20792	迷離	3	472433	89.064422
20793	退位	3	472436	89.064988
20794	退費	3	472439	89.065554
20795	退選	3	472442	89.066120
20796	退讓	3	472445	89.066686
20797	迴廊	3	472448	89.067252
20798	逃犯	3	472451	89.067818
20799	逃走	3	472454	89.068384
20800	逃家	3	472457	89.068950
20801	逃獄	3	472460	89.069516
20802	逃難	3	472463	89.070082
20803	追本溯源	3	472466	89.070648
20804	酒紅朱雀	3	472469	89.071214
20805	酒意	3	472472	89.071780
20806	酒館	3	472475	89.072346
20807	配音	3	472478	89.072912
20808	針筒	3	472481	89.073478
20809	閃光	3	472484	89.074044
20810	閃躲	3	472487	89.074610
20811	陣亡	3	472490	89.075176
20812	陛下	3	472493	89.075742
20813	除此	3	472496	89.076308
20814	除役	3	472499	89.076874
20815	除法	3	472502	89.077440
20816	除舊布新	3	472505	89.078006
20817	陞座	3	472508	89.078572
20818	飢荒	3	472511	89.079138
20819	飢渴	3	472514	89.079704
20820	馬丁史柯西斯	3	472517	89.080270
20821	馬公	3	472520	89.080836
20822	馬馬虎虎	3	472523	89.081402
20823	馬斯楚湯妮奧	3	472526	89.081968
20824	馬爾地夫	3	472529	89.082534
20825	馬爾薩斯	3	472532	89.083100
20826	馬德里	3	472535	89.083666
20827	骨化	3	472538	89.084232
20828	骨肉	3	472541	89.084798
20829	骨質疏鬆症	3	472544	89.085364
20830	高人一等	3	472547	89.085930
20831	高中聯招	3	472550	89.086496
20832	高成本	3	472553	89.087062
20833	高位	3	472556	89.087628
20834	高低不平	3	472559	89.088194
20835	高更	3	472562	89.088760
20836	高徒	3	472565	89.089326
20837	高脊齒龍	3	472568	89.089892
20838	高高在上	3	472571	89.090458
20839	高高興興	3	472574	89.091024
20840	高商	3	472577	89.091590
20841	高強	3	472580	89.092156
20842	高清愿	3	472583	89.092722
20843	高深	3	472586	89.093288
20844	高速電腦	3	472589	89.093854
20845	高報	3	472592	89.094420
20846	高棉	3	472595	89.094986
20847	高歌一曲	3	472598	89.095552
20848	高價位	3	472601	89.096118
20849	高層次	3	472604	89.096684
20850	高潮迭起	3	472607	89.097250
20851	高壓鍋	3	472610	89.097816
20852	高嶺	3	472613	89.098382
20853	高醫	3	472616	89.098948
20854	鬥魚	3	472619	89.099514
20855	鬥雞	3	472622	89.100080
20856	鬼神	3	472625	89.100646
20857	鬼臉	3	472628	89.101212
20858	乾冰	3	472631	89.101778
20859	乾坤	3	472634	89.102344
20860	乾杯	3	472637	89.102910
20861	乾柴	3	472640	89.103476
20862	乾草熱	3	472643	89.104042
20863	乾清宮	3	472646	89.104608
20864	乾爽	3	472649	89.105174
20865	偽善	3	472652	89.105740
20866	停刊	3	472655	89.106306
20867	停放	3	472658	89.106872
20868	停棲	3	472661	89.107438
20869	停課	3	472664	89.108004
20870	停擺	3	472667	89.108570
20871	停藥	3	472670	89.109136
20872	假若	3	472673	89.109702
20873	假想敵	3	472676	89.110268
20874	假釋	3	472679	89.110834
20875	偌大	3	472682	89.111400
20876	做生意	3	472685	89.111966
20877	做完	3	472688	89.112532
20878	做官	3	472691	89.113098
20879	做案	3	472694	89.113664
20880	做菜	3	472697	89.114230
20881	健身房	3	472700	89.114796
20882	健胃	3	472703	89.115362
20883	偶發	3	472706	89.115928
20884	偶像歌手	3	472709	89.116494
20885	偵訊	3	472712	89.117060
20886	側身	3	472715	89.117626
20887	偷工減料	3	472718	89.118192
20888	偷懶	3	472721	89.118758
20889	偏安	3	472724	89.119324
20890	偏執	3	472727	89.119890
20891	偏袒	3	472730	89.120456
20892	剪報	3	472733	89.121022
20893	剪開	3	472736	89.121588
20894	副局長	3	472739	89.122154
20895	副車架	3	472742	89.122720
20896	副使	3	472745	89.123286
20897	副院長	3	472748	89.123852
20898	副產品	3	472751	89.124418
20899	副處長	3	472754	89.124984
20900	務本	3	472757	89.125550
20901	勘查	3	472760	89.126116
20902	動土	3	472763	89.126682
20903	動手術	3	472766	89.127248
20904	動身	3	472769	89.127814
20905	動物棺	3	472772	89.128380
20906	動植物	3	472775	89.128946
20907	動輒得咎	3	472778	89.129512
20908	動彈	3	472781	89.130078
20909	動彈不得	3	472784	89.130644
20910	曼陀羅	3	472787	89.131210
20911	曼徹斯特	3	472790	89.131776
20912	商人共和國	3	472793	89.132342
20913	商展	3	472796	89.132908
20914	商業片	3	472799	89.133474
20915	商業電影	3	472802	89.134040
20916	商業廣告科	3	472805	89.134606
20917	商業類	3	472808	89.135172
20918	商戰	3	472811	89.135738
20919	問心無愧	3	472814	89.136304
20920	問診	3	472817	89.136870
20921	問鼎	3	472820	89.137436
20922	唯我獨尊	3	472823	89.138002
20923	售後服務	3	472826	89.138568
20924	圈谷	3	472829	89.139134
20925	圈狀彈簧	3	472832	89.139700
20926	國民生活須知	3	472835	89.140266
20927	國民生產毛額	3	472838	89.140832
20928	國民黨籍	3	472841	89.141398
20929	國立編譯館	3	472844	89.141964
20930	國君	3	472847	89.142530
20931	國定假日	3	472850	89.143096
20932	國家劇院	3	472853	89.143662
20933	國情	3	472856	89.144228
20934	國會圖書館	3	472859	89.144794
20935	國道	3	472862	89.145360
20936	國境	3	472865	89.145926
20937	國語辭典	3	472868	89.146492
20938	國際兒童藝術節	3	472871	89.147058
20939	國際票券	3	472874	89.147624
20940	國營廠	3	472877	89.148190
20941	堅忍	3	472880	89.148756
20942	堅持己見	3	472883	89.149322
20943	堂哥	3	472886	89.149888
20944	執行長	3	472889	89.150454
20945	執委會	3	472892	89.151020
20946	執法者	3	472895	89.151586
20947	執教	3	472898	89.152152
20948	培養基	3	472901	89.152718
20949	奢望	3	472904	89.153284
20950	婉約	3	472907	89.153850
20951	婦女會	3	472910	89.154416
20952	婦女運動	3	472913	89.154982
20953	婦幼	3	472916	89.155548
20954	婦協	3	472919	89.156114
20955	娼妓	3	472922	89.156680
20956	婚俗	3	472925	89.157246
20957	寄託	3	472928	89.157812
20958	寄宿	3	472931	89.158378
20959	寂靜	3	472934	89.158944
20960	密生	3	472937	89.159510
20961	密合	3	472940	89.160076
20962	密佈	3	472943	89.160642
20963	密宗	3	472946	89.161208
20964	密閉式	3	472949	89.161774
20965	專文	3	472952	89.162340
20966	專作	3	472955	89.162906
20967	專利權	3	472958	89.163472
20968	專供	3	472961	89.164038
20969	專款	3	472964	89.164604
20970	專業化	3	472967	89.165170
20971	專精	3	472970	89.165736
20972	專權	3	472973	89.166302
20973	將心比心	3	472976	89.166868
20974	將邪神劍	3	472979	89.167434
20975	將屆	3	472982	89.168000
20976	崇尚	3	472985	89.168566
20977	崇寧	3	472988	89.169132
20978	崔盛儀	3	472991	89.169698
20979	常在	3	472994	89.170264
20980	常州	3	472997	89.170830
20981	常會	3	473000	89.171396
20982	帶入	3	473003	89.171962
20983	帶去	3	473006	89.172528
20984	帶兵	3	473009	89.173094
20985	帶狀	3	473012	89.173660
20986	帳目	3	473015	89.174226
20987	庶民	3	473018	89.174792
20988	張之洞	3	473021	89.175358
20989	張世	3	473024	89.175924
20990	張半仙	3	473027	89.176490
20991	張平	3	473030	89.177056
20992	張俊雄	3	473033	89.177622
20993	張清芳	3	473036	89.178188
20994	張博雅	3	473039	89.178754
20995	張揚	3	473042	89.179320
20996	強力	3	473045	89.179886
20997	強片	3	473048	89.180452
20998	強風	3	473051	89.181018
20999	強盛	3	473054	89.181584
21000	強棒	3	473057	89.182150
21001	強暴案	3	473060	89.182716
21002	彩色電視機	3	473063	89.183282
21003	彩視	3	473066	89.183848
21004	得寸進尺	3	473069	89.184414
21005	得利	3	473072	89.184980
21006	得逞	3	473075	89.185546
21007	得勝	3	473078	89.186112
21008	得道	3	473081	89.186678
21009	從不	3	473084	89.187244
21010	從政	3	473087	89.187810
21011	從容不迫	3	473090	89.188376
21012	從優	3	473093	89.188942
21013	從嚴	3	473096	89.189508
21014	患病率	3	473099	89.190074
21015	患難	3	473102	89.190640
21016	患難見真情	3	473105	89.191206
21017	悠哉	3	473108	89.191772
21018	悠遊自在	3	473111	89.192338
21019	情史	3	473114	89.192904
21020	情意	3	473117	89.193470
21021	情義	3	473120	89.194036
21022	情緒化	3	473123	89.194602
21023	情愫	3	473126	89.195168
21024	惜緣	3	473129	89.195734
21025	悸動	3	473132	89.196300
21026	控制索	3	473135	89.196866
21027	控制權	3	473138	89.197432
21028	探路	3	473141	89.197998
21029	接吻	3	473144	89.198564
21030	接枝	3	473147	89.199130
21031	接通	3	473150	89.199696
21032	接電話	3	473153	89.200262
21033	接駁	3	473156	89.200828
21034	接應	3	473159	89.201394
21035	接聽	3	473162	89.201960
21036	捷運站	3	473165	89.202526
21037	掩映	3	473168	89.203092
21038	掉以輕心	3	473171	89.203658
21039	掉光	3	473174	89.204224
21040	掃路船	3	473177	89.204790
21041	掛勾	3	473180	89.205356
21042	推估	3	473183	89.205922
21043	推定	3	473186	89.206488
21044	推知	3	473189	89.207054
21045	推移	3	473192	89.207620
21046	推想	3	473195	89.208186
21047	推選	3	473198	89.208752
21048	推擠	3	473201	89.209318
21049	推辭	3	473204	89.209884
21050	授旗	3	473207	89.210450
21051	採血	3	473210	89.211016
21052	排外	3	473213	89.211582
21053	排成	3	473216	89.212148
21054	排卵期	3	473219	89.212714
21055	排演	3	473222	89.213280
21056	排滿	3	473225	89.213846
21057	掏腰包	3	473228	89.214412
21058	救火	3	473231	89.214978
21059	救出	3	473234	89.215544
21060	救國	3	473237	89.216110
21061	救難	3	473240	89.216676
21062	教主	3	473243	89.217242
21063	教坊司	3	473246	89.217808
21064	教育界	3	473249	89.218374
21065	教育家	3	473252	89.218940
21066	教官	3	473255	89.219506
21067	教義	3	473258	89.220072
21068	教養院	3	473261	89.220638
21069	教學中心	3	473264	89.221204
21070	教職	3	473267	89.221770
21071	敗亡	3	473270	89.222336
21072	敗家子	3	473273	89.222902
21073	敗部	3	473276	89.223468
21074	啟迪	3	473279	89.224034
21075	啟聰	3	473282	89.224600
21076	斜度	3	473285	89.225166
21077	旋渦星系	3	473288	89.225732
21078	晚安母親	3	473291	89.226298
21079	晚風	3	473294	89.226864
21080	晚晴協會	3	473297	89.227430
21081	晚輩	3	473300	89.227996
21082	晚霜	3	473303	89.228562
21083	晚霞	3	473306	89.229128
21084	晨跑	3	473309	89.229694
21085	曹興誠	3	473312	89.230260
21086	望見	3	473315	89.230826
21087	梁武帝	3	473318	89.231392
21088	梁家輝	3	473321	89.231958
21089	梁望惠	3	473324	89.232524
21090	梁開明	3	473327	89.233090
21091	梁實秋	3	473330	89.233656
21092	梯子	3	473333	89.234222
21093	梯形	3	473336	89.234788
21094	梵谷與我	3	473339	89.235354
21095	梗阻	3	473342	89.235920
21096	梗概	3	473345	89.236486
21097	棄嬰	3	473348	89.237052
21098	梅尼埃病	3	473351	89.237618
21099	梅花	3	473354	89.238184
21100	梅豔芳	3	473357	89.238750
21101	條紋	3	473360	89.239316
21102	條理	3	473363	89.239882
21103	欲言又止	3	473366	89.240448
21104	欲哭無淚	3	473369	89.241014
21105	欲振乏力	3	473372	89.241580
21106	殺人犯	3	473375	89.242146
21107	殺身之禍	3	473378	89.242712
21108	氫原子	3	473381	89.243278
21109	涼意	3	473384	89.243844
21110	涼鞋	3	473387	89.244410
21111	淡大	3	473390	89.244976
21112	淡水鎮	3	473393	89.245542
21113	淡然	3	473396	89.246108
21114	淤積	3	473399	89.246674
21115	添增	3	473402	89.247240
21116	淺水灣	3	473405	89.247806
21117	淺灘	3	473408	89.248372
21118	清幽	3	473411	89.248938
21119	清流	3	473414	89.249504
21120	清掃	3	473417	89.250070
21121	清清楚楚	3	473420	89.250636
21122	清閒	3	473423	89.251202
21123	淋巴液	3	473426	89.251768
21124	淹死	3	473429	89.252334
21125	淒美	3	473432	89.252900
21126	涵括	3	473435	89.253466
21127	涵意	3	473438	89.254032
21128	淚光	3	473441	89.254598
21129	淚液	3	473444	89.255164
21130	淚眼	3	473447	89.255730
21131	淫亂	3	473450	89.256296
21132	深不可測	3	473453	89.256862
21133	深更半夜	3	473456	89.257428
21134	深思熟慮	3	473459	89.257994
21135	深紅	3	473462	89.258560
21136	深重	3	473465	89.259126
21137	深深地	3	473468	89.259692
21138	淮河	3	473471	89.260258
21139	淨水器	3	473474	89.260824
21140	淨馬力	3	473477	89.261390
21141	淨額	3	473480	89.261956
21142	牽制	3	473483	89.262522
21143	牽絆	3	473486	89.263088
21144	犁鼻骨器官	3	473489	89.263654
21145	猜到	3	473492	89.264220
21146	猛虎	3	473495	89.264786
21147	球衣	3	473498	89.265352
21148	球具	3	473501	89.265918
21149	球拍	3	473504	89.266484
21150	球證	3	473507	89.267050
21151	理事會	3	473510	89.267616
21152	理容院	3	473513	89.268182
21153	理髮師	3	473516	89.268748
21154	現代主義	3	473519	89.269314
21155	現代詩	3	473522	89.269880
21156	現代舞	3	473525	89.270446
21157	現代藝術	3	473528	89.271012
21158	產子	3	473531	89.271578
21159	產業道路	3	473534	89.272144
21160	略遜一籌	3	473537	89.272710
21161	畢業班	3	473540	89.273276
21162	異國風情	3	473543	89.273842
21163	異域	3	473546	89.274408
21164	異議	3	473549	89.274974
21165	疏通	3	473552	89.275540
21166	疏漏	3	473555	89.276106
21167	疏導	3	473558	89.276672
21168	盔甲	3	473561	89.277238
21169	盛田昭夫	3	473564	89.277804
21170	盛極一時	3	473567	89.278370
21171	眷屬	3	473570	89.278936
21172	眾所矚目	3	473573	89.279502
21173	眼力	3	473576	89.280068
21174	眼皮	3	473579	89.280634
21175	眼色	3	473582	89.281200
21176	眼見	3	473585	89.281766
21177	眼角	3	473588	89.282332
21178	眼底	3	473591	89.282898
21179	眼看著	3	473594	89.283464
21180	眼紅	3	473597	89.284030
21181	眼球	3	473600	89.284596
21182	眼眶	3	473603	89.285162
21183	眼眸	3	473606	89.285728
21184	眼福	3	473609	89.286294
21185	祥瑞	3	473612	89.286860
21186	祭禱	3	473615	89.287426
21187	移送	3	473618	89.287992
21188	第一手	3	473621	89.288558
21189	第一世界	3	473624	89.289124
21190	第一頻道	3	473627	89.289690
21191	第二語言	3	473630	89.290256
21192	粗壯	3	473633	89.290822
21193	統一集團	3	473636	89.291388
21194	紮紮實實	3	473639	89.291954
21195	細川	3	473642	89.292520
21196	細支氣管炎	3	473645	89.293086
21197	細石器	3	473648	89.293652
21198	細則	3	473651	89.294218
21199	終年	3	473654	89.294784
21200	終點站	3	473657	89.295350
21201	終歸	3	473660	89.295916
21202	羞恥	3	473663	89.296482
21203	羞辱	3	473666	89.297048
21204	翌日	3	473669	89.297614
21205	習尚	3	473672	89.298180
21206	聊齋	3	473675	89.298746
21207	脫水	3	473678	89.299312
21208	脫星	3	473681	89.299878
21209	脫開	3	473684	89.300444
21210	脫險	3	473687	89.301010
21211	船艙	3	473690	89.301576
21212	船頭	3	473693	89.302142
21213	船艦	3	473696	89.302708
21214	莎士比亞	3	473699	89.303274
21215	莊孟翰	3	473702	89.303840
21216	荷馬	3	473705	89.304406
21217	處女	3	473708	89.304972
21218	處置	3	473711	89.305538
21219	蛇行	3	473714	89.306104
21220	蛇頭	3	473717	89.306670
21221	蛀蟲	3	473720	89.307236
21222	蛋白	3	473723	89.307802
21223	蛋卷	3	473726	89.308368
21224	術士	3	473729	89.308934
21225	袞袞諸公	3	473732	89.309500
21226	被控	3	473735	89.310066
21227	被褥	3	473738	89.310632
21228	規章	3	473741	89.311198
21229	許武勝	3	473744	89.311764
21230	許崇智	3	473747	89.312330
21231	許添財	3	473750	89.312896
21232	許歷農	3	473753	89.313462
21233	貫通	3	473756	89.314028
21234	貨源	3	473759	89.314594
21235	貨攤	3	473762	89.315160
21236	貪汙案	3	473765	89.315726
21237	貪官	3	473768	89.316292
21238	貪圖	3	473771	89.316858
21239	貧乏	3	473774	89.317424
21240	軟式少棒	3	473777	89.317990
21241	軟膏	3	473780	89.318556
21242	軟質	3	473783	89.319122
21243	軟體業	3	473786	89.319688
21244	這時候	3	473789	89.320254
21245	通用性	3	473792	89.320820
21246	通婚	3	473795	89.321386
21247	通貨	3	473798	89.321952
21248	通通	3	473801	89.322518
21249	通學	3	473804	89.323084
21250	連城	3	473807	89.323650
21251	連接器	3	473810	89.324216
21252	連勝	3	473813	89.324782
21253	連想	3	473816	89.325348
21254	連綿	3	473819	89.325914
21255	速算班	3	473822	89.326480
21256	逝去	3	473825	89.327046
21257	逐次	3	473828	89.327612
21258	逕自	3	473831	89.328178
21259	逕行	3	473834	89.328744
21260	逞強	3	473837	89.329310
21261	造字	3	473840	89.329876
21262	造車	3	473843	89.330442
21263	造家	3	473846	89.331008
21264	造船廠	3	473849	89.331574
21265	造謠	3	473852	89.332140
21266	造鎮	3	473855	89.332706
21267	造鎮計畫	3	473858	89.333272
21268	透天	3	473861	89.333838
21269	透支	3	473864	89.334404
21270	透氣	3	473867	89.334970
21271	逛花園	3	473870	89.335536
21272	都市計劃	3	473873	89.336102
21273	野心勃勃	3	473876	89.336668
21274	野味	3	473879	89.337234
21275	野果	3	473882	89.337800
21276	野草閒花	3	473885	89.338366
21277	野鳥學會	3	473888	89.338932
21278	野豬	3	473891	89.339498
21279	閉關	3	473894	89.340064
21280	陪審團	3	473897	89.340630
21281	陳年	3	473900	89.341196
21282	陳君毅	3	473903	89.341762
21283	陳其南	3	473906	89.342328
21284	陳信雄	3	473909	89.342894
21285	陳盛沺	3	473912	89.343460
21286	陳勝福	3	473915	89.344026
21287	陳博志	3	473918	89.344592
21288	陸海空	3	473921	89.345158
21289	陰道口	3	473924	89.345724
21290	陶土	3	473927	89.346290
21291	陶作	3	473930	89.346856
21292	陶里	3	473933	89.347422
21293	陶馥蘭	3	473936	89.347988
21294	雪莉	3	473939	89.348554
21295	雪景	3	473942	89.349120
21296	章節	3	473945	89.349686
21297	頂點	3	473948	89.350252
21298	魚肉	3	473951	89.350818
21299	魚翅	3	473954	89.351384
21300	魚船	3	473957	89.351950
21301	鳥友	3	473960	89.352516
21302	鳥雀	3	473963	89.353082
21303	鳥語花香	3	473966	89.353648
21304	鳥聲	3	473969	89.354214
21305	麥子	3	473972	89.354780
21306	麥可	3	473975	89.355346
21307	麥弗遜支柱式	3	473978	89.355912
21308	麥城	3	473981	89.356478
21309	麻雀雖小，五臟俱全	3	473984	89.357044
21310	麻藥	3	473987	89.357610
21311	備妥	3	473990	89.358176
21312	備戰	3	473993	89.358742
21313	傑夫‧洛厄	3	473996	89.359308
21314	傑克德米	3	473999	89.359874
21315	傀儡戲	3	474002	89.360440
21316	傘兵	3	474005	89.361006
21317	最佳女主角	3	474008	89.361572
21318	最佳男主角	3	474011	89.362138
21319	凱文科斯納	3	474014	89.362704
21320	凱恩斯	3	474017	89.363270
21321	凱悅飯店	3	474020	89.363836
21322	凱瑟琳丹妮芙	3	474023	89.364402
21323	割腕	3	474026	89.364968
21324	創見	3	474029	89.365534
21325	創業基金	3	474032	89.366100
21326	勞改營	3	474035	89.366666
21327	勞勃狄尼洛	3	474038	89.367232
21328	勝利者	3	474041	89.367798
21329	博士學位	3	474044	89.368364
21330	博愛	3	474047	89.368930
21331	喝完	3	474050	89.369496
21332	喝醉酒	3	474053	89.370062
21333	喘息	3	474056	89.370628
21334	喜出望外	3	474059	89.371194
21335	喜氣	3	474062	89.371760
21336	喜氣洋洋	3	474065	89.372326
21337	喜感	3	474068	89.372892
21338	喪命	3	474071	89.373458
21339	喪葬費	3	474074	89.374024
21340	喃喃自語	3	474077	89.374590
21341	單人床	3	474080	89.375156
21342	單葉	3	474083	89.375722
21343	單憑	3	474086	89.376288
21344	唾棄	3	474089	89.376854
21345	圍堵	3	474092	89.377420
21346	圍剿	3	474095	89.377986
21347	圍廠	3	474098	89.378552
21348	圍標	3	474101	89.379118
21349	圍籬	3	474104	89.379684
21350	堤壩	3	474107	89.380250
21351	報告書	3	474110	89.380816
21352	報童	3	474113	89.381382
21353	媚力	3	474116	89.381948
21354	孳生	3	474119	89.382514
21355	寒暄	3	474122	89.383080
21356	富美子	3	474125	89.383646
21357	富強	3	474128	89.384212
21358	富富泰泰	3	474131	89.384778
21359	富弼	3	474134	89.385344
21360	富貴榮華	3	474137	89.385910
21361	富饒	3	474140	89.386476
21362	寓所	3	474143	89.387042
21363	寓意	3	474146	89.387608
21364	就緒	3	474149	89.388174
21365	幾何學	3	474152	89.388740
21366	廂房	3	474155	89.389306
21367	彭定康	3	474158	89.389872
21368	彭錦耀	3	474161	89.390438
21369	復仇	3	474164	89.391004
21370	復建	3	474167	89.391570
21371	復活節	3	474170	89.392136
21372	復辟	3	474173	89.392702
21373	循跡	3	474176	89.393268
21374	惡行	3	474179	89.393834
21375	惡性	3	474182	89.394400
21376	惡性腫瘤	3	474185	89.394966
21377	惡果	3	474188	89.395532
21378	惡臭	3	474191	89.396098
21379	惡意	3	474194	89.396664
21380	悲涼	3	474197	89.397230
21381	悲喜劇	3	474200	89.397796
21382	悲愴	3	474203	89.398362
21383	悶熱	3	474206	89.398928
21384	惠普科技	3	474209	89.399494
21385	惰性	3	474212	89.400060
21386	掌中戲	3	474215	89.400626
21387	掌門人	3	474218	89.401192
21388	插曲	3	474221	89.401758
21389	插秧	3	474224	89.402324
21390	插畫家	3	474227	89.402890
21391	插頭	3	474230	89.403456
21392	揣測	3	474233	89.404022
21393	提心弔膽	3	474236	89.404588
21394	提交	3	474239	89.405154
21395	提稱語	3	474242	89.405720
21396	揭櫫	3	474245	89.406286
21397	揮毫	3	474248	89.406852
21398	換掉	3	474251	89.407418
21399	敞篷	3	474254	89.407984
21400	敞篷跑車	3	474257	89.408550
21401	敦促	3	474260	89.409116
21402	敢說	3	474263	89.409682
21403	散戶	3	474266	89.410248
21404	散財	3	474269	89.410814
21405	散落	3	474272	89.411380
21406	散漫	3	474275	89.411946
21407	斑白	3	474278	89.412512
21408	斑斑	3	474281	89.413078
21409	斑點	3	474284	89.413644
21410	普通法院	3	474287	89.414210
21411	普遍性	3	474290	89.414776
21412	普羅旺斯	3	474293	89.415342
21413	晶瑩剔透	3	474296	89.415908
21414	景仰	3	474299	89.416474
21415	景祐	3	474302	89.417040
21416	景德	3	474305	89.417606
21417	暑天	3	474308	89.418172
21418	暑假作業	3	474311	89.418738
21419	智利	3	474314	89.419304
21420	智威湯遜廣告公司	3	474317	89.419870
21421	智囊團	3	474320	89.420436
21422	曾文水庫	3	474323	89.421002
21423	曾世忠	3	474326	89.421568
21424	期末考	3	474329	89.422134
21425	期別	3	474332	89.422700
21426	期勉	3	474335	89.423266
21427	朝天樓	3	474338	89.423832
21428	朝貢	3	474341	89.424398
21429	朝陽	3	474344	89.424964
21430	棕熊	3	474347	89.425530
21431	棗子	3	474350	89.426096
21432	森嚴	3	474353	89.426662
21433	棒協	3	474356	89.427228
21434	棒球隊	3	474359	89.427794
21435	棒球賽	3	474362	89.428360
21436	棲地	3	474365	89.428926
21437	棋士	3	474368	89.429492
21438	棋局	3	474371	89.430058
21439	棋院	3	474374	89.430624
21440	棍子	3	474377	89.431190
21441	植入	3	474380	89.431756
21442	植物學	3	474383	89.432322
21443	棉花球	3	474386	89.432888
21444	棉花糖	3	474389	89.433454
21445	殘冠	3	474392	89.434020
21446	殖民主義	3	474395	89.434586
21447	殖民政府	3	474398	89.435152
21448	毯子	3	474401	89.435718
21449	港埠	3	474404	89.436284
21450	港澳會報	3	474407	89.436850
21451	港灣	3	474410	89.437416
21452	游刃有餘	3	474413	89.437982
21453	游資	3	474416	89.438548
21454	游擊隊	3	474419	89.439114
21455	湊近	3	474422	89.439680
21456	減胖	3	474425	89.440246
21457	減班	3	474428	89.440812
21458	減慢	3	474431	89.441378
21459	減震筒	3	474434	89.441944
21460	減縮	3	474437	89.442510
21461	減薪	3	474440	89.443076
21462	湖面	3	474443	89.443642
21463	湖畔	3	474446	89.444208
21464	渦捲式壓縮機	3	474449	89.444774
21465	渦輪增壓引擎	3	474452	89.445340
21466	湯恩比	3	474455	89.445906
21467	測字	3	474458	89.446472
21468	渾沌	3	474461	89.447038
21469	渾厚	3	474464	89.447604
21470	滋事	3	474467	89.448170
21471	滋長	3	474470	89.448736
21472	滋補	3	474473	89.449302
21473	滋養	3	474476	89.449868
21474	渙散	3	474479	89.450434
21475	焚林	3	474482	89.451000
21476	無不	3	474485	89.451566
21477	無孔不入	3	474488	89.452132
21478	無可取代	3	474491	89.452698
21479	無可救藥	3	474494	89.453264
21480	無名火	3	474497	89.453830
21481	無奇不有	3	474500	89.454396
21482	無往不利	3	474503	89.454962
21483	無所遁形	3	474506	89.455528
21484	無疾而終	3	474509	89.456094
21485	無冕王	3	474512	89.456660
21486	無涯	3	474515	89.457226
21487	無理	3	474518	89.457792
21488	無產階級	3	474521	89.458358
21489	無期徒刑	3	474524	89.458924
21490	無罪率	3	474527	89.459490
21491	無虞	3	474530	89.460056
21492	無鉛汽油	3	474533	89.460622
21493	無精打采	3	474536	89.461188
21494	無障礙環境	3	474539	89.461754
21495	無線電視	3	474542	89.462320
21496	無賴	3	474545	89.462886
21497	無濟於事	3	474548	89.463452
21498	無黨籍	3	474551	89.464018
21499	牌樓	3	474554	89.464584
21500	猶太裔	3	474557	89.465150
21501	猩紅熱	3	474560	89.465716
21502	畫工	3	474563	89.466282
21503	畫法	3	474566	89.466848
21504	畫眉	3	474569	89.467414
21505	畫風	3	474572	89.467980
21506	畫蛇添足	3	474575	89.468546
21507	畫壇	3	474578	89.469112
21508	痛不欲生	3	474581	89.469678
21509	痛心疾首	3	474584	89.470244
21510	痛罵	3	474587	89.470810
21511	登山者	3	474590	89.471376
21512	登門	3	474593	89.471942
21513	登高	3	474596	89.472508
21514	登船	3	474599	89.473074
21515	登報	3	474602	89.473640
21516	登載	3	474605	89.474206
21517	登輝	3	474608	89.474772
21518	發生率	3	474611	89.475338
21519	發冷	3	474614	89.475904
21520	發呆	3	474617	89.476470
21521	發狂	3	474620	89.477036
21522	發言臺	3	474623	89.477602
21523	發亮	3	474626	89.478168
21524	發射器	3	474629	89.478734
21525	發展中國家	3	474632	89.479300
21526	發展史	3	474635	89.479866
21527	發球	3	474638	89.480432
21528	發揚光大	3	474641	89.480998
21529	發給	3	474644	89.481564
21530	發酵	3	474647	89.482130
21531	發稿	3	474650	89.482696
21532	發難	3	474653	89.483262
21533	盜汗	3	474656	89.483828
21534	盜匪	3	474659	89.484394
21535	盜領	3	474662	89.484960
21536	盜獵	3	474665	89.485526
21537	短絀	3	474668	89.486092
21538	短程	3	474671	89.486658
21539	短路	3	474674	89.487224
21540	短篇小說	3	474677	89.487790
21541	硬是	3	474680	89.488356
21542	硬撐	3	474683	89.488922
21543	硬質	3	474686	89.489488
21544	稍縱即逝	3	474689	89.490054
21545	程式細胞	3	474692	89.490620
21546	稅捐處	3	474695	89.491186
21547	稅處	3	474698	89.491752
21548	稅賦	3	474701	89.492318
21549	稀疏	3	474704	89.492884
21550	稀釋劑	3	474707	89.493450
21551	窘態	3	474710	89.494016
21552	窗型	3	474713	89.494582
21553	窗型冷氣	3	474716	89.495148
21554	童工	3	474719	89.495714
21555	等死	3	474722	89.496280
21556	等而下之	3	474725	89.496846
21557	筆筒	3	474728	89.497412
21558	筆戰	3	474731	89.497978
21559	筒瓦	3	474734	89.498544
21560	結伴	3	474737	89.499110
21561	結帳	3	474740	89.499676
21562	結業生	3	474743	89.500242
21563	絕無僅有	3	474746	89.500808
21564	絕緣	3	474749	89.501374
21565	紫方斑花鱸	3	474752	89.501940
21566	絲帶	3	474755	89.502506
21567	善心人	3	474758	89.503072
21568	善意的背叛	3	474761	89.503638
21569	善感	3	474764	89.504204
21570	善盡	3	474767	89.504770
21571	善變	3	474770	89.505336
21572	腕錶	3	474773	89.505902
21573	腕臂	3	474776	89.506468
21574	脾臟	3	474779	89.507034
21575	腓尼基人	3	474782	89.507600
21576	舒里曼	3	474785	89.508166
21577	舒坦	3	474788	89.508732
21578	舒展	3	474791	89.509298
21579	舒馬克	3	474794	89.509864
21580	舒舒服服	3	474797	89.510430
21581	舒解	3	474800	89.510996
21582	舒適感	3	474803	89.511562
21583	菩提	3	474806	89.512128
21584	菅芒花	3	474809	89.512694
21585	華北	3	474812	89.513260
21586	華西街	3	474815	89.513826
21587	華夏	3	474818	89.514392
21588	華盛頓公約	3	474821	89.514958
21589	華隆	3	474824	89.515524
21590	華爾街	3	474827	89.516090
21591	著力	3	474830	89.516656
21592	著力點	3	474833	89.517222
21593	萊氏刀	3	474836	89.517788
21594	菜色	3	474839	89.518354
21595	菜販	3	474842	89.518920
21596	菜園	3	474845	89.519486
21597	菜餚	3	474848	89.520052
21598	虛報	3	474851	89.520618
21599	虛實	3	474854	89.521184
21600	虛擬	3	474857	89.521750
21601	街談巷議	3	474860	89.522316
21602	裁示	3	474863	89.522882
21603	裁縫店	3	474866	89.523448
21604	裂頭蚴	3	474869	89.524014
21605	視而不見	3	474872	89.524580
21606	視察	3	474875	89.525146
21607	視網膜錐	3	474878	89.525712
21608	視導	3	474881	89.526278
21609	註腳	3	474884	89.526844
21610	評判	3	474887	89.527410
21611	評述	3	474890	89.527976
21612	評論家	3	474893	89.528542
21613	詞曲	3	474896	89.529108
21614	詆毀	3	474899	89.529674
21615	訴諸	3	474902	89.530240
21616	象牙	3	474905	89.530806
21617	象牙塔	3	474908	89.531372
21618	象棋界	3	474911	89.531938
21619	貼地性	3	474914	89.532504
21620	貼身	3	474917	89.533070
21621	貼畫	3	474920	89.533636
21622	費里尼	3	474923	89.534202
21623	費事	3	474926	89.534768
21624	費城	3	474929	89.535334
21625	費唐娜薇	3	474932	89.535900
21626	賀正	3	474935	89.536466
21627	賀年	3	474938	89.537032
21628	賀維	3	474941	89.537598
21629	貴人	3	474944	89.538164
21630	貴客	3	474947	89.538730
21631	買車	3	474950	89.539296
21632	買保險	3	474953	89.539862
21633	越人	3	474956	89.540428
21634	越級	3	474959	89.540994
21635	超凡	3	474962	89.541560
21636	超重	3	474965	89.542126
21637	超級警察	3	474968	89.542692
21638	超脫	3	474971	89.543258
21639	超然	3	474974	89.543824
21640	超載	3	474977	89.544390
21641	趁勢	3	474980	89.544956
21642	跋涉	3	474983	89.545522
21643	跑去	3	474986	89.546088
21644	跑車迷	3	474989	89.546654
21645	跑腿	3	474992	89.547220
21646	軼事	3	474995	89.547786
21647	逮到	3	474998	89.548352
21648	週遭	3	475001	89.548918
21649	進修班	3	475004	89.549484
21650	進氣歧管	3	475007	89.550050
21651	進退	3	475010	89.550616
21652	鄂爾泰	3	475013	89.551182
21653	郵件	3	475016	89.551748
21654	郵迷	3	475019	89.552314
21655	郵購	3	475022	89.552880
21656	鄉巴佬	3	475025	89.553446
21657	鄉里	3	475028	89.554012
21658	酥軟	3	475031	89.554578
21659	量度	3	475034	89.555144
21660	量販店	3	475037	89.555710
21661	鈕扣	3	475040	89.556276
21662	開利冷氣	3	475043	89.556842
21663	開封府	3	475046	89.557408
21664	開胃	3	475049	89.557974
21665	開航	3	475052	89.558540
21666	開採	3	475055	89.559106
21667	開場白	3	475058	89.559672
21668	開敞	3	475061	89.560238
21669	開發區	3	475064	89.560804
21670	開獎	3	475067	89.561370
21671	開踢	3	475070	89.561936
21672	開墾	3	475073	89.562502
21673	開學日	3	475076	89.563068
21674	間歇泉	3	475079	89.563634
21675	間隙	3	475082	89.564200
21676	間雜	3	475085	89.564766
21677	隊友	3	475088	89.565332
21678	隋園	3	475091	89.565898
21679	隋赫德	3	475094	89.566464
21680	陽宅	3	475097	89.567030
21681	陽明山國家公園	3	475100	89.567596
21682	雅各‧皮洛舞蹈節	3	475103	89.568162
21683	雅典娜	3	475106	89.568728
21684	雅趣	3	475109	89.569294
21685	雄才	3	475112	89.569860
21686	雄心	3	475115	89.570426
21687	雄心壯志	3	475118	89.570992
21688	雄風	3	475121	89.571558
21689	雄魚	3	475124	89.572124
21690	雄踞	3	475127	89.572690
21691	集集線	3	475130	89.573256
21692	雲石片	3	475133	89.573822
21693	雲物	3	475136	89.574388
21694	雲門舞集	3	475139	89.574954
21695	雲海	3	475142	89.575520
21696	雲層	3	475145	89.576086
21697	雲霧	3	475148	89.576652
21698	項羽	3	475151	89.577218
21699	順口溜	3	475154	89.577784
21700	順位	3	475157	89.578350
21701	順治	3	475160	89.578916
21702	順遂	3	475163	89.579482
21703	飲品	3	475166	89.580048
21704	飲茶	3	475169	89.580614
21705	黃八野	3	475172	89.581180
21706	黃平洋	3	475175	89.581746
21707	黃昆輝	3	475178	89.582312
21708	黃金海岸	3	475181	89.582878
21709	黃金歲月	3	475184	89.583444
21710	黃昭輝	3	475187	89.584010
21711	黃埔軍校	3	475190	89.584576
21712	黃振寰	3	475193	89.585142
21713	黃浦江	3	475196	89.585708
21714	黃海計畫	3	475199	89.586274
21715	黃復生	3	475202	89.586840
21716	黃源榮	3	475205	89.587406
21717	黃褐色	3	475208	89.587972
21718	黃興	3	475211	89.588538
21719	黑子	3	475214	89.589104
21720	黑板	3	475217	89.589670
21721	黑狗	3	475220	89.590236
21722	黑海	3	475223	89.590802
21723	黑素細胞	3	475226	89.591368
21724	黑條子	3	475229	89.591934
21725	黑熊	3	475232	89.592500
21726	黑龍江	3	475235	89.593066
21727	亂丟	3	475238	89.593632
21728	亂服	3	475241	89.594198
21729	亂象	3	475244	89.594764
21730	債券市場	3	475247	89.595330
21731	債權	3	475250	89.595896
21732	傲空神鷹	3	475253	89.596462
21733	傳呼電話	3	475256	89.597028
21734	傳奇性	3	475259	89.597594
21735	傳開	3	475262	89.598160
21736	傳遍	3	475265	89.598726
21737	傳播公司	3	475268	89.599292
21738	僅次	3	475271	89.599858
21739	傾軋	3	475274	89.600424
21740	催化	3	475277	89.600990
21741	催告	3	475280	89.601556
21742	傷身	3	475283	89.602122
21743	傷風	3	475286	89.602688
21744	傷痛	3	475289	89.603254
21745	勤能補拙	3	475292	89.603820
21746	勤跑	3	475295	89.604386
21747	匯流	3	475298	89.604952
21748	匯款	3	475301	89.605518
21749	嗆咳	3	475304	89.606084
21750	園子	3	475307	89.606650
21751	圓周	3	475310	89.607216
21752	圓柱	3	475313	89.607782
21753	圓融	3	475316	89.608348
21754	塞內加爾	3	475319	89.608914
21755	塞爾維亞人	3	475322	89.609480
21756	塑膠布	3	475325	89.610046
21757	塑鋼	3	475328	89.610612
21758	塊狀	3	475331	89.611178
21759	奧本山	3	475334	89.611744
21760	奧立弗‧諾斯	3	475337	89.612310
21761	奧斯卡金像獎	3	475340	89.612876
21762	幹練	3	475343	89.613442
21763	廈門國際銀行	3	475346	89.614008
21764	微血管	3	475349	89.614574
21765	微風	3	475352	89.615140
21766	微細	3	475355	89.615706
21767	微溫	3	475358	89.616272
21768	愚痴	3	475361	89.616838
21769	意大利	3	475364	89.617404
21770	意外死亡	3	475367	89.617970
21771	意外事件	3	475370	89.618536
21772	意外傷害	3	475373	89.619102
21773	意外險	3	475376	89.619668
21774	意向	3	475379	89.620234
21775	意志力	3	475382	89.620800
21776	意氣用事	3	475385	89.621366
21777	意識形態人	3	475388	89.621932
21778	感同身受	3	475391	89.622498
21779	感受力	3	475394	89.623064
21780	感染率	3	475397	89.623630
21781	感測	3	475400	89.624196
21782	感歎	3	475403	89.624762
21783	感覺細胞	3	475406	89.625328
21784	想見	3	475409	89.625894
21785	想通	3	475412	89.626460
21786	愛不釋手	3	475415	89.627026
21787	愛哭	3	475418	89.627592
21788	愛將	3	475421	89.628158
21789	愛琴海	3	475424	89.628724
21790	愛撫	3	475427	89.629290
21791	惹人厭	3	475430	89.629856
21792	慎防	3	475433	89.630422
21793	慌張	3	475436	89.630988
21794	慌亂	3	475439	89.631554
21795	搞定	3	475442	89.632120
21796	搞砸	3	475445	89.632686
21797	搭機	3	475448	89.633252
21798	搬演	3	475451	89.633818
21799	搬遷	3	475454	89.634384
21800	損及	3	475457	89.634950
21801	搶婚	3	475460	89.635516
21802	搖晃	3	475463	89.636082
21803	搖晃不定	3	475466	89.636648
21804	搖醒	3	475469	89.637214
21805	搗爛	3	475472	89.637780
21806	敬仰	3	475475	89.638346
21807	敬而遠之	3	475478	89.638912
21808	敬陪末座	3	475481	89.639478
21809	新天堂樂園	3	475484	89.640044
21810	新竹科學園區	3	475487	89.640610
21811	新竹師院	3	475490	89.641176
21812	新血輪	3	475493	89.641742
21813	新希望	3	475496	89.642308
21814	新官	3	475499	89.642874
21815	新英格蘭	3	475502	89.643440
21816	新神鵰俠侶	3	475505	89.644006
21817	新報	3	475508	89.644572
21818	新港	3	475511	89.645138
21819	新發現	3	475514	89.645704
21820	新進	3	475517	89.646270
21821	新解	3	475520	89.646836
21822	新聞自由	3	475523	89.647402
21823	新聞報導	3	475526	89.647968
21824	新劇運動	3	475529	89.648534
21825	新編	3	475532	89.649100
21826	新學期	3	475535	89.649666
21827	新澳洲	3	475538	89.650232
21828	新舊	3	475541	89.650798
21829	新歡	3	475544	89.651364
21830	暗紅色	3	475547	89.651930
21831	暗無天日	3	475550	89.652496
21832	暖身運動	3	475553	89.653062
21833	暖氣	3	475556	89.653628
21834	會館	3	475559	89.654194
21835	業務代表	3	475562	89.654760
21836	楚王	3	475565	89.655326
21837	極短篇	3	475568	89.655892
21838	極點	3	475571	89.656458
21839	極體	3	475574	89.657024
21840	椰子樹	3	475577	89.657590
21841	楊少贛	3	475580	89.658156
21842	楊文廣	3	475583	89.658722
21843	楊秀珍	3	475586	89.659288
21844	楊家將	3	475589	89.659854
21845	楊桃	3	475592	89.660420
21846	楊朝陽	3	475595	89.660986
21847	楊龍友	3	475598	89.661552
21848	楞住	3	475601	89.662118
21849	歲差	3	475604	89.662684
21850	毀損	3	475607	89.663250
21851	毀壞	3	475610	89.663816
21852	溢滿	3	475613	89.664382
21853	溶入	3	475616	89.664948
21854	滅火	3	475619	89.665514
21855	滅火器	3	475622	89.666080
21856	溺死	3	475625	89.666646
21857	溫文	3	475628	89.667212
21858	溫床	3	475631	89.667778
21859	溫和派	3	475634	89.668344
21860	溫泉區	3	475637	89.668910
21861	滑水	3	475640	89.669476
21862	準決賽	3	475643	89.670042
21863	準備率	3	475646	89.670608
21864	準繩	3	475649	89.671174
21865	溜冰賽	3	475652	89.671740
21866	溜滑梯	3	475655	89.672306
21867	煙味	3	475658	89.672872
21868	煙草	3	475661	89.673438
21869	煙草鑲嵌病毒	3	475664	89.674004
21870	煙酒	3	475667	89.674570
21871	煙蒂	3	475670	89.675136
21872	煩燥	3	475673	89.675702
21873	煩躁	3	475676	89.676268
21874	煤氣	3	475679	89.676834
21875	煉油	3	475682	89.677400
21876	照相風箏	3	475685	89.677966
21877	照單全收	3	475688	89.678532
21878	照管	3	475691	89.679098
21879	照耀	3	475694	89.679664
21880	煞車踏板	3	475697	89.680230
21881	獅子座	3	475700	89.680796
21882	獅子會	3	475703	89.681362
21883	當兒	3	475706	89.681928
21884	當眾	3	475709	89.682494
21885	痱子	3	475712	89.683060
21886	睦鄰	3	475715	89.683626
21887	督撫	3	475718	89.684192
21888	碉堡	3	475721	89.684758
21889	碑文	3	475724	89.685324
21890	碑石	3	475727	89.685890
21891	禁演	3	475730	89.686456
21892	萬有引力定律	3	475733	89.687022
21893	萬花會	3	475736	89.687588
21894	萬籟俱寂	3	475739	89.688154
21895	節律	3	475742	89.688720
21896	節流	3	475745	89.689286
21897	節儉	3	475748	89.689852
21898	經期	3	475751	89.690418
21899	經濟力	3	475754	89.690984
21900	經濟改革	3	475757	89.691550
21901	經濟研究所	3	475760	89.692116
21902	經濟特區	3	475763	89.692682
21903	經濟區	3	475766	89.693248
21904	經濟體	3	475769	89.693814
21905	罪人	3	475772	89.694380
21906	義氣	3	475775	89.694946
21907	義憤填膺	3	475778	89.695512
21908	義警	3	475781	89.696078
21909	群臣	3	475784	89.696644
21910	群眾運動	3	475787	89.697210
21911	群集	3	475790	89.697776
21912	群聚	3	475793	89.698342
21913	聖格號	3	475796	89.698908
21914	聖像	3	475799	89.699474
21915	聖誕夜	3	475802	89.700040
21916	聘任	3	475805	89.700606
21917	肆無忌憚	3	475808	89.701172
21918	腰圍	3	475811	89.701738
21919	腰椎	3	475814	89.702304
21920	腰椎間盤突出症	3	475817	89.702870
21921	腸子	3	475820	89.703436
21922	腳部	3	475823	89.704002
21923	腳踏實地	3	475826	89.704568
21924	腹脹	3	475829	89.705134
21925	腦死	3	475832	89.705700
21926	腦死亡法	3	475835	89.706266
21927	腦波	3	475838	89.706832
21928	腦垂體	3	475841	89.707398
21929	腦幹	3	475844	89.707964
21930	艇劀	3	475847	89.708530
21931	艇劀歸國	3	475850	89.709096
21932	落戶	3	475853	89.709662
21933	落在	3	475856	89.710228
21934	落敗	3	475859	89.710794
21935	落款	3	475862	89.711360
21936	落彈	3	475865	89.711926
21937	落磯山	3	475868	89.712492
21938	落磯山脈	3	475871	89.713058
21939	葉氏	3	475874	89.713624
21940	葉玉卿	3	475877	89.714190
21941	葉忠興	3	475880	89.714756
21942	葡萄城	3	475883	89.715322
21943	號召力	3	475886	89.715888
21944	號角	3	475889	89.716454
21945	號誌	3	475892	89.717020
21946	蜂擁	3	475895	89.717586
21947	補正	3	475898	89.718152
21948	補白	3	475901	89.718718
21949	補足	3	475904	89.719284
21950	補繳	3	475907	89.719850
21951	裝有	3	475910	89.720416
21952	裝訂	3	475913	89.720982
21953	裝瓶廠	3	475916	89.721548
21954	裕豐紗廠	3	475919	89.722114
21955	裕響電子	3	475922	89.722680
21956	解放軍	3	475925	89.723246
21957	解剖車	3	475928	89.723812
21958	解雇	3	475931	89.724378
21959	解禁	3	475934	89.724944
21960	解碼	3	475937	89.725510
21961	解囊	3	475940	89.726076
21962	該做	3	475943	89.726642
21963	詳情	3	475946	89.727208
21964	試車手	3	475949	89.727774
21965	試委會	3	475952	89.728340
21966	試拍	3	475955	89.728906
21967	試金石	3	475958	89.729472
21968	試乘	3	475961	89.730038
21969	試演	3	475964	89.730604
21970	試管嬰兒	3	475967	89.731170
21971	試鏡	3	475970	89.731736
21972	詩書	3	475973	89.732302
21973	詩情	3	475976	89.732868
21974	詩情畫意	3	475979	89.733434
21975	詩意	3	475982	89.734000
21976	詩經	3	475985	89.734566
21977	誇口	3	475988	89.735132
21978	誇獎	3	475991	89.735698
21979	誠徵	3	475994	89.736264
21980	詭計	3	475997	89.736830
21981	訾議	3	476000	89.737396
21982	資金	3	476003	89.737962
21983	賈毅然	3	476006	89.738528
21984	路子	3	476009	89.739094
21985	路易松	3	476012	89.739660
21986	路基	3	476015	89.740226
21987	跳水	3	476018	89.740792
21988	跳板	3	476021	89.741358
21989	跳級	3	476024	89.741924
21990	跳票	3	476027	89.742490
21991	躲避球賽	3	476030	89.743056
21992	載重	3	476033	89.743622
21993	農作	3	476036	89.744188
21994	農校	3	476039	89.744754
21995	農產	3	476042	89.745320
21996	農莊	3	476045	89.745886
21997	運回	3	476048	89.746452
21998	運到	3	476051	89.747018
21999	運動服	3	476054	89.747584
22000	運動衫	3	476057	89.748150
22001	運動鞋	3	476060	89.748716
22002	運算	3	476063	89.749282
22003	遊山玩水	3	476066	89.749848
22004	遊牧	3	476069	89.750414
22005	遊說法	3	476072	89.750980
22006	遊說者	3	476075	89.751546
22007	遊蕩	3	476078	89.752112
22008	道家	3	476081	89.752678
22009	道賀	3	476084	89.753244
22010	道義	3	476087	89.753810
22011	道路安全	3	476090	89.754376
22012	達卡	3	476093	89.754942
22013	違約交割	3	476096	89.755508
22014	違章建築	3	476099	89.756074
22015	違禁	3	476102	89.756640
22016	違警罰法	3	476105	89.757206
22017	過半數	3	476108	89.757772
22018	過目	3	476111	89.758338
22019	過來人	3	476114	89.758904
22020	過活	3	476117	89.759470
22021	過期	3	476120	89.760036
22022	過渡期	3	476123	89.760602
22023	過意不去	3	476126	89.761168
22024	過節	3	476129	89.761734
22025	過橋費	3	476132	89.762300
22026	過錯	3	476135	89.762866
22027	鄒族	3	476138	89.763432
22028	鈾礦	3	476141	89.763998
22029	鉤爪	3	476144	89.764564
22030	鈴木汽車	3	476147	89.765130
22031	鉅片	3	476150	89.765696
22032	鉅細靡遺	3	476153	89.766262
22033	隔年	3	476156	89.766828
22034	隕石坑	3	476159	89.767394
22035	雉科	3	476162	89.767960
22036	雷伯龍	3	476165	89.768526
22037	雷射印表機	3	476168	89.769092
22038	雷厲風行	3	476171	89.769658
22039	電子四速自排	3	476174	89.770224
22040	電子耳蝸	3	476177	89.770790
22041	電子控制四速自排	3	476180	89.771356
22042	電子產品	3	476183	89.771922
22043	電子琴	3	476186	89.772488
22044	電冰箱	3	476189	89.773054
22045	電氣化	3	476192	89.773620
22046	電動天窗	3	476195	89.774186
22047	電晶體	3	476198	89.774752
22048	電視界	3	476201	89.775318
22049	電量	3	476204	89.775884
22050	電鈕	3	476207	89.776450
22051	電腦業	3	476210	89.777016
22052	電話機	3	476213	89.777582
22053	電話簿	3	476216	89.778148
22054	電鈴	3	476219	89.778714
22055	電磁波	3	476222	89.779280
22056	電線桿	3	476225	89.779846
22057	電燈	3	476228	89.780412
22058	電燈泡	3	476231	89.780978
22059	電頻	3	476234	89.781544
22060	零散	3	476237	89.782110
22061	零亂	3	476240	89.782676
22062	零錢	3	476243	89.783242
22063	預防針	3	476246	89.783808
22064	預防醫學	3	476249	89.784374
22065	預訂單	3	476252	89.784940
22066	頑皮家族	3	476255	89.785506
22067	頑童	3	476258	89.786072
22068	頒布	3	476261	89.786638
22069	頒給	3	476264	89.787204
22070	頒贈	3	476267	89.787770
22071	飼主	3	476270	89.788336
22072	飽漲	3	476273	89.788902
22073	飾板	3	476276	89.789468
22074	飾物	3	476279	89.790034
22075	飾品	3	476282	89.790600
22076	飾條	3	476285	89.791166
22077	鼎足而立	3	476288	89.791732
22078	鼓山	3	476291	89.792298
22079	鼓脹	3	476294	89.792864
22080	鼠兔	3	476297	89.793430
22081	僕役	3	476300	89.793996
22082	像素	3	476303	89.794562
22083	兢兢業業	3	476306	89.795128
22084	嘆氣	3	476309	89.795694
22085	嘉市	3	476312	89.796260
22086	嘉勉	3	476315	89.796826
22087	嘉隆成衣廠	3	476318	89.797392
22088	嘉靖	3	476321	89.797958
22089	嘉賓	3	476324	89.798524
22090	團團轉	3	476327	89.799090
22091	圖強	3	476330	89.799656
22092	圖謀	3	476333	89.800222
22093	塵埃落定	3	476336	89.800788
22094	墓誌銘	3	476339	89.801354
22095	墊子	3	476342	89.801920
22096	墊底	3	476345	89.802486
22097	墊繳	3	476348	89.803052
22098	壽星	3	476351	89.803618
22099	夢鄉	3	476354	89.804184
22100	奪回	3	476357	89.804750
22101	奪取	3	476360	89.805316
22102	奪權	3	476363	89.805882
22103	嫖客	3	476366	89.806448
22104	孵出	3	476369	89.807014
22105	寧波	3	476372	89.807580
22106	寥落	3	476375	89.808146
22107	實惠	3	476378	89.808712
22108	實戰	3	476381	89.809278
22109	實驗性	3	476384	89.809844
22110	實驗班	3	476387	89.810410
22111	寢殿	3	476390	89.810976
22112	對此	3	476393	89.811542
22113	對勁	3	476396	89.812108
22114	對流	3	476399	89.812674
22115	對街	3	476402	89.813240
22116	對談	3	476405	89.813806
22117	屢見不鮮	3	476408	89.814372
22118	屢敗屢戰	3	476411	89.814938
22119	屢屢	3	476414	89.815504
22120	幕僚長	3	476417	89.816070
22121	廖泉裕	3	476420	89.816636
22122	徹查	3	476423	89.817202
22123	慢步	3	476426	89.817768
22124	慢條斯理	3	476429	89.818334
22125	慢慢地	3	476432	89.818900
22126	慣有	3	476435	89.819466
22127	慣於	3	476438	89.820032
22128	慣常	3	476441	89.820598
22129	慘不忍睹	3	476444	89.821164
22130	摘要	3	476447	89.821730
22131	摘除	3	476450	89.822296
22132	摔角	3	476453	89.822862
22133	摔傷	3	476456	89.823428
22134	撤回	3	476459	89.823994
22135	撤資	3	476462	89.824560
22136	撤職	3	476465	89.825126
22137	摸黑	3	476468	89.825692
22138	旗子	3	476471	89.826258
22139	旗袍	3	476474	89.826824
22140	旗號	3	476477	89.827390
22141	榜單	3	476480	89.827956
22142	榮枯	3	476483	89.828522
22143	榻榻米	3	476486	89.829088
22144	槍斃	3	476489	89.829654
22145	槌球	3	476492	89.830220
22146	歌劇院	3	476495	89.830786
22147	演奏家	3	476498	89.831352
22148	演劇活動	3	476501	89.831918
22149	演繹	3	476504	89.832484
22150	滾燙	3	476507	89.833050
22151	滴藥	3	476510	89.833616
22152	漏雨	3	476513	89.834182
22153	漂白	3	476516	89.834748
22154	漢文	3	476519	89.835314
22155	滿口	3	476522	89.835880
22156	滿分	3	476525	89.836446
22157	滿腔	3	476528	89.837012
22158	滿漢	3	476531	89.837578
22159	滿滿	3	476534	89.838144
22160	漆器	3	476537	89.838710
22161	漸增	3	476540	89.839276
22162	漸趨	3	476543	89.839842
22163	漲跌	3	476546	89.840408
22164	漲落	3	476549	89.840974
22165	漫談	3	476552	89.841540
22166	滬尾	3	476555	89.842106
22167	滲出	3	476558	89.842672
22168	熔解爐	3	476561	89.843238
22169	熊掌	3	476564	89.843804
22170	瑣碎	3	476567	89.844370
22171	瑪麗伊莉莎白馬斯楚湯妮奧	3	476570	89.844936
22172	疑案	3	476573	89.845502
22173	疑點	3	476576	89.846068
22174	疑難雜症	3	476579	89.846634
22175	監工	3	476582	89.847200
22176	監測站	3	476585	89.847766
22177	監禁	3	476588	89.848332
22178	監察院	3	476591	89.848898
22179	磁碟機	3	476594	89.849464
22180	碧海	3	476597	89.850030
22181	碧綠	3	476600	89.850596
22182	碳纖維	3	476603	89.851162
22183	福隆	3	476606	89.851728
22184	福蘭克	3	476609	89.852294
22185	種田	3	476612	89.852860
22186	種籽	3	476615	89.853426
22187	稱臣	3	476618	89.853992
22188	稱許	3	476621	89.854558
22189	端視	3	476624	89.855124
22190	管人	3	476627	89.855690
22191	管束	3	476630	89.856256
22192	管弦	3	476633	89.856822
22193	管弦樂	3	476636	89.857388
22194	管家婆	3	476639	89.857954
22195	管理局	3	476642	89.858520
22196	管樂	3	476645	89.859086
22197	筵席	3	476648	89.859652
22198	算數	3	476651	89.860218
22199	精英廣告公司	3	476654	89.860784
22200	精神病院	3	476657	89.861350
22201	精華區	3	476660	89.861916
22202	精選	3	476663	89.862482
22203	精鍊	3	476666	89.863048
22204	綠一文字蝶	3	476669	89.863614
22205	綠十字	3	476672	89.864180
22206	綠水	3	476675	89.864746
22207	綠油油	3	476678	89.865312
22208	綠草	3	476681	89.865878
22209	綠草如茵	3	476684	89.866444
22210	綠蔭	3	476687	89.867010
22211	綠燈	3	476690	89.867576
22212	緊要關頭	3	476693	89.868142
22213	緊貼	3	476696	89.868708
22214	緊鄰	3	476699	89.869274
22215	網球拍	3	476702	89.869840
22216	網羅	3	476705	89.870406
22217	綿羊	3	476708	89.870972
22218	維吾爾人	3	476711	89.871538
22219	維妙維肖	3	476714	89.872104
22220	罰單	3	476717	89.872670
22221	罰錢	3	476720	89.873236
22222	聚散	3	476723	89.873802
22223	肇事	3	476726	89.874368
22224	肇始	3	476729	89.874934
22225	臺片	3	476732	89.875500
22226	臺北大學	3	476735	89.876066
22227	臺北市立動物園	3	476738	89.876632
22228	臺北市長	3	476741	89.877198
22229	臺北車站	3	476744	89.877764
22230	臺北醫學院	3	476747	89.878330
22231	臺泥	3	476750	89.878896
22232	臺金公司	3	476753	89.879462
22233	臺海	3	476756	89.880028
22234	臺海兩岸	3	476759	89.880594
22235	臺塑企業	3	476762	89.881160
22236	臺鳳	3	476765	89.881726
22237	臺籍	3	476768	89.882292
22238	臺灣師範大學	3	476771	89.882858
22239	臺灣新生報	3	476774	89.883424
22240	與世無爭	3	476777	89.883990
22241	與會者	3	476780	89.884556
22242	舞伴	3	476783	89.885122
22243	舞技	3	476786	89.885688
22244	舞步	3	476789	89.886254
22245	舞姿	3	476792	89.886820
22246	舞弊案	3	476795	89.887386
22247	舞龍	3	476798	89.887952
22248	舞蹈家	3	476801	89.888518
22249	舞蹈班	3	476804	89.889084
22250	蓄勢待發	3	476807	89.889650
22251	蓄意	3	476810	89.890216
22252	蒙古族	3	476813	89.890782
22253	蒙面	3	476816	89.891348
22254	蒙娜麗莎	3	476819	89.891914
22255	蒙羞	3	476822	89.892480
22256	蒙蔽	3	476825	89.893046
22257	蓋住	3	476828	89.893612
22258	蒸蛋	3	476831	89.894178
22259	蒐羅	3	476834	89.894744
22260	蒼生	3	476837	89.895310
22261	蜜蠟	3	476840	89.895876
22262	蜷縮	3	476843	89.896442
22263	裹住	3	476846	89.897008
22264	製片公司	3	476849	89.897574
22265	製作費	3	476852	89.898140
22266	語言能力	3	476855	89.898706
22267	語言學	3	476858	89.899272
22268	語焉不詳	3	476861	89.899838
22269	語彙	3	476864	89.900404
22270	認明	3	476867	89.900970
22271	認捐	3	476870	89.901536
22272	認證	3	476873	89.902102
22273	誓師	3	476876	89.902668
22274	誓願	3	476879	89.903234
22275	誤入歧途	3	476882	89.903800
22276	誤判	3	476885	89.904366
22277	誤食	3	476888	89.904932
22278	誤診	3	476891	89.905498
22279	誤輸	3	476894	89.906064
22280	說故事	3	476897	89.906630
22281	說辭	3	476900	89.907196
22282	豪爽	3	476903	89.907762
22283	豪華遊	3	476906	89.908328
22284	豪賭	3	476909	89.908894
22285	賓士	3	476912	89.909460
22286	賓士車	3	476915	89.910026
22287	賓松	3	476918	89.910592
22288	赫本	3	476921	89.911158
22289	赫伯特	3	476924	89.911724
22290	赫赫有名	3	476927	89.912290
22291	趙孟頫	3	476930	89.912856
22292	趙飛燕	3	476933	89.913422
22293	趕往	3	476936	89.913988
22294	趕集	3	476939	89.914554
22295	輔級	3	476942	89.915120
22296	輔導室	3	476945	89.915686
22297	輕信	3	476948	89.916252
22298	輕重	3	476951	89.916818
22299	輕率	3	476954	89.917384
22300	輕描淡寫	3	476957	89.917950
22301	輕輕地	3	476960	89.918516
22302	輕聲細語	3	476963	89.919082
22303	輕薄	3	476966	89.919648
22304	遠去	3	476969	89.920214
22305	遠因	3	476972	89.920780
22306	遠行	3	476975	89.921346
22307	遠東集團	3	476978	89.921912
22308	遠近馳名	3	476981	89.922478
22309	遠望	3	476984	89.923044
22310	遠勝	3	476987	89.923610
22311	遣送	3	476990	89.924176
22312	遙控器	3	476993	89.924742
22313	遞補	3	476996	89.925308
22314	遞變	3	476999	89.925874
22315	酵素	3	477002	89.926440
22316	酷刑	3	477005	89.927006
22317	酷似	3	477008	89.927572
22318	銀行系	3	477011	89.928138
22319	銀樓	3	477014	89.928704
22320	銀髮族	3	477017	89.929270
22321	銅版畫	3	477020	89.929836
22322	銅牌	3	477023	89.930402
22323	銅鑼	3	477026	89.930968
22324	鉻鼻病	3	477029	89.931534
22325	閩南人	3	477032	89.932100
22326	際遇	3	477035	89.932666
22327	頗多	3	477038	89.933232
22328	領航員	3	477041	89.933798
22329	領教	3	477044	89.934364
22330	領結	3	477047	89.934930
22331	領頭	3	477050	89.935496
22332	魁北克	3	477053	89.936062
22333	鳴叫	3	477056	89.936628
22334	鳴聲	3	477059	89.937194
22335	鳳陽婆	3	477062	89.937760
22336	鼻血	3	477065	89.938326
22337	鼻梁	3	477068	89.938892
22338	鼻塞	3	477071	89.939458
22339	鼻頭角	3	477074	89.940024
22340	齊名	3	477077	89.940590
22341	億萬年	3	477080	89.941156
22342	儀態	3	477083	89.941722
22343	僵持	3	477086	89.942288
22344	價值感	3	477089	89.942854
22345	價格合理性	3	477092	89.943420
22346	價廉物美	3	477095	89.943986
22347	劇力萬鈞	3	477098	89.944552
22348	劇作	3	477101	89.945118
22349	劇作家	3	477104	89.945684
22350	劇院	3	477107	89.946250
22351	劇變	3	477110	89.946816
22352	劉大任	3	477113	89.947382
22353	劉奇訓	3	477116	89.947948
22354	劉松藩	3	477119	89.948514
22355	劉昭晴	3	477122	89.949080
22356	劍及履及	3	477125	89.949646
22357	劍拔弩張	3	477128	89.950212
22358	厲威廉	3	477131	89.950778
22359	嘹亮	3	477134	89.951344
22360	嘲弄	3	477137	89.951910
22361	噴水	3	477140	89.952476
22362	噴墨	3	477143	89.953042
22363	噴墨印表機	3	477146	89.953608
22364	增田久男	3	477149	89.954174
22365	墳墓	3	477152	89.954740
22366	墮入	3	477155	89.955306
22367	墮胎	3	477158	89.955872
22368	嬉皮	3	477161	89.956438
22369	嬌膚	3	477164	89.957004
22370	嬌豔	3	477167	89.957570
22371	寬大	3	477170	89.958136
22372	寬厚	3	477173	89.958702
22373	審訊	3	477176	89.959268
22374	審問員	3	477179	89.959834
22375	寫意	3	477182	89.960400
22376	寫稿	3	477185	89.960966
22377	層數	3	477188	89.961532
22378	廣布	3	477191	89.962098
22379	廣告系	3	477194	89.962664
22380	廣告圈	3	477197	89.963230
22381	廣告費	3	477200	89.963796
22382	廣東省	3	477203	89.964362
22383	廣設	3	477206	89.964928
22384	廣慈婦職所	3	477209	89.965494
22385	廣邀	3	477212	89.966060
22386	廣豐實業	3	477215	89.966626
22387	廠家	3	477218	89.967192
22388	彈唱	3	477221	89.967758
22389	彈藥	3	477224	89.968324
22390	影印機	3	477227	89.968890
22391	影星	3	477230	89.969456
22392	影帶	3	477233	89.970022
22393	影視	3	477236	89.970588
22394	影評	3	477239	89.971154
22395	影碟	3	477242	89.971720
22396	影嚮	3	477245	89.972286
22397	德仁	3	477248	89.972852
22398	德國麻疹	3	477251	89.973418
22399	德國痲疹	3	477254	89.973984
22400	德陽廈	3	477257	89.974550
22401	徵展	3	477260	89.975116
22402	徵詢	3	477263	89.975682
22403	慶曆	3	477266	89.976248
22404	慕斯丹	3	477269	89.976814
22405	慾求	3	477272	89.977380
22406	憐惜	3	477275	89.977946
22407	憎恨	3	477278	89.978512
22408	憤懣	3	477281	89.979078
22409	摩拳擦掌	3	477284	89.979644
22410	撞球廳	3	477287	89.980210
22411	撲朔迷離	3	477290	89.980776
22412	撲殺	3	477293	89.981342
22413	撰稿人	3	477296	89.981908
22414	撥通	3	477299	89.982474
22415	撒野	3	477302	89.983040
22416	播報	3	477305	89.983606
22417	播種	3	477308	89.984172
22418	撫養	3	477311	89.984738
22419	敵軍	3	477314	89.985304
22420	數術	3	477317	89.985870
22421	暫代	3	477320	89.986436
22422	暴力行為	3	477323	89.987002
22423	暴力傾向	3	477326	89.987568
22424	暴行	3	477329	89.988134
22425	暴君	3	477332	89.988700
22426	暴戾	3	477335	89.989266
22427	暴雨	3	477338	89.989832
22428	暴風圈	3	477341	89.990398
22429	暴飲暴食	3	477344	89.990964
22430	暱稱	3	477347	89.991530
22431	樣本	3	477350	89.992096
22432	樣貌	3	477353	89.992662
22433	標竿	3	477356	89.993228
22434	標會	3	477359	89.993794
22435	槽谷	3	477362	89.994360
22436	模具	3	477365	89.994926
22437	樓閣	3	477368	89.995492
22438	樂手	3	477371	89.996058
22439	樂府	3	477374	89.996624
22440	樂陶陶	3	477377	89.997190
22441	樂極生悲	3	477380	89.997756
22442	歐亞	3	477383	89.998322
22443	歐陸	3	477386	89.998888
22444	歐陽予倩	3	477389	89.999454
22445	歐劍窗	3	477392	90.000020
22446	潦倒	3	477395	90.000586
22447	潔西	3	477398	90.001152
22448	潛伏期	3	477401	90.001718
22449	潛質	3	477404	90.002284
22450	潮起潮落	3	477407	90.002850
22451	澎湖縣	3	477410	90.003416
22452	潺潺	3	477413	90.003982
22453	潤澤	3	477416	90.004548
22454	熟人	3	477419	90.005114
22455	熟能生巧	3	477422	90.005680
22456	熟記	3	477425	90.006246
22457	熱水器	3	477428	90.006812
22458	熱狗	3	477431	90.007378
22459	熱空氣	3	477434	90.007944
22460	熱氣	3	477437	90.008510
22461	熱帶魚	3	477440	90.009076
22462	熱鬧非凡	3	477443	90.009642
22463	熱戰	3	477446	90.010208
22464	熱點	3	477449	90.010774
22465	熱戀	3	477452	90.011340
22466	犛牛	3	477455	90.011906
22467	獎牌	3	477458	90.012472
22468	瘦小	3	477461	90.013038
22469	瘦削	3	477464	90.013604
22470	瘦鵝	3	477467	90.014170
22471	皺褶	3	477470	90.014736
22472	盤古大陸	3	477473	90.015302
22473	盤古開天	3	477476	90.015868
22474	盤問	3	477479	90.016434
22475	磅秤	3	477482	90.017000
22476	確鑿	3	477485	90.017566
22477	稽核	3	477488	90.018132
22478	稽徵	3	477491	90.018698
22479	稻作	3	477494	90.019264
22480	稻穀	3	477497	90.019830
22481	糊狀	3	477500	90.020396
22482	練球	3	477503	90.020962
22483	緯度	3	477506	90.021528
22484	緬甸	3	477509	90.022094
22485	緝私艇	3	477512	90.022660
22486	編舞	3	477515	90.023226
22487	編撰	3	477518	90.023792
22488	編纂	3	477521	90.024358
22489	緣起	3	477524	90.024924
22490	線性	3	477527	90.025490
22491	線圈	3	477530	90.026056
22492	緩衝	3	477533	90.026622
22493	罷相	3	477536	90.027188
22494	翩然	3	477539	90.027754
22495	膚色	3	477542	90.028320
22496	膚質	3	477545	90.028886
22497	蔣彥士	3	477548	90.029452
22498	蓬勃發展	3	477551	90.030018
22499	蓬裙	3	477554	90.030584
22500	蝴蝶結	3	477557	90.031150
22501	蝦仁	3	477560	90.031716
22502	蝨子	3	477563	90.032282
22503	衛生衣	3	477566	90.032848
22504	衛生所	3	477569	90.033414
22505	衛城	3	477572	90.033980
22506	衛星星系	3	477575	90.034546
22507	衛星電視	3	477578	90.035112
22508	衛視	3	477581	90.035678
22509	衛隊長	3	477584	90.036244
22510	衝口而出	3	477587	90.036810
22511	衝破	3	477590	90.037376
22512	衝擊力	3	477593	90.037942
22513	複查	3	477596	90.038508
22514	談天	3	477599	90.039074
22515	請命	3	477602	90.039640
22516	請進	3	477605	90.040206
22517	諸君	3	477608	90.040772
22518	諸島	3	477611	90.041338
22519	課間餐	3	477614	90.041904
22520	課業輔導	3	477617	90.042470
22521	調子	3	477620	90.043036
22522	調侃	3	477623	90.043602
22523	調往	3	477626	90.044168
22524	調景嶺	3	477629	90.044734
22525	調閱權	3	477632	90.045300
22526	調養	3	477635	90.045866
22527	調劑	3	477638	90.046432
22528	調劑價	3	477641	90.046998
22529	論調	3	477644	90.047564
22530	論壇	3	477647	90.048130
22531	論據	3	477650	90.048696
22532	諍言	3	477653	90.049262
22533	豎琴	3	477656	90.049828
22534	豬八戒	3	477659	90.050394
22535	豬糞	3	477662	90.050960
22536	賠本	3	477665	90.051526
22537	賞燈	3	477668	90.052092
22538	賦稅	3	477671	90.052658
22539	賦與	3	477674	90.053224
22540	賭城	3	477677	90.053790
22541	賣車	3	477680	90.054356
22542	質料	3	477683	90.054922
22543	質問	3	477686	90.055488
22544	質變	3	477689	90.056054
22545	踢毽	3	477692	90.056620
22546	躺椅	3	477695	90.057186
22547	輝映	3	477698	90.057752
22548	輪值	3	477701	90.058318
22549	輪船	3	477704	90.058884
22550	輪軸	3	477707	90.059450
22551	適才	3	477710	90.060016
22552	適切	3	477713	90.060582
22553	適可而止	3	477716	90.061148
22554	適性	3	477719	90.061714
22555	適得其反	3	477722	90.062280
22556	遷延	3	477725	90.062846
22557	遷往	3	477728	90.063412
22558	遷臺	3	477731	90.063978
22559	鄰家	3	477734	90.064544
22560	鄭孟松	3	477737	90.065110
22561	鄭明進	3	477740	90.065676
22562	醉翁亭記	3	477743	90.066242
22563	醃製	3	477746	90.066808
22564	銷售員	3	477749	90.067374
22565	銷售率	3	477752	90.067940
22566	鋪好	3	477755	90.068506
22567	銳氣	3	477758	90.069072
22568	銳意	3	477761	90.069638
22569	銲接	3	477764	90.070204
22570	銲接劑	3	477767	90.070770
22571	閱歷	3	477770	90.071336
22572	閱讀性	3	477773	90.071902
22573	震撼力	3	477776	90.072468
22574	鞋匠	3	477779	90.073034
22575	鞏俐	3	477782	90.073600
22576	鞏義縣	3	477785	90.074166
22577	養老	3	477788	90.074732
22578	養性	3	477791	90.075298
22579	養家	3	477794	90.075864
22580	養殖戶	3	477797	90.076430
22581	養豬	3	477800	90.076996
22582	養豬戶	3	477803	90.077562
22583	駐外	3	477806	90.078128
22584	駛入	3	477809	90.078694
22585	駕乘	3	477812	90.079260
22586	駕照	3	477815	90.079826
22587	駕駛盤	3	477818	90.080392
22588	鬧哄哄	3	477821	90.080958
22589	鬧熱滾滾	3	477824	90.081524
22590	墨西拿海峽	3	477827	90.082090
22591	齒痕	3	477830	90.082656
22592	齒鯨類	3	477833	90.083222
22593	儒雅	3	477836	90.083788
22594	冀求	3	477839	90.084354
22595	器官移植	3	477842	90.084920
22596	噱頭	3	477845	90.085486
22597	壁虎	3	477848	90.086052
22598	墾丁福華	3	477851	90.086618
22599	奮發向上	3	477854	90.087184
22600	學者	3	477857	90.087750
22601	學分班	3	477860	90.088316
22602	學以致用	3	477863	90.088882
22603	學而優則仕	3	477866	90.089448
22604	學派	3	477869	90.090014
22605	學徒	3	477872	90.090580
22606	學院派	3	477875	90.091146
22607	學術研究	3	477878	90.091712
22608	學園	3	477881	90.092278
22609	學說	3	477884	90.092844
22610	學潮	3	477887	90.093410
22611	學養	3	477890	90.093976
22612	學藝	3	477893	90.094542
22613	學齡前	3	477896	90.095108
22614	導正	3	477899	90.095674
22615	導因	3	477902	90.096240
22616	導盲犬	3	477905	90.096806
22617	導讀	3	477908	90.097372
22618	憲王	3	477911	90.097938
22619	憲政體制	3	477914	90.098504
22620	憑證	3	477917	90.099070
22621	戰功	3	477920	90.099636
22622	戰時	3	477923	90.100202
22623	戰將	3	477926	90.100768
22624	戰船	3	477929	90.101334
22625	擅自	3	477932	90.101900
22626	擁塞	3	477935	90.102466
22627	擁戴	3	477938	90.103032
22628	擋住	3	477941	90.103598
22629	擇善固執	3	477944	90.104164
22630	擂臺	3	477947	90.104730
22631	操之過急	3	477950	90.105296
22632	操兵	3	477953	90.105862
22633	撿到	3	477956	90.106428
22634	擔保品	3	477959	90.106994
22635	整片	3	477962	90.107560
22636	整地	3	477965	90.108126
22637	整晚	3	477968	90.108692
22638	整部	3	477971	90.109258
22639	整肅	3	477974	90.109824
22640	整裝	3	477977	90.110390
22641	曇花一現	3	477980	90.110956
22642	樹枝	3	477983	90.111522
22643	橢圓星系	3	477986	90.112088
22644	橡膠	3	477989	90.112654
22645	橋牌	3	477992	90.113220
22646	機具	3	477995	90.113786
22647	機飛總動員	3	477998	90.114352
22648	機遇	3	478001	90.114918
22649	機器戰警	3	478004	90.115484
22650	機艙	3	478007	90.116050
22651	歷久不衰	3	478010	90.116616
22652	歷久彌新	3	478013	90.117182
22653	歷史文化	3	478016	90.117748
22654	澳門	3	478019	90.118314
22655	熾盛	3	478022	90.118880
22656	燒瓶	3	478025	90.119446
22657	燒焦	3	478028	90.120012
22658	燒製	3	478031	90.120578
22659	燒餅	3	478034	90.121144
22660	燒窯	3	478037	90.121710
22661	燈具	3	478040	90.122276
22662	燈管	3	478043	90.122842
22663	燕尾服	3	478046	90.123408
22664	獨立性	3	478049	90.123974
22665	獨有	3	478052	90.124540
22666	獨佔	3	478055	90.125106
22667	獨佔鰲頭	3	478058	90.125672
22668	獨享	3	478061	90.126238
22669	獨門	3	478064	90.126804
22670	獨奏會	3	478067	90.127370
22671	獨家新聞	3	478070	90.127936
22672	獨得	3	478073	90.128502
22673	獨處	3	478076	90.129068
22674	獨尊	3	478079	90.129634
22675	獨斷	3	478082	90.130200
22676	盧本斯	3	478085	90.130766
22677	盥洗室	3	478088	90.131332
22678	瞥見	3	478091	90.131898
22679	磨刀	3	478094	90.132464
22680	磨光	3	478097	90.133030
22681	磨損	3	478100	90.133596
22682	積怨	3	478103	90.134162
22683	積累	3	478106	90.134728
22684	積雲	3	478109	90.135294
22685	積極性	3	478112	90.135860
22686	積聚	3	478115	90.136426
22687	穆勒	3	478118	90.136992
22688	穆斯林	3	478121	90.137558
22689	築起	3	478124	90.138124
22690	縣立	3	478127	90.138690
22691	縣城	3	478130	90.139256
22692	縝密	3	478133	90.139822
22693	翰林	3	478136	90.140388
22694	蕃薯簽	3	478139	90.140954
22695	融和	3	478142	90.141520
22696	融通	3	478145	90.142086
22697	融雪	3	478148	90.142652
22698	親切感	3	478151	90.143218
22699	親水公園	3	478154	90.143784
22700	親民	3	478157	90.144350
22701	親和	3	478160	90.144916
22702	親朋	3	478163	90.145482
22703	親恩	3	478166	90.146048
22704	親等	3	478169	90.146614
22705	親貴	3	478172	90.147180
22706	諧星	3	478175	90.147746
22707	謁陵	3	478178	90.148312
22708	貓論	3	478181	90.148878
22709	賴德	3	478184	90.149444
22710	賴德醫療器材公司	3	478187	90.150010
22711	輸尿管	3	478190	90.150576
22712	輸精管	3	478193	90.151142
22713	辦學	3	478196	90.151708
22714	選拔賽	3	478199	90.152274
22715	選臺器	3	478202	90.152840
22716	選賢與能	3	478205	90.153406
22717	選擇性	3	478208	90.153972
22718	遼寧	3	478211	90.154538
22719	遺毒	3	478214	90.155104
22720	遺傳學家	3	478217	90.155670
22721	遺像	3	478220	90.156236
22722	遺贈	3	478223	90.156802
22723	醒悟	3	478226	90.157368
22724	鋸尾副革魨	3	478229	90.157934
22725	錯不了	3	478232	90.158500
22726	錯失良機	3	478235	90.159066
22727	錯字	3	478238	90.159632
22728	錯位	3	478241	90.160198
22729	錯別字	3	478244	90.160764
22730	錯愕	3	478247	90.161330
22731	錯綜	3	478250	90.161896
22732	錯綜複雜	3	478253	90.162462
22733	錯覺	3	478256	90.163028
22734	鋼品	3	478259	90.163594
22735	鋼胚	3	478262	90.164160
22736	鋼絲	3	478265	90.164726
22737	鋼製	3	478268	90.165292
22738	鋼廠	3	478271	90.165858
22739	錦上添花	3	478274	90.166424
22740	錦繡	3	478277	90.166990
22741	隨和	3	478280	90.167556
22742	隨性	3	478283	90.168122
22743	隨時隨地	3	478286	90.168688
22744	隨處可見	3	478289	90.169254
22745	隨機應變	3	478292	90.169820
22746	隨隨便便	3	478295	90.170386
22747	險境	3	478298	90.170952
22748	雕飾	3	478301	90.171518
22749	霍金	3	478304	90.172084
22750	霍華霍克斯	3	478307	90.172650
22751	霍亂	3	478310	90.173216
22752	靜音	3	478313	90.173782
22753	靜脈吸毒者	3	478316	90.174348
22754	靜電	3	478319	90.174914
22755	頻尿	3	478322	90.175480
22756	頻密	3	478325	90.176046
22757	頭一遭	3	478328	90.176612
22758	頭子	3	478331	90.177178
22759	頭蝨	3	478334	90.177744
22760	頭顱	3	478337	90.178310
22761	頤和園	3	478340	90.178876
22762	餐飲業	3	478343	90.179442
22763	餐會	3	478346	90.180008
22764	館藏	3	478349	90.180574
22765	鮑比	3	478352	90.181140
22766	鴕鳥	3	478355	90.181706
22767	默劇	3	478358	90.182272
22768	龍山寺	3	478361	90.182838
22769	龍舟賽	3	478364	90.183404
22770	龍眼	3	478367	90.183970
22771	優厚	3	478370	90.184536
22772	償債	3	478373	90.185102
22773	嚇一跳	3	478376	90.185668
22774	嚇哭	3	478379	90.186234
22775	壓根兒	3	478382	90.186800
22776	壓歲	3	478385	90.187366
22777	壓碎	3	478388	90.187932
22778	壓榨	3	478391	90.188498
22779	孺子	3	478394	90.189064
22780	應付自如	3	478397	90.189630
22781	應召站	3	478400	90.190196
22782	應用題	3	478403	90.190762
22783	應屆	3	478406	90.191328
22784	懂事	3	478409	90.191894
22785	戲迷	3	478412	90.192460
22786	戲劇系	3	478415	90.193026
22787	戲謔	3	478418	90.193592
22788	戴卓爾夫人	3	478421	90.194158
22789	戴傳賢	3	478424	90.194724
22790	擊倒	3	478427	90.195290
22791	擊退	3	478430	90.195856
22792	擠出	3	478433	90.196422
22793	擠進	3	478436	90.196988
22794	擦汗	3	478439	90.197554
22795	擦身而過	3	478442	90.198120
22796	擱置	3	478445	90.198686
22797	擢升	3	478448	90.199252
22798	檢修	3	478451	90.199818
22799	濱海公路	3	478454	90.200384
22800	營火	3	478457	90.200950
22801	營房	3	478460	90.201516
22802	營運中心	3	478463	90.202082
22803	營養師	3	478466	90.202648
22804	營養素	3	478469	90.203214
22805	牆基	3	478472	90.203780
22806	牆腳	3	478475	90.204346
22807	獲釋	3	478478	90.204912
22808	環保團體	3	478481	90.205478
22809	環球報	3	478484	90.206044
22810	療傷	3	478487	90.206610
22811	療養	3	478490	90.207176
22812	瞧不起	3	478493	90.207742
22813	瞧見	3	478496	90.208308
22814	瞭望	3	478499	90.208874
22815	矯健	3	478502	90.209440
22816	矯飾	3	478505	90.210006
22817	礁石	3	478508	90.210572
22818	糜爛	3	478511	90.211138
22819	縮回	3	478514	90.211704
22820	繃帶	3	478517	90.212270
22821	繃緊	3	478520	90.212836
22822	縫隙	3	478523	90.213402
22823	總目	3	478526	90.213968
22824	總合	3	478529	90.214534
22825	總括	3	478532	90.215100
22826	總值	3	478535	90.215666
22827	總務	3	478538	90.216232
22828	總產值	3	478541	90.216798
22829	總統直選	3	478544	90.217364
22830	總督府	3	478547	90.217930
22831	總稱	3	478550	90.218496
22832	總歸	3	478553	90.219062
22833	縱火	3	478556	90.219628
22834	縱貫	3	478559	90.220194
22835	縹緲	3	478562	90.220760
22836	翼龍	3	478565	90.221326
22837	聲勢浩大	3	478568	90.221892
22838	聯合晚報	3	478571	90.222458
22839	聯美	3	478574	90.223024
22840	聯絡簿	3	478577	90.223590
22841	聯署	3	478580	90.224156
22842	聯廣公司	3	478583	90.224722
22843	臆測	3	478586	90.225288
22844	膺選	3	478589	90.225854
22845	臂神經叢	3	478592	90.226420
22846	臂膀	3	478595	90.226986
22847	膽大心細	3	478598	90.227552
22848	膽汁	3	478601	90.228118
22849	膽怯	3	478604	90.228684
22850	膽結石	3	478607	90.229250
22851	膽管結石	3	478610	90.229816
22852	臉紅心跳	3	478613	90.230382
22853	臉容	3	478616	90.230948
22854	臉頰	3	478619	90.231514
22855	臨危不亂	3	478622	90.232080
22856	臨死	3	478625	90.232646
22857	臨床經驗	3	478628	90.233212
22858	臨界密度	3	478631	90.233778
22859	臨場	3	478634	90.234344
22860	臨摹	3	478637	90.234910
22861	舉世聞名	3	478640	90.235476
22862	舉槍	3	478643	90.236042
22863	艱險	3	478646	90.236608
22864	薄膜	3	478649	90.237174
22865	薑湯	3	478652	90.237740
22866	薑辣素	3	478655	90.238306
22867	虧空	3	478658	90.238872
22868	螫傷	3	478661	90.239438
22869	謎樣	3	478664	90.240004
22870	謎題	3	478667	90.240570
22871	謙稱	3	478670	90.241136
22872	謝天謝地	3	478673	90.241702
22873	謝森中	3	478676	90.242268
22874	謝意	3	478679	90.242834
22875	謝辭	3	478682	90.243400
22876	賽爾維亞	3	478685	90.243966
22877	避雷針	3	478688	90.244532
22878	避諱	3	478691	90.245098
22879	遽增	3	478694	90.245664
22880	還多	3	478697	90.246230
22881	鍾馗	3	478700	90.246796
22882	闌尾炎	3	478703	90.247362
22883	隱含	3	478706	90.247928
22884	隱沒	3	478709	90.248494
22885	隱匿	3	478712	90.249060
22886	隱然	3	478715	90.249626
22887	隱隱作痛	3	478718	90.250192
22888	黏住	3	478721	90.250758
22889	黏液	3	478724	90.251324
22890	點醒	3	478727	90.251890
22891	擴音	3	478730	90.252456
22892	擴產	3	478733	90.253022
22893	擾攘	3	478736	90.253588
22894	擺出	3	478739	90.254154
22895	擺設	3	478742	90.254720
22896	擺飾	3	478745	90.255286
22897	斷續	3	478748	90.255852
22898	曜岩	3	478751	90.256418
22899	檳榔園	3	478754	90.256984
22900	歸因	3	478757	90.257550
22901	歸宿	3	478760	90.258116
22902	歸結	3	478763	90.258682
22903	歸鄉	3	478766	90.259248
22904	瞼炎	3	478769	90.259814
22905	瞼腺炎	3	478772	90.260380
22906	禮志	3	478775	90.260946
22907	禮金	3	478778	90.261512
22908	禮聘	3	478781	90.262078
22909	禮親王	3	478784	90.262644
22910	竅門	3	478787	90.263210
22911	簡明	3	478790	90.263776
22912	簡阿發	3	478793	90.264342
22913	簡略	3	478796	90.264908
22914	簡餐	3	478799	90.265474
22915	織布	3	478802	90.266040
22916	織繡	3	478805	90.266606
22917	繞口令	3	478808	90.267172
22918	繞行	3	478811	90.267738
22919	繞道	3	478814	90.268304
22920	繞境	3	478817	90.268870
22921	翹翹板	3	478820	90.269436
22922	翻供	3	478823	90.270002
22923	翻觔斗	3	478826	90.270568
22924	翻覆	3	478829	90.271134
22925	職棒卡	3	478832	90.271700
22926	職業棒球	3	478835	90.272266
22927	舊地重遊	3	478838	90.272832
22928	舊居	3	478841	90.273398
22929	舊時	3	478844	90.273964
22930	舊愛	3	478847	90.274530
22931	舊觀	3	478850	90.275096
22932	藏書	3	478853	90.275662
22933	藏語	3	478856	90.276228
22934	藏寶圖	3	478859	90.276794
22935	藍天白雲	3	478862	90.277360
22936	藍領	3	478865	90.277926
22937	覆議	3	478868	90.278492
22938	覲見	3	478871	90.279058
22939	謹守	3	478874	90.279624
22940	謬論	3	478877	90.280190
22941	豐田	3	478880	90.280756
22942	豐腴	3	478883	90.281322
22943	贅述	3	478886	90.281888
22944	蹦蹦跳跳	3	478889	90.282454
22945	轉手	3	478892	90.283020
22946	轉向感	3	478895	90.283586
22947	轉行	3	478898	90.284152
22948	轉進	3	478901	90.284718
22949	轉盤	3	478904	90.285284
22950	轉賣	3	478907	90.285850
22951	醫科	3	478910	90.286416
22952	醫療設施	3	478913	90.286982
22953	醫療費	3	478916	90.287548
22954	醫藥費	3	478919	90.288114
22955	醫護	3	478922	90.288680
22956	鎖住	3	478925	90.289246
22957	鎖國	3	478928	90.289812
22958	鎮日	3	478931	90.290378
22959	鎚子	3	478934	90.290944
22960	離地	3	478937	90.291510
22961	離家出走	3	478940	90.292076
22962	離席	3	478943	90.292642
22963	離鄉	3	478946	90.293208
22964	雜技	3	478949	90.293774
22965	雜物	3	478952	90.294340
22966	雜糧	3	478955	90.294906
22967	雙打	3	478958	90.295472
22968	雙目	3	478961	90.296038
22969	雙耳	3	478964	90.296604
22970	雙足	3	478967	90.297170
22971	雙門	3	478970	90.297736
22972	雙喜臨門	3	478973	90.298302
22973	雙渦輪增壓器	3	478976	90.298868
22974	雙溪	3	478979	90.299434
22975	雙腳	3	478982	90.300000
22976	雙雙	3	478985	90.300566
22977	雞皮疙瘩	3	478988	90.301132
22978	雞飛狗跳	3	478991	90.301698
22979	雞胸	3	478994	90.302264
22980	鞭子	3	478997	90.302830
22981	鞭打	3	479000	90.303396
22982	題名	3	479003	90.303962
22983	題刻	3	479006	90.304528
22984	騎兵	3	479009	90.305094
22985	騎警	3	479012	90.305660
22986	鬆開	3	479015	90.306226
22987	鬆綁	3	479018	90.306792
22988	魏紅	3	479021	90.307358
22989	魏斯	3	479024	90.307924
22990	魏鏞	3	479027	90.308490
22991	壞心	3	479030	90.309056
22992	壞帳	3	479033	90.309622
22993	壞習慣	3	479036	90.310188
22994	壞痞子	3	479039	90.310754
22995	龐德	3	479042	90.311320
22996	懲戒	3	479045	90.311886
22997	懷中	3	479048	90.312452
22998	爆竹聲	3	479051	90.313018
22999	爆炸案	3	479054	90.313584
23000	爆破	3	479057	90.314150
23001	獸皮	3	479060	90.314716
23002	獸類	3	479063	90.315282
23003	瓊斯杯	3	479066	90.315848
23004	瓊斯盃	3	479069	90.316414
23005	穩重	3	479072	90.316980
23006	穩當	3	479075	90.317546
23007	簽到	3	479078	90.318112
23008	繫念	3	479081	90.318678
23009	繪圖	3	479084	90.319244
23010	繪圖機	3	479087	90.319810
23011	羅勃‧賈拉	3	479090	90.320376
23012	羅浮宮	3	479093	90.320942
23013	羅馬人	3	479096	90.321508
23014	羅馬時代	3	479099	90.322074
23015	羅馬假期	3	479102	90.322640
23016	羅曼史	3	479105	90.323206
23017	羅曼蒂克	3	479108	90.323772
23018	羅盤	3	479111	90.324338
23019	繳付	3	479114	90.324904
23020	繳款	3	479117	90.325470
23021	藝師	3	479120	90.326036
23022	藝術史	3	479123	90.326602
23023	藝術學院	3	479126	90.327168
23024	藝評家	3	479129	90.327734
23025	藝壇	3	479132	90.328300
23026	藥用植物	3	479135	90.328866
23027	藥局	3	479138	90.329432
23028	藥性	3	479141	90.329998
23029	藥酒	3	479144	90.330564
23030	藥廠	3	479147	90.331130
23031	藥箱	3	479150	90.331696
23032	證交所	3	479153	90.332262
23033	證果	3	479156	90.332828
23034	贊助人	3	479159	90.333394
23035	邊防	3	479162	90.333960
23036	邊區	3	479165	90.334526
23037	邋遢	3	479168	90.335092
23038	鏡面	3	479171	90.335658
23039	關中	3	479174	90.336224
23040	關西鎮	3	479177	90.336790
23041	關節炎	3	479180	90.337356
23042	關緊	3	479183	90.337922
23043	關錦鵬	3	479186	90.338488
23044	難事	3	479189	90.339054
23045	難掩	3	479192	90.339620
23046	難當	3	479195	90.340186
23047	霧角	3	479198	90.340752
23048	霧社	3	479201	90.341318
23049	霧峰	3	479204	90.341884
23050	類推	3	479207	90.342450
23051	勸阻	3	479210	90.343016
23052	嚷嚷	3	479213	90.343582
23053	寶安	3	479216	90.344148
23054	寶典	3	479219	90.344714
23055	寶塔	3	479222	90.345280
23056	寶藍	3	479225	90.345846
23057	懸賞	3	479228	90.346412
23058	懺悔	3	479231	90.346978
23059	攔住	3	479234	90.347544
23060	競相	3	479237	90.348110
23061	籌設	3	479240	90.348676
23062	籌備處	3	479243	90.349242
23063	籌辦	3	479246	90.349808
23064	籃球隊	3	479249	90.350374
23065	籃球賽	3	479252	90.350940
23066	繼母	3	479255	90.351506
23067	耀武揚威	3	479258	90.352072
23068	藻類	3	479261	90.352638
23069	蘇富比	3	479264	90.353204
23070	蘇羅考特	3	479267	90.353770
23071	蘊含	3	479270	90.354336
23072	觸感	3	479273	90.354902
23073	議決	3	479276	90.355468
23074	議程	3	479279	90.356034
23075	議論紛紛	3	479282	90.356600
23076	警光	3	479285	90.357166
23077	警告信號	3	479288	90.357732
23078	警官	3	479291	90.358298
23079	警匪片	3	479294	90.358864
23080	警探	3	479297	90.359430
23081	警署	3	479300	90.359996
23082	警語	3	479303	90.360562
23083	警衛	3	479306	90.361128
23084	譯本	3	479309	90.361694
23085	鐘鼓樓	3	479312	90.362260
23086	鐘樓	3	479315	90.362826
23087	飄洋過海	3	479318	90.363392
23088	飄香	3	479321	90.363958
23089	飄落	3	479324	90.364524
23090	黨委書記	3	479327	90.365090
23091	黨營	3	479330	90.365656
23092	懼色	3	479333	90.366222
23093	懼怕	3	479336	90.366788
23094	攝食	3	479339	90.367354
23095	攝影家	3	479342	90.367920
23096	櫻桃	3	479345	90.368486
23097	殲滅	3	479348	90.369052
23098	灌入	3	479351	90.369618
23099	纏繞	3	479354	90.370184
23100	蘭恩幼稚園	3	479357	90.370750
23101	蘭陽平原	3	479360	90.371316
23102	護理站	3	479363	90.371882
23103	躍躍欲試	3	479366	90.372448
23104	轟然	3	479369	90.373014
23105	轟隆	3	479372	90.373580
23106	鐮刀	3	479375	90.374146
23107	鐵皮	3	479378	90.374712
23108	鐵杉	3	479381	90.375278
23109	鐵塔	3	479384	90.375844
23110	鐵幕	3	479387	90.376410
23111	鐵器	3	479390	90.376976
23112	鐵欄杆	3	479393	90.377542
23113	鐵籠	3	479396	90.378108
23114	鐫刻	3	479399	90.378674
23115	霸佔	3	479402	90.379240
23116	露西	3	479405	90.379806
23117	響叮噹	3	479408	90.380372
23118	顧名思義	3	479411	90.380938
23119	驅離	3	479414	90.381504
23120	驅儺	3	479417	90.382070
23121	權位	3	479420	90.382636
23122	灘頭	3	479423	90.383202
23123	聽障生	3	479426	90.383768
23124	襲捲	3	479429	90.384334
23125	襯墊	3	479432	90.384900
23126	讀詩	3	479435	90.385466
23127	贖罪	3	479438	90.386032
23128	贗品	3	479441	90.386598
23129	驕陽	3	479444	90.387164
23130	戀曲	3	479447	90.387730
23131	戀戀不捨	3	479450	90.388296
23132	竊盜	3	479453	90.388862
23133	變亂	3	479456	90.389428
23134	變慢	3	479459	90.389994
23135	變調	3	479462	90.390560
23136	變質	3	479465	90.391126
23137	邏各療法	3	479468	90.391692
23138	驚悚	3	479471	90.392258
23139	驚擾	3	479474	90.392824
23140	驚懼	3	479477	90.393390
23141	驗明正身	3	479480	90.393956
23142	髓核組織	3	479483	90.394522
23143	體形	3	479486	90.395088
23144	體育會	3	479489	90.395654
23145	體味	3	479492	90.396220
23146	體長	3	479495	90.396786
23147	體面	3	479498	90.397352
23148	體悟	3	479501	90.397918
23149	體翅	3	479504	90.398484
23150	體罰	3	479507	90.399050
23151	蠶食	3	479510	90.399616
23152	釀造	3	479513	90.400182
23153	靈活度	3	479516	90.400748
23154	靈氣	3	479519	90.401314
23155	靈骨塔	3	479522	90.401880
23156	靈敏度	3	479525	90.402446
23157	靈魂樂	3	479528	90.403012
23158	靈學	3	479531	90.403578
23159	靈機	3	479534	90.404144
23160	驟升	3	479537	90.404710
23161	驟降	3	479540	90.405276
23162	鷹勾鼻	3	479543	90.405842
23163	鹽酸	3	479546	90.406408
23164	觀光旅館	3	479549	90.406974
23165	觀光節	3	479552	90.407540
23166	觀念性	3	479555	90.408106
23167	觀者	3	479558	90.408672
23168	觀音菩薩	3	479561	90.409238
23169	觀眾席	3	479564	90.409804
23170	觀感	3	479567	90.410370
23171	觀察者	3	479570	90.410936
23172	觀影	3	479573	90.411502
23173	觀摩展	3	479576	90.412068
23174	觀賞者	3	479579	90.412634
23175	纜車	3	479582	90.413200
23176	鑽進	3	479585	90.413766
23177	鑼聲	3	479588	90.414332
23178	鬱卒	3	479591	90.414898
23179	鬱金香	3	479594	90.415464
23180	佼佼者	3	479597	90.416030
23181	囹圄	3	479600	90.416596
23182	孢子	3	479603	90.417162
23183	峇里島人	3	479606	90.417728
23184	桎梏	3	479609	90.418294
23185	祛除	3	479612	90.418860
23186	荖濃溪	3	479615	90.419426
23187	粘土	3	479618	90.419992
23188	揠苗助長	3	479621	90.420558
23189	踰矩	3	479624	90.421124
23190	顢頇	3	479627	90.421690
23191	鱒魚	3	479630	90.422256
23192	一人	2	479632	90.422633
23193	一夕	2	479634	90.423010
23194	一夕致富	2	479636	90.423387
23195	一己	2	479638	90.423764
23196	一分一秒	2	479640	90.424141
23197	一文	2	479642	90.424518
23198	一日千里	2	479644	90.424895
23199	一世	2	479646	90.425272
23200	一失足成千古恨	2	479648	90.425649
23201	一目瞭然	2	479650	90.426026
23202	一回	2	479652	90.426403
23203	一字	2	479654	90.426780
23204	一字排開	2	479656	90.427157
23205	一年四季	2	479658	90.427534
23206	一串紅	2	479660	90.427911
23207	一技之長	2	479662	90.428288
23208	一把抓	2	479664	90.428665
23209	一把罩	2	479666	90.429042
23210	一肚子	2	479668	90.429419
23211	一言不發	2	479670	90.429796
23212	一言堂	2	479672	90.430173
23213	一言難盡	2	479674	90.430550
23214	一來	2	479676	90.430927
23215	一肩挑	2	479678	90.431304
23216	一則	2	479680	90.431681
23217	一室	2	479682	90.432058
23218	一封	2	479684	90.432435
23219	一星期	2	479686	90.432812
23220	一段落	2	479688	90.433189
23221	一派胡言	2	479690	90.433566
23222	一家之言	2	479692	90.433943
23223	一展長才	2	479694	90.434320
23224	一時興起	2	479696	90.434697
23225	一氣呵成	2	479698	90.435074
23226	一眨眼	2	479700	90.435451
23227	一隻	2	479702	90.435828
23228	一側	2	479704	90.436205
23229	一圈	2	479706	90.436582
23230	一國二制	2	479708	90.436959
23231	一堆	2	479710	90.437336
23232	一探究竟	2	479712	90.437713
23233	一掃而光	2	479714	90.438090
23234	一畦	2	479716	90.438467
23235	一袋	2	479718	90.438844
23236	一連	2	479720	90.439221
23237	一部	2	479722	90.439598
23238	一棟	2	479724	90.439975
23239	一湧而上	2	479726	90.440352
23240	一發不可收拾	2	479728	90.440729
23241	一絲	2	479730	90.441106
23242	一週	2	479732	90.441483
23243	一開始	2	479734	90.441860
23244	一塌糊塗	2	479736	90.442237
23245	一路領先	2	479738	90.442614
23246	一頓飯	2	479740	90.442991
23247	一對	2	479742	90.443368
23248	一幕	2	479744	90.443745
23249	一網打盡	2	479746	90.444122
23250	一維空間	2	479748	90.444499
23251	一語不發	2	479750	90.444876
23252	一語道破	2	479752	90.445253
23253	一盤	2	479754	90.445630
23254	一篇	2	479756	90.446007
23255	一瞥	2	479758	90.446384
23256	一頭霧水	2	479760	90.446761
23257	一償宿願	2	479762	90.447138
23258	一聲	2	479764	90.447515
23259	一舉成名	2	479766	90.447892
23260	一瀉千里	2	479768	90.448269
23261	一雙	2	479770	90.448646
23262	一蹴可及	2	479772	90.449023
23263	一類	2	479774	90.449400
23264	一籌莫展	2	479776	90.449777
23265	一覽表	2	479778	90.450154
23266	一覽無遺	2	479780	90.450531
23267	一彎	2	479782	90.450908
23268	一灘	2	479784	90.451285
23269	一體成型	2	479786	90.451662
23270	乙烯	2	479788	90.452039
23271	乙醯膽鹼	2	479790	90.452416
23272	丁守中	2	479792	90.452793
23273	丁零	2	479794	90.453170
23274	七十二變	2	479796	90.453547
23275	七折八扣	2	479798	90.453924
23276	七奏	2	479800	90.454301
23277	七彩繽紛	2	479802	90.454678
23278	七曜攘災決	2	479804	90.455055
23279	九五無鉛汽油	2	479806	90.455432
23280	九命怪貓	2	479808	90.455809
23281	九歌兒童劇團	2	479810	90.456186
23282	九龍	2	479812	90.456563
23283	九彎十八拐	2	479814	90.456940
23284	了不得	2	479816	90.457317
23285	了事	2	479818	90.457694
23286	了無痕跡	2	479820	90.458071
23287	了無新意	2	479822	90.458448
23288	了然	2	479824	90.458825
23289	二二八事件	2	479826	90.459202
23290	二月	2	479828	90.459579
23291	二技	2	479830	90.459956
23292	二話不說	2	479832	90.460333
23293	二維空間	2	479834	90.460710
23294	二廚	2	479836	90.461087
23295	二讀	2	479838	90.461464
23296	人口密度	2	479840	90.461841
23297	人口販子	2	479842	90.462218
23298	人大	2	479844	90.462595
23299	人大會	2	479846	90.462972
23300	人子	2	479848	90.463349
23301	人中	2	479850	90.463726
23302	人心惶惶	2	479852	90.464103
23303	人文薈萃	2	479854	90.464480
23304	人日	2	479856	90.464857
23305	人民銀行	2	479858	90.465234
23306	人民導報	2	479860	90.465611
23307	人犯	2	479862	90.465988
23308	人肉叉燒包	2	479864	90.466365
23309	人形	2	479866	90.466742
23310	人車	2	479868	90.467119
23311	人事處	2	479870	90.467496
23312	人味	2	479872	90.467873
23313	人品	2	479874	90.468250
23314	人高馬大	2	479876	90.468627
23315	人蛇	2	479878	90.469004
23316	人造	2	479880	90.469381
23317	人造雨	2	479882	90.469758
23318	人造纖維	2	479884	90.470135
23319	人魚	2	479886	90.470512
23320	人間仙境	2	479888	90.470889
23321	人意	2	479890	90.471266
23322	人聲	2	479892	90.471643
23323	人叢	2	479894	90.472020
23324	人類學家	2	479896	90.472397
23325	人權份子	2	479898	90.472774
23326	人體工學	2	479900	90.473151
23327	入出境	2	479902	90.473528
23328	入目	2	479904	90.473905
23329	入京	2	479906	90.474282
23330	入夏	2	479908	90.474659
23331	入貢團	2	479910	90.475036
23332	入帳	2	479912	90.475413
23333	入境隨俗	2	479914	90.475790
23334	入閣	2	479916	90.476167
23335	入闈	2	479918	90.476544
23336	入藥	2	479920	90.476921
23337	入籍	2	479922	90.477298
23338	八仙	2	479924	90.477675
23339	八字鬍	2	479926	90.478052
23340	八卦窗	2	479928	90.478429
23341	八股	2	479930	90.478806
23342	八絲緞	2	479932	90.479183
23343	八路軍	2	479934	90.479560
23344	八德鄉	2	479936	90.479937
23345	刀刃	2	479938	90.480314
23346	刀法	2	479940	90.480691
23347	刁難	2	479942	90.481068
23348	力有未迨	2	479944	90.481445
23349	力拼	2	479946	90.481822
23350	力邀	2	479948	90.482199
23351	匕首	2	479950	90.482576
23352	十二指腸球部潰瘍	2	479952	90.482953
23353	十八標	2	479954	90.483330
23354	十三世	2	479956	90.483707
23355	十大建設	2	479958	90.484084
23356	十六氣門引擎	2	479960	90.484461
23357	十四全會	2	479962	90.484838
23358	十全十美	2	479964	90.485215
23359	十字路	2	479966	90.485592
23360	十步芳草	2	479968	90.485969
23361	十誡	2	479970	90.486346
23362	三三兩兩	2	479972	90.486723
23363	三寸金蓮	2	479974	90.487100
23364	三五成群	2	479976	90.487477
23365	三月	2	479978	90.487854
23366	三仙臺	2	479980	90.488231
23367	三民主義	2	479982	90.488608
23368	三民書局	2	479984	90.488985
23369	三民國小	2	479986	90.489362
23370	三合一疫苗	2	479988	90.489739
23371	三角洲	2	479990	90.490116
23372	三言兩語	2	479992	90.490493
23373	三芝鄉	2	479994	90.490870
23374	三思	2	479996	90.491247
23375	三段式	2	479998	90.491624
23376	三振	2	480000	90.492001
23377	三振出局	2	480002	90.492378
23378	三浦	2	480004	90.492755
23379	三級片	2	480006	90.493132
23380	三級跳	2	480008	90.493509
23381	三國	2	480010	90.493886
23382	三菱	2	480012	90.494263
23383	三菱汽車	2	480014	90.494640
23384	三貂角	2	480016	90.495017
23385	三義	2	480018	90.495394
23386	三跪九叩頭禮	2	480020	90.495771
23387	三零一	2	480022	90.496148
23388	三臺	2	480024	90.496525
23389	三劍客	2	480026	90.496902
23390	三賢堂	2	480028	90.497279
23391	三總	2	480030	90.497656
23392	三藏	2	480032	90.498033
23393	三黨	2	480034	90.498410
23394	三蘭港	2	480036	90.498787
23395	三讀	2	480038	90.499164
23396	下午茶	2	480040	90.499541
23397	下巴陵	2	480042	90.499918
23398	下片	2	480044	90.500295
23399	下床	2	480046	90.500672
23400	下限	2	480048	90.501049
23401	下疳	2	480050	90.501426
23402	下船	2	480052	90.501803
23403	下款	2	480054	90.502180
23404	下筆	2	480056	90.502557
23405	下腳料	2	480058	90.502934
23406	下達	2	480060	90.503311
23407	下榻	2	480062	90.503688
23408	下機	2	480064	90.504065
23409	上山下海	2	480066	90.504442
23410	上古	2	480068	90.504819
23411	上伊拉克	2	480070	90.505196
23412	上色	2	480072	90.505573
23413	上克羅埃西亞	2	480074	90.505950
23414	上邪	2	480076	90.506327
23415	上乘	2	480078	90.506704
23416	上師	2	480080	90.507081
23417	上書	2	480082	90.507458
23418	上桌	2	480084	90.507835
23419	上海社科院	2	480086	90.508212
23420	上船	2	480088	90.508589
23421	上朝	2	480090	90.508966
23422	上鉤	2	480092	90.509343
23423	上漲率	2	480094	90.509720
23424	上蒼	2	480096	90.510097
23425	上頭	2	480098	90.510474
23426	上鎖	2	480100	90.510851
23427	上顎	2	480102	90.511228
23428	上議院	2	480104	90.511605
23429	凡士林	2	480106	90.511982
23430	凡夫俗子	2	480108	90.512359
23431	久居	2	480110	90.512736
23432	久原礦業所	2	480112	90.513113
23433	也都	2	480114	90.513490
23434	也該	2	480116	90.513867
23435	乞討	2	480118	90.514244
23436	于右任	2	480120	90.514621
23437	于為彥	2	480122	90.514998
23438	亡故	2	480124	90.515375
23439	亡國	2	480126	90.515752
23440	刃嶺	2	480128	90.516129
23441	千斤頂	2	480130	90.516506
23442	千里迢迢	2	480132	90.516883
23443	千里達	2	480134	90.517260
23444	千奇百怪	2	480136	90.517637
23445	千面女郎	2	480138	90.518014
23446	千真萬確	2	480140	90.518391
23447	千篇一律	2	480142	90.518768
23448	千頭萬緒	2	480144	90.519145
23449	叉子	2	480146	90.519522
23450	叉式裝載機	2	480148	90.519899
23451	口水	2	480150	90.520276
23452	口耳相傳	2	480152	90.520653
23453	口是心非	2	480154	90.521030
23454	口哨	2	480156	90.521407
23455	口訣	2	480158	90.521784
23456	口琴	2	480160	90.522161
23457	口腹	2	480162	90.522538
23458	口齒	2	480164	90.522915
23459	口齒不清	2	480166	90.523292
23460	土山灣印書館	2	480168	90.523669
23461	土牛	2	480170	90.524046
23462	土丘	2	480172	90.524423
23463	土地公漫遊記	2	480174	90.524800
23464	土地婆	2	480176	90.525177
23465	土地銀行	2	480178	90.525554
23466	土地廟	2	480180	90.525931
23467	土改	2	480182	90.526308
23468	土豆	2	480184	90.526685
23469	土味	2	480186	90.527062
23470	土堤	2	480188	90.527439
23471	土葬	2	480190	90.527816
23472	土質	2	480192	90.528193
23473	土牆	2	480194	90.528570
23474	士林夜市	2	480196	90.528947
23475	夕張影展	2	480198	90.529324
23476	夕照	2	480200	90.529701
23477	大一	2	480202	90.530078
23478	大力水手	2	480204	90.530455
23479	大女兒	2	480206	90.530832
23480	大方向	2	480208	90.531209
23481	大水	2	480210	90.531586
23482	大加撻伐	2	480212	90.531963
23483	大包	2	480214	90.532340
23484	大北鐵道	2	480216	90.532717
23485	大半輩子	2	480218	90.533094
23486	大失所望	2	480220	90.533471
23487	大本營	2	480222	90.533848
23488	大甲	2	480224	90.534225
23489	大任	2	480226	90.534602
23490	大吉大利	2	480228	90.534979
23491	大同公司	2	480230	90.535356
23492	大同集團	2	480232	90.535733
23493	大吃大喝	2	480234	90.536110
23494	大地主	2	480236	90.536487
23495	大多是	2	480238	90.536864
23496	大好	2	480240	90.537241
23497	大成	2	480242	90.537618
23498	大成長城	2	480244	90.537995
23499	大有	2	480246	90.538372
23500	大有來頭	2	480248	90.538749
23501	大有斬獲	2	480250	90.539126
23502	大米	2	480252	90.539503
23503	大老闆	2	480254	90.539880
23504	大佛	2	480256	90.540257
23505	大佛城	2	480258	90.540634
23506	大志	2	480260	90.541011
23507	大快人心	2	480262	90.541388
23508	大快朵頤	2	480264	90.541765
23509	大步	2	480266	90.542142
23510	大豆	2	480268	90.542519
23511	大車拚	2	480270	90.542896
23512	大車拼	2	480272	90.543273
23513	大事化小，小事化無	2	480274	90.543650
23514	大使館	2	480276	90.544027
23515	大佬	2	480278	90.544404
23516	大刺冠海星	2	480280	90.544781
23517	大姐	2	480282	90.545158
23518	大放送	2	480284	90.545535
23519	大明星	2	480286	90.545912
23520	大東	2	480288	90.546289
23521	大東亞共榮圈	2	480290	90.546666
23522	大河	2	480292	90.547043
23523	大法官	2	480294	90.547420
23524	大社	2	480296	90.547797
23525	大邱庄	2	480298	90.548174
23526	大金牛	2	480300	90.548551
23527	大俠	2	480302	90.548928
23528	大度山	2	480304	90.549305
23529	大相逕庭	2	480306	90.549682
23530	大紅紋鳳蝶	2	480308	90.550059
23531	大胖子	2	480310	90.550436
23532	大胃	2	480312	90.550813
23533	大胃王	2	480314	90.551190
23534	大英帝國	2	480316	90.551567
23535	大風大浪	2	480318	90.551944
23536	大個子	2	480320	90.552321
23537	大倉島	2	480322	90.552698
23538	大家長	2	480324	90.553075
23539	大家庭	2	480326	90.553452
23540	大家閨秀	2	480328	90.553829
23541	大展身手	2	480330	90.554206
23542	大師級	2	480332	90.554583
23543	大班	2	480334	90.554960
23544	大病	2	480336	90.555337
23545	大翅鯨	2	480338	90.555714
23546	大航海時代	2	480340	90.556091
23547	大起大落	2	480342	90.556468
23548	大堆	2	480344	90.556845
23549	大將軍	2	480346	90.557222
23550	大敗	2	480348	90.557599
23551	大眾文化	2	480350	90.557976
23552	大眾運輸	2	480352	90.558353
23553	大眼睛	2	480354	90.558730
23554	大眼瞪小眼	2	480356	90.559107
23555	大眼蟹	2	480358	90.559484
23556	大脖子	2	480360	90.559861
23557	大處	2	480362	90.560238
23558	大陸人	2	480364	90.560615
23559	大陸工作策劃小組	2	480366	90.560992
23560	大陸片	2	480368	90.561369
23561	大陸同胞	2	480370	90.561746
23562	大陸政策	2	480372	90.562123
23563	大陸熱	2	480374	90.562500
23564	大雪山國家公園	2	480376	90.562877
23565	大喝	2	480378	90.563254
23566	大喜	2	480380	90.563631
23567	大喇叭	2	480382	90.564008
23568	大報	2	480384	90.564385
23569	大富大貴	2	480386	90.564762
23570	大富翁	2	480388	90.565139
23571	大提琴家	2	480390	90.565516
23572	大暑	2	480392	90.565893
23573	大發脾氣	2	480394	90.566270
23574	大發雷霆	2	480396	90.566647
23575	大盜	2	480398	90.567024
23576	大萍	2	480400	90.567401
23577	大貶	2	480402	90.567778
23578	大隊	2	480404	90.568155
23579	大雄寶殿	2	480406	90.568532
23580	大勢已去	2	480408	90.568909
23581	大搬風	2	480410	90.569286
23582	大會串	2	480412	90.569663
23583	大會師	2	480414	90.570040
23584	大群	2	480416	90.570417
23585	大腸炎	2	480418	90.570794
23586	大腸癌	2	480420	90.571171
23587	大道公	2	480422	90.571548
23588	大夥	2	480424	90.571925
23589	大腿骨	2	480426	90.572302
23590	大臺中	2	480428	90.572679
23591	大臺北地區	2	480430	90.573056
23592	大製作	2	480432	90.573433
23593	大廟	2	480434	90.573810
23594	大衛連	2	480436	90.574187
23595	大衛普南	2	480438	90.574564
23596	大賣	2	480440	90.574941
23597	大器晚成	2	480442	90.575318
23598	大學城	2	480444	90.575695
23599	大學聯招	2	480446	90.576072
23600	大樹鄉	2	480448	90.576449
23601	大貓	2	480450	90.576826
23602	大錯	2	480452	90.577203
23603	大鮭湖村	2	480454	90.577580
23604	大禮服	2	480456	90.577957
23605	大謬不然	2	480458	90.578334
23606	大贈送	2	480460	90.578711
23607	大難不死	2	480462	90.579088
23608	大難臨頭	2	480464	90.579465
23609	大鵬灣	2	480466	90.579842
23610	大贏家	2	480468	90.580219
23611	大權	2	480470	90.580596
23612	大權在握	2	480472	90.580973
23613	大驚	2	480474	90.581350
23614	女中豪傑	2	480476	90.581727
23615	女用	2	480478	90.582104
23616	女足	2	480480	90.582481
23617	女屍	2	480482	90.582858
23618	女紅	2	480484	90.583235
23619	女配角	2	480486	90.583612
23620	女鬼	2	480488	90.583989
23621	女排	2	480490	90.584366
23622	女僕	2	480492	90.584743
23623	女學童	2	480494	90.585120
23624	女警隊	2	480496	90.585497
23625	女權運動	2	480498	90.585874
23626	子平推命法	2	480500	90.586251
23627	子母車	2	480502	90.586628
23628	子聰	2	480504	90.587005
23629	小人兒	2	480506	90.587382
23630	小口	2	480508	90.587759
23631	小山內薰	2	480510	90.588136
23632	小天地	2	480512	90.588513
23633	小戶	2	480514	90.588890
23634	小手	2	480516	90.589267
23635	小木屋	2	480518	90.589644
23636	小毛病	2	480520	90.590021
23637	小牛	2	480522	90.590398
23638	小兄弟	2	480524	90.590775
23639	小卡片	2	480526	90.591152
23640	小市長	2	480528	90.591529
23641	小玉西瓜	2	480530	90.591906
23642	小瓜呆	2	480532	90.592283
23643	小吃店	2	480534	90.592660
23644	小地方	2	480536	90.593037
23645	小老百姓	2	480538	90.593414
23646	小老師	2	480540	90.593791
23647	小行星	2	480542	90.594168
23648	小作家	2	480544	90.594545
23649	小村莊	2	480546	90.594922
23650	小汽車	2	480548	90.595299
23651	小兔子	2	480550	90.595676
23652	小兒麻痺	2	480552	90.596053
23653	小和尚	2	480554	90.596430
23654	小妹	2	480556	90.596807
23655	小河沿類型	2	480558	90.597184
23656	小股	2	480560	90.597561
23657	小便宜	2	480562	90.597938
23658	小型化	2	480564	90.598315
23659	小娃娃	2	480566	90.598692
23660	小客車	2	480568	90.599069
23661	小洞	2	480570	90.599446
23662	小皇帝	2	480572	90.599823
23663	小看	2	480574	90.600200
23664	小紅帽	2	480576	90.600577
23665	小飛象	2	480578	90.600954
23666	小原流插花班	2	480580	90.601331
23667	小站	2	480582	90.601708
23668	小動脈	2	480584	90.602085
23669	小康	2	480586	90.602462
23670	小瓶	2	480588	90.602839
23671	小產	2	480590	90.603216
23672	小盒	2	480592	90.603593
23673	小蛇	2	480594	90.603970
23674	小部分	2	480596	90.604347
23675	小鳥依人	2	480598	90.604724
23676	小麥	2	480600	90.605101
23677	小麻雀	2	480602	90.605478
23678	小報	2	480604	90.605855
23679	小提琴家	2	480606	90.606232
23680	小港機場	2	480608	90.606609
23681	小費	2	480610	90.606986
23682	小舅	2	480612	90.607363
23683	小艇	2	480614	90.607740
23684	小熊	2	480616	90.608117
23685	小說集	2	480618	90.608494
23686	小餅	2	480620	90.608871
23687	小德魯峰	2	480622	90.609248
23688	小數	2	480624	90.609625
23689	小調	2	480626	90.610002
23690	小學老師	2	480628	90.610379
23691	小樹苗	2	480630	90.610756
23692	小澤征爾	2	480632	90.611133
23693	小點	2	480634	90.611510
23694	小鬍子	2	480636	90.611887
23695	小寶	2	480638	90.612264
23696	小寶貝	2	480640	90.612641
23697	小辮子	2	480642	90.613018
23698	小攤	2	480644	90.613395
23699	小鄯善	2	480646	90.613772
23700	山口	2	480648	90.614149
23701	山石	2	480650	90.614526
23702	山光水色	2	480652	90.614903
23703	山地人	2	480654	90.615280
23704	山地文化園區	2	480656	90.615657
23705	山地鄉	2	480658	90.616034
23706	山竹	2	480660	90.616411
23707	山羊座	2	480662	90.616788
23708	山色	2	480664	90.617165
23709	山西省	2	480666	90.617542
23710	山姆謝普	2	480668	90.617919
23711	山東幫	2	480670	90.618296
23712	山況	2	480672	90.618673
23713	山雨欲來風滿樓	2	480674	90.619050
23714	山紅頭	2	480676	90.619427
23715	山風	2	480678	90.619804
23716	山崖	2	480680	90.620181
23717	山鳥	2	480682	90.620558
23718	山開辦法	2	480684	90.620935
23719	山隘	2	480686	90.621312
23720	山歌	2	480688	90.621689
23721	山貓	2	480690	90.622066
23722	山藥	2	480692	90.622443
23723	川上瀧彌	2	480694	90.622820
23724	川東	2	480696	90.623197
23725	工作制	2	480698	90.623574
23726	工作服	2	480700	90.623951
23727	工作檯	2	480702	90.624328
23728	工作權	2	480704	90.624705
23729	工事	2	480706	90.625082
23730	工具化	2	480708	90.625459
23731	工具書	2	480710	90.625836
23732	工務局	2	480712	90.626213
23733	工商企業	2	480714	90.626590
23734	工場獨立採算制	2	480716	90.626967
23735	工程界	2	480718	90.627344
23736	工業技術	2	480720	90.627721
23737	工學院	2	480722	90.628098
23738	工整	2	480724	90.628475
23739	工錢	2	480726	90.628852
23740	工藝品	2	480728	90.629229
23741	工礦	2	480730	90.629606
23742	工黨	2	480732	90.629983
23743	工讀生	2	480734	90.630360
23744	己見	2	480736	90.630737
23745	干求	2	480738	90.631114
23746	干係	2	480740	90.631491
23747	干政	2	480742	90.631868
23748	弓形蟲腦症	2	480744	90.632245
23749	才女	2	480746	90.632622
23750	才好	2	480748	90.632999
23751	才來	2	480750	90.633376
23752	才怪	2	480752	90.633753
23753	才夠	2	480754	90.634130
23754	才華洋溢	2	480756	90.634507
23755	才對	2	480758	90.634884
23756	才算	2	480760	90.635261
23757	不支	2	480762	90.635638
23758	不可理喻	2	480764	90.636015
23759	不可開交	2	480766	90.636392
23760	不孕症	2	480768	90.636769
23761	不甘示弱	2	480770	90.637146
23762	不吐不快	2	480772	90.637523
23763	不吝	2	480774	90.637900
23764	不忍	2	480776	90.638277
23765	不良	2	480778	90.638654
23766	不足	2	480780	90.639031
23767	不足為怪	2	480782	90.639408
23768	不枉此行	2	480784	90.639785
23769	不知所云	2	480786	90.640162
23770	不知所終	2	480788	90.640539
23771	不俗	2	480790	90.640916
23772	不按理出牌	2	480792	90.641293
23773	不是	2	480794	90.641670
23774	不屑一顧	2	480796	90.642047
23775	不疾不徐	2	480798	90.642424
23776	不眠不休	2	480800	90.642801
23777	不假思索	2	480802	90.643178
23778	不得其門而入	2	480804	90.643555
23779	不旋踵	2	480806	90.643932
23780	不勞而獲	2	480808	90.644309
23781	不著痕跡	2	480810	90.644686
23782	不著邊際	2	480812	90.645063
23783	不雅	2	480814	90.645440
23784	不愁	2	480816	90.645817
23785	不解	2	480818	90.646194
23786	不聞不問	2	480820	90.646571
23787	不獨	2	480822	90.646948
23788	不翼而飛	2	480824	90.647325
23789	不靈光	2	480826	90.647702
23790	中大型	2	480828	90.648079
23791	中子星	2	480830	90.648456
23792	中小型轎車	2	480832	90.648833
23793	中介	2	480834	90.649210
23794	中介世界	2	480836	90.649587
23795	中友百貨	2	480838	90.649964
23796	中巴陵	2	480840	90.650341
23797	中文大學	2	480842	90.650718
23798	中文系	2	480844	90.651095
23799	中文系統	2	480846	90.651472
23800	中古世紀	2	480848	90.651849
23801	中央公園	2	480850	90.652226
23802	中央委員會	2	480852	90.652603
23803	中央政治委員	2	480854	90.652980
23804	中央執行委員	2	480856	90.653357
23805	中央發展外匯基金	2	480858	90.653734
23806	中老年	2	480860	90.654111
23807	中西部	2	480862	90.654488
23808	中西醫	2	480864	90.654865
23809	中投	2	480866	90.655242
23810	中京院	2	480868	90.655619
23811	中委	2	480870	90.655996
23812	中法	2	480872	90.656373
23813	中法戰爭	2	480874	90.656750
23814	中青代	2	480876	90.657127
23815	中非	2	480878	90.657504
23816	中信局	2	480880	90.657881
23817	中指	2	480882	90.658258
23818	中秋月餅	2	480884	90.658635
23819	中美著作權協定	2	480886	90.659012
23820	中英	2	480888	90.659389
23821	中英文	2	480890	90.659766
23822	中宮	2	480892	90.660143
23823	中書	2	480894	90.660520
23824	中國小姐	2	480896	90.660897
23825	中國文化	2	480898	90.661274
23826	中國史	2	480900	90.661651
23827	中國字	2	480902	90.662028
23828	中國式	2	480904	90.662405
23829	中國信託金卡	2	480906	90.662782
23830	中國科學與文明	2	480908	90.663159
23831	中國酒	2	480910	90.663536
23832	中國國際信託投資公司	2	480912	90.663913
23833	中國飯店	2	480914	90.664290
23834	中國話	2	480916	90.664667
23835	中國舞	2	480918	90.665044
23836	中堅	2	480920	90.665421
23837	中堅分子	2	480922	90.665798
23838	中情局	2	480924	90.666175
23839	中產	2	480926	90.666552
23840	中規中矩	2	480928	90.666929
23841	中速	2	480930	90.667306
23842	中港	2	480932	90.667683
23843	中等教育	2	480934	90.668060
23844	中等學校	2	480936	90.668437
23845	中華人民共和國	2	480938	90.668814
23846	中華女排	2	480940	90.669191
23847	中華工程	2	480942	90.669568
23848	中華文化	2	480944	90.669945
23849	中華宏國	2	480946	90.670322
23850	中華投信	2	480948	90.670699
23851	中華男籃	2	480950	90.671076
23852	中越	2	480952	90.671453
23853	中軸	2	480954	90.671830
23854	中間商	2	480956	90.672207
23855	中槍	2	480958	90.672584
23856	中臺問題	2	480960	90.672961
23857	中影公司	2	480962	90.673338
23858	中興號	2	480964	90.673715
23859	中選	2	480966	90.674092
23860	中醫師	2	480968	90.674469
23861	中藥材	2	480970	90.674846
23862	中繼站	2	480972	90.675223
23863	中壩	2	480974	90.675600
23864	丹尼葛羅佛	2	480976	90.675977
23865	丹尼爾戴路易斯	2	480978	90.676354
23866	丹霞	2	480980	90.676731
23867	予人	2	480982	90.677108
23868	互別苗頭	2	480984	90.677485
23869	互利	2	480986	90.677862
23870	互助會	2	480988	90.678239
23871	互信	2	480990	90.678616
23872	互通有無	2	480992	90.678993
23873	互惠	2	480994	90.679370
23874	互毆	2	480996	90.679747
23875	五‧一六宣言	2	480998	90.680124
23876	五光十色	2	481000	90.680501
23877	五行家	2	481002	90.680878
23878	五言詩	2	481004	90.681255
23879	五味雜陳	2	481006	90.681632
23880	五金	2	481008	90.682009
23881	五門	2	481010	90.682386
23882	五指	2	481012	90.682763
23883	五郎八航空	2	481014	90.683140
23884	五個女子和一根繩子	2	481016	90.683517
23885	五個女子與一根繩子	2	481018	90.683894
23886	五彩	2	481020	90.684271
23887	五速自動變速箱	2	481022	90.684648
23888	五等第	2	481024	90.685025
23889	五絲緞	2	481026	90.685402
23890	五臟俱全	2	481028	90.685779
23891	仍為	2	481030	90.686156
23892	今非昔比	2	481032	90.686533
23893	今晨	2	481034	90.686910
23894	今朝	2	481036	90.687287
23895	介聘	2	481038	90.687664
23896	介質	2	481040	90.688041
23897	元件	2	481042	90.688418
23898	元曲	2	481044	90.688795
23899	元宵燈會	2	481046	90.689172
23900	元宵燈節	2	481048	90.689549
23901	元配	2	481050	90.689926
23902	元會儀	2	481052	90.690303
23903	內大臣	2	481054	90.690680
23904	內子	2	481056	90.691057
23905	內分泌腺	2	481058	90.691434
23906	內文	2	481060	90.691811
23907	內外交迫	2	481062	90.692188
23908	內外銷	2	481064	90.692565
23909	內行人	2	481066	90.692942
23910	內府	2	481068	90.693319
23911	內室	2	481070	90.693696
23912	內核	2	481072	90.694073
23913	內淋巴	2	481074	90.694450
23914	內湖線	2	481076	90.694827
23915	內賊	2	481078	90.695204
23916	內蒙	2	481080	90.695581
23917	內線	2	481082	90.695958
23918	內膜	2	481084	90.696335
23919	內燃機引擎	2	481086	90.696712
23920	內藏山	2	481088	90.697089
23921	內襯	2	481090	90.697466
23922	六甲	2	481092	90.697843
23923	六神無主	2	481094	90.698220
23924	六國	2	481096	90.698597
23925	六福村	2	481098	90.698974
23926	六親不認	2	481100	90.699351
23927	公平化	2	481102	90.699728
23928	公平法	2	481104	90.700105
23929	公田	2	481106	90.700482
23930	公共行政	2	481108	90.700859
23931	公共廁所	2	481110	90.701236
23932	公共電視臺	2	481112	90.701613
23933	公共福利	2	481114	90.701990
23934	公安人員	2	481116	90.702367
23935	公告現值	2	481118	90.702744
23936	公車處	2	481120	90.703121
23937	公信	2	481122	90.703498
23938	公卿	2	481124	90.703875
23939	公孫大娘	2	481126	90.704252
23940	公教人員	2	481128	90.704629
23941	公理	2	481130	90.705006
23942	公開場合	2	481132	90.705383
23943	公開賽	2	481134	90.705760
23944	公園化	2	481136	90.706137
23945	公路賽	2	481138	90.706514
23946	公德	2	481140	90.706891
23947	公器	2	481142	90.707268
23948	公關部	2	481144	90.707645
23949	凶惡	2	481146	90.708022
23950	凶殘	2	481148	90.708399
23951	凶險	2	481150	90.708776
23952	分一杯羹	2	481152	90.709153
23953	分心木	2	481154	90.709530
23954	分水嶺	2	481156	90.709907
23955	分包	2	481158	90.710284
23956	分合	2	481160	90.710661
23957	分門別類	2	481162	90.711038
23958	分封	2	481164	90.711415
23959	分段	2	481166	90.711792
23960	分界點	2	481168	90.712169
23961	分秒必爭	2	481170	90.712546
23962	分庭抗禮	2	481172	90.712923
23963	分校	2	481174	90.713300
23964	分送	2	481176	90.713677
23965	分設	2	481178	90.714054
23966	分進合擊	2	481180	90.714431
23967	分項	2	481182	90.714808
23968	分道揚鑣	2	481184	90.715185
23969	分際	2	481186	90.715562
23970	分盤	2	481188	90.715939
23971	分館	2	481190	90.716316
23972	分離課稅	2	481192	90.716693
23973	分贈	2	481194	90.717070
23974	分鏡	2	481196	90.717447
23975	分齡賽	2	481198	90.717824
23976	分屬	2	481200	90.718201
23977	分贓	2	481202	90.718578
23978	切入點	2	481204	90.718955
23979	切合	2	481206	90.719332
23980	切碎	2	481208	90.719709
23981	切實	2	481210	90.720086
23982	切膚之痛	2	481212	90.720463
23983	勾畫	2	481214	90.720840
23984	化干戈為玉帛	2	481216	90.721217
23985	化作	2	481218	90.721594
23986	化學藥品	2	481220	90.721971
23987	化纖廠	2	481222	90.722348
23988	化驗	2	481224	90.722725
23989	匹配	2	481226	90.723102
23990	午覺	2	481228	90.723479
23991	友邦	2	481230	90.723856
23992	友愛	2	481232	90.724233
23993	友誼賽	2	481234	90.724610
23994	及至	2	481236	90.724987
23995	反主流	2	481238	90.725364
23996	反目	2	481240	90.725741
23997	反目成仇	2	481242	90.726118
23998	反向操作	2	481244	90.726495
23999	反自由化路線	2	481246	90.726872
24000	反倒	2	481248	90.727249
24001	反倒是	2	481250	90.727626
24002	反射星雲	2	481252	90.728003
24003	反效果	2	481254	90.728380
24004	反躬自省	2	481256	90.728757
24005	反菸	2	481258	90.729134
24006	反傾銷	2	481260	90.729511
24007	反賄選	2	481262	90.729888
24008	反對者	2	481264	90.730265
24009	反對派	2	481266	90.730642
24010	反腐敗	2	481268	90.731019
24011	反覆無常	2	481270	90.731396
24012	反證	2	481272	90.731773
24013	反響	2	481274	90.732150
24014	天下事	2	481276	90.732527
24015	天下為公	2	481278	90.732904
24016	天山	2	481280	90.733281
24017	天文社	2	481282	90.733658
24018	天日	2	481284	90.734035
24019	天父	2	481286	90.734412
24020	天主教堂	2	481288	90.734789
24021	天外來客	2	481290	90.735166
24022	天后廟	2	481292	90.735543
24023	天安門廣場	2	481294	90.735920
24024	天官書	2	481296	90.736297
24025	天花粉	2	481298	90.736674
24026	天南地北	2	481300	90.737051
24027	天帝	2	481302	90.737428
24028	天怒人怨	2	481304	90.737805
24029	天倫之樂	2	481306	90.738182
24030	天哪	2	481308	90.738559
24031	天庭	2	481310	90.738936
24032	天時地利	2	481312	90.739313
24033	天真無邪	2	481314	90.739690
24034	天秤座	2	481316	90.740067
24035	天啊	2	481318	90.740444
24036	天祥晶華飯店	2	481320	90.740821
24037	天都峰	2	481322	90.741198
24038	天象	2	481324	90.741575
24039	天敵	2	481326	90.741952
24040	天曉得	2	481328	90.742329
24041	天險	2	481330	90.742706
24042	天職	2	481332	90.743083
24043	天鵝堡	2	481334	90.743460
24044	天蠍	2	481336	90.743837
24045	夫妻樹	2	481338	90.744214
24046	太上皇	2	481340	90.744591
24047	太平洋百貨	2	481342	90.744968
24048	太平洋房屋	2	481344	90.745345
24049	太平洋建設	2	481346	90.745722
24050	太平洋戰爭	2	481348	90.746099
24051	太府建設	2	481350	90.746476
24052	太空飛機	2	481352	90.746853
24053	太空檢疫	2	481354	90.747230
24054	太空檢疫制度	2	481356	90.747607
24055	太空營	2	481358	90.747984
24056	太保	2	481360	90.748361
24057	太原	2	481362	90.748738
24058	太液池	2	481364	90.749115
24059	太陽王	2	481366	90.749492
24060	太陽穴	2	481368	90.749869
24061	太陽光	2	481370	90.750246
24062	太陽神	2	481372	90.750623
24063	太極	2	481374	90.751000
24064	太廟	2	481376	90.751377
24065	太魯閣	2	481378	90.751754
24066	孔老夫子	2	481380	90.752131
24067	少年犯	2	481382	90.752508
24068	少將	2	481384	90.752885
24069	少棒聯盟	2	481386	90.753262
24070	少輔會	2	481388	90.753639
24071	尤物	2	481390	90.754016
24072	尤為	2	481392	90.754393
24073	屯山	2	481394	90.754770
24074	巴比倫人	2	481396	90.755147
24075	巴本德里歐	2	481398	90.755524
24076	巴札	2	481400	90.755901
24077	巴伯	2	481402	90.756278
24078	巴克萊	2	481404	90.756655
24079	巴里	2	481406	90.757032
24080	巴拉杜	2	481408	90.757409
24081	巴林	2	481410	90.757786
24082	巴洛克式	2	481412	90.758163
24083	巴拿馬運河	2	481414	90.758540
24084	巴國	2	481416	90.758917
24085	巴塞爾	2	481418	90.759294
24086	巴解	2	481420	90.759671
24087	巴爾幹	2	481422	90.760048
24088	巴爾幹半島	2	481424	90.760425
24089	巴赫	2	481426	90.760802
24090	巴黎鐵塔	2	481428	90.761179
24091	幻想力	2	481430	90.761556
24092	幻燈片	2	481432	90.761933
24093	引介	2	481434	90.762310
24094	引水	2	481436	90.762687
24095	引水道	2	481438	90.763064
24096	引動	2	481440	90.763441
24097	引擎罩	2	481442	90.763818
24098	引薦	2	481444	90.764195
24099	心力交瘁	2	481446	90.764572
24100	心手相連	2	481448	90.764949
24101	心田	2	481450	90.765326
24102	心地	2	481452	90.765703
24103	心有餘悸	2	481454	90.766080
24104	心肌	2	481456	90.766457
24105	心坎	2	481458	90.766834
24106	心肝寶貝	2	481460	90.767211
24107	心念	2	481462	90.767588
24108	心房	2	481464	90.767965
24109	心海	2	481466	90.768342
24110	心病	2	481468	90.768719
24111	心情故事	2	481470	90.769096
24112	心率	2	481472	90.769473
24113	心理治療師	2	481474	90.769850
24114	心扉	2	481476	90.770227
24115	心軸	2	481478	90.770604
24116	心想事成	2	481480	90.770981
24117	心慌	2	481482	90.771358
24118	心源	2	481484	90.771735
24119	心經	2	481486	90.772112
24120	心腹	2	481488	90.772489
24121	心電	2	481490	90.772866
24122	心緒	2	481492	90.773243
24123	心鎖	2	481494	90.773620
24124	心臟啟動機	2	481496	90.773997
24125	心驚肉跳	2	481498	90.774374
24126	心驚膽顫	2	481500	90.774751
24127	戶外生活	2	481502	90.775128
24128	戶外活動	2	481504	90.775505
24129	手下敗將	2	481506	90.775882
24130	手工藝品	2	481508	90.776259
24131	手印	2	481510	90.776636
24132	手汗症	2	481512	90.777013
24133	手背	2	481514	90.777390
24134	手記	2	481516	90.777767
24135	手骨	2	481518	90.778144
24136	手動	2	481520	90.778521
24137	手球隊	2	481522	90.778898
24138	手術房	2	481524	90.779275
24139	手提袋	2	481526	90.779652
24140	手提箱	2	481528	90.780029
24141	手絹	2	481530	90.780406
24142	手腳並用	2	481532	90.780783
24143	手榴彈	2	481534	90.781160
24144	手舞足蹈	2	481536	90.781537
24145	手影	2	481538	90.781914
24146	手篇	2	481540	90.782291
24147	手諭	2	481542	90.782668
24148	手鍊	2	481544	90.783045
24149	手繪	2	481546	90.783422
24150	手鐲	2	481548	90.783799
24151	扎實	2	481550	90.784176
24152	扎穩	2	481552	90.784553
24153	支用	2	481554	90.784930
24154	支助	2	481556	90.785307
24155	支系	2	481558	90.785684
24156	支使	2	481560	90.786061
24157	支持率	2	481562	90.786438
24158	支氣管炎	2	481564	90.786815
24159	支配慾	2	481566	90.787192
24160	支撐力	2	481568	90.787569
24161	支應	2	481570	90.787946
24162	文山區	2	481572	90.788323
24163	文化人	2	481574	90.788700
24164	文化界	2	481576	90.789077
24165	文化倫理	2	481578	90.789454
24166	文化層	2	481580	90.789831
24167	文化獎	2	481582	90.790208
24168	文句	2	481584	90.790585
24169	文石	2	481586	90.790962
24170	文成公主	2	481588	90.791339
24171	文房四寶	2	481590	90.791716
24172	文武雙全	2	481592	90.792093
24173	文理補習班	2	481594	90.792470
24174	文筆	2	481596	90.792847
24175	文匯報	2	481598	90.793224
24176	文質彬彬	2	481600	90.793601
24177	文學界	2	481602	90.793978
24178	文類	2	481604	90.794355
24179	文體	2	481606	90.794732
24180	斗笠	2	481608	90.795109
24181	斗栱	2	481610	90.795486
24182	方士	2	481612	90.795863
24183	方世玉與洪熙官	2	481614	90.796240
24184	方正	2	481616	90.796617
24185	方向燈	2	481618	90.796994
24186	方知	2	481620	90.797371
24187	方便性	2	481622	90.797748
24188	方型	2	481624	90.798125
24189	方相氏	2	481626	90.798502
24190	方家	2	481628	90.798879
24191	方紹能	2	481630	90.799256
24192	方鵬程	2	481632	90.799633
24193	日人	2	481634	90.800010
24194	日久	2	481636	90.800387
24195	日月星辰	2	481638	90.800764
24196	日以繼夜	2	481640	90.801141
24197	日本帝國	2	481642	90.801518
24198	日正當中	2	481644	90.801895
24199	日立	2	481646	90.802272
24200	日亞航	2	481648	90.802649
24201	日南紡織	2	481650	90.803026
24202	日航	2	481652	90.803403
24203	日清杯麵	2	481654	90.803780
24204	日產汽車	2	481656	90.804157
24205	日貨	2	481658	90.804534
24206	日減	2	481660	90.804911
24207	日程表	2	481662	90.805288
24208	日資	2	481664	90.805665
24209	日製	2	481666	90.806042
24210	日趨	2	481668	90.806419
24211	月入	2	481670	90.806796
24212	月光少年	2	481672	90.807173
24213	月桃	2	481674	90.807550
24214	木瓜溪	2	481676	90.807927
24215	木刻畫	2	481678	90.808304
24216	木版	2	481680	90.808681
24217	木柱	2	481682	90.809058
24218	木柵動物園	2	481684	90.809435
24219	木料	2	481686	90.809812
24220	木柴	2	481688	90.810189
24221	木桶	2	481690	90.810566
24222	木棉	2	481692	90.810943
24223	木棉花	2	481694	90.811320
24224	木窗	2	481696	90.811697
24225	木鈴	2	481698	90.812074
24226	木簡	2	481700	90.812451
24227	欠身	2	481702	90.812828
24228	止痛藥	2	481704	90.813205
24229	歹命	2	481706	90.813582
24230	毋枉毋縱	2	481708	90.813959
24231	比鄰而居	2	481710	90.814336
24232	比薩斜塔	2	481712	90.814713
24233	毛孔	2	481714	90.815090
24234	毛毛	2	481716	90.815467
24235	毛皮	2	481718	90.815844
24236	毛拉	2	481720	90.816221
24237	毛茸	2	481722	90.816598
24238	毛高文	2	481724	90.816975
24239	水上摩托車	2	481726	90.817352
24240	水公司	2	481728	90.817729
24241	水火不容	2	481730	90.818106
24242	水平面	2	481732	90.818483
24243	水平線	2	481734	90.818860
24244	水里	2	481736	90.819237
24245	水波	2	481738	90.819614
24246	水花	2	481740	90.819991
24247	水泵	2	481742	90.820368
24248	水師	2	481744	90.820745
24249	水神	2	481746	90.821122
24250	水彩畫	2	481748	90.821499
24251	水患	2	481750	90.821876
24252	水深	2	481752	90.822253
24253	水鄉	2	481754	90.822630
24254	水鄉澤國	2	481756	90.823007
24255	水源保護區	2	481758	90.823384
24256	水煎	2	481760	90.823761
24257	水解	2	481762	90.824138
24258	水電費	2	481764	90.824515
24259	水銀柱	2	481766	90.824892
24260	水銀溫度計	2	481768	90.825269
24261	水銀電池	2	481770	90.825646
24262	水際	2	481772	90.826023
24263	水稻	2	481774	90.826400
24264	水箱蓋	2	481776	90.826777
24265	水燈	2	481778	90.827154
24266	水鏡	2	481780	90.827531
24267	水湳	2	481782	90.827908
24268	水湳區	2	481784	90.828285
24269	水湳機場	2	481786	90.828662
24270	水滸傳	2	481788	90.829039
24271	火力電廠	2	481790	90.829416
24272	火大	2	481792	90.829793
24273	火山岩	2	481794	90.830170
24274	火坑	2	481796	90.830547
24275	火炎山	2	481798	90.830924
24276	火星塞	2	481800	90.831301
24277	火炬	2	481802	90.831678
24278	火候	2	481804	90.832055
24279	火海	2	481806	90.832432
24280	火神	2	481808	90.832809
24281	火焰	2	481810	90.833186
24282	火焰杜鵑	2	481812	90.833563
24283	火裡蓮花	2	481814	90.833940
24284	火辣	2	481816	90.834317
24285	火樹銀花	2	481818	90.834694
24286	火燒島	2	481820	90.835071
24287	火藥味	2	481822	90.835448
24288	火爐	2	481824	90.835825
24289	火籠	2	481826	90.836202
24290	爪子	2	481828	90.836579
24291	爪牙	2	481830	90.836956
24292	爪哇島	2	481832	90.837333
24293	父女	2	481834	90.837710
24294	父女情	2	481836	90.838087
24295	父職	2	481838	90.838464
24296	父權	2	481840	90.838841
24297	片尾	2	481842	90.839218
24298	片狀體溫計	2	481844	90.839595
24299	片場	2	481846	90.839972
24300	牙刷頭	2	481848	90.840349
24301	牙周袋	2	481850	90.840726
24302	牙線	2	481852	90.841103
24303	牙醫師	2	481854	90.841480
24304	牛仔裝	2	481856	90.841857
24305	牛油	2	481858	90.842234
24306	牛郎	2	481860	90.842611
24307	牛首山	2	481862	90.842988
24308	牛頓大師	2	481864	90.843365
24309	牛頭	2	481866	90.843742
24310	牛蒡	2	481868	90.844119
24311	王中平	2	481870	90.844496
24312	王公	2	481872	90.844873
24313	王白淵	2	481874	90.845250
24314	王后	2	481876	90.845627
24315	王俊民	2	481878	90.846004
24316	王家和	2	481880	90.846381
24317	王偉榮	2	481882	90.846758
24318	王清峰	2	481884	90.847135
24319	王瑞瑜	2	481886	90.847512
24320	王曉紅	2	481888	90.847889
24321	王靜雯	2	481890	90.848266
24322	王亶望	2	481892	90.848643
24323	世世代代	2	481894	90.849020
24324	世局	2	481896	90.849397
24325	世界古典名曲	2	481898	90.849774
24326	世界末日	2	481900	90.850151
24327	世界地理雜誌	2	481902	90.850528
24328	世界展望會	2	481904	90.850905
24329	世界越野賽車巡迴站	2	481906	90.851282
24330	世界運動賽車聯盟	2	481908	90.851659
24331	世界賽車聯盟	2	481910	90.852036
24332	世家	2	481912	90.852413
24333	世家大族	2	481914	90.852790
24334	世情	2	481916	90.853167
24335	世尊	2	481918	90.853544
24336	世新	2	481920	90.853921
24337	世銀	2	481922	90.854298
24338	主人公	2	481924	90.854675
24339	主力股	2	481926	90.855052
24340	主犯	2	481928	90.855429
24341	主攻	2	481930	90.855806
24342	主動脈	2	481932	90.856183
24343	主掌	2	481934	90.856560
24344	主稜線	2	481936	90.856937
24345	主管級	2	481938	90.857314
24346	主播臺	2	481940	90.857691
24347	主導權	2	481942	90.858068
24348	乍見	2	481944	90.858445
24349	乍看	2	481946	90.858822
24350	以不變應萬變	2	481948	90.859199
24351	以此類推	2	481950	90.859576
24352	以利亞	2	481952	90.859953
24353	以致於	2	481954	90.860330
24354	以酒會友	2	481956	90.860707
24355	以假亂真	2	481958	90.861084
24356	以量制價	2	481960	90.861461
24357	以暴制暴	2	481962	90.861838
24358	付足	2	481964	90.862215
24359	付息	2	481966	90.862592
24360	付帳	2	481968	90.862969
24361	付給	2	481970	90.863346
24362	付費頻道	2	481972	90.863723
24363	付錢	2	481974	90.864100
24364	付還	2	481976	90.864477
24365	仕樣	2	481978	90.864854
24366	仕樣車	2	481980	90.865231
24367	他日	2	481982	90.865608
24368	他殺	2	481984	90.865985
24369	代王府	2	481986	90.866362
24370	代收	2	481988	90.866739
24371	代表處	2	481990	90.867116
24372	代書	2	481992	90.867493
24373	代勞	2	481994	90.867870
24374	代管	2	481996	90.868247
24375	代領	2	481998	90.868624
24376	代銷	2	482000	90.869001
24377	代糖	2	482002	90.869378
24378	代償性	2	482004	90.869755
24379	代議制	2	482006	90.870132
24380	仙跡岩	2	482008	90.870509
24381	充耳不聞	2	482010	90.870886
24382	充場面	2	482012	90.871263
24383	兄弟姐妹	2	482014	90.871640
24384	兄弟棒球隊	2	482016	90.872017
24385	兄嫂	2	482018	90.872394
24386	冊子	2	482020	90.872771
24387	冬候鳥	2	482022	90.873148
24388	冬寒	2	482024	90.873525
24389	冬暖夏涼	2	482026	90.873902
24390	凹凸	2	482028	90.874279
24391	凹陷	2	482030	90.874656
24392	凹緣	2	482032	90.875033
24393	出口商	2	482034	90.875410
24394	出口國	2	482036	90.875787
24395	出水口	2	482038	90.876164
24396	出汙泥而不染	2	482040	90.876541
24397	出奇制勝	2	482042	90.876918
24398	出奇招	2	482044	90.877295
24399	出版公司	2	482046	90.877672
24400	出版品	2	482048	90.878049
24401	出版部	2	482050	90.878426
24402	出城	2	482052	90.878803
24403	出風口	2	482054	90.879180
24404	出借	2	482056	90.879557
24405	出埃及記	2	482058	90.879934
24406	出家	2	482060	90.880311
24407	出師	2	482062	90.880688
24408	出氣	2	482064	90.881065
24409	出海口	2	482066	90.881442
24410	出浴	2	482068	90.881819
24411	出神入化	2	482070	90.882196
24412	出納員	2	482072	90.882573
24413	出缺	2	482074	90.882950
24414	出現率	2	482076	90.883327
24415	出脫	2	482078	90.883704
24416	出掌	2	482080	90.884081
24417	出道	2	482082	90.884458
24418	出鋒頭	2	482084	90.884835
24419	出殯	2	482086	90.885212
24420	出關	2	482088	90.885589
24421	凸出	2	482090	90.885966
24422	凸角	2	482092	90.886343
24423	凸起	2	482094	90.886720
24424	加分	2	482096	90.887097
24425	加低斯	2	482098	90.887474
24426	加拉提亞人	2	482100	90.887851
24427	加保	2	482102	90.888228
24428	加料	2	482104	90.888605
24429	加速力	2	482106	90.888982
24430	加速性	2	482108	90.889359
24431	加速度	2	482110	90.889736
24432	加速器	2	482112	90.890113
24433	加速器環	2	482114	90.890490
24434	加諸	2	482116	90.890867
24435	功名	2	482118	90.891244
24436	功能性	2	482120	90.891621
24437	功敗垂成	2	482122	90.891998
24438	功率	2	482124	90.892375
24439	功過	2	482126	90.892752
24440	包子	2	482128	90.893129
24441	包束式	2	482130	90.893506
24442	包法利夫人	2	482132	90.893883
24443	包班制	2	482134	90.894260
24444	包廂	2	482136	90.894637
24445	包機	2	482138	90.895014
24446	包頭	2	482140	90.895391
24447	包藥機	2	482142	90.895768
24448	匆匆忙忙	2	482144	90.896145
24449	北屯	2	482146	90.896522
24450	北市圖	2	482148	90.896899
24451	北京話	2	482150	90.897276
24452	北非諜影	2	482152	90.897653
24453	北海道雪兔	2	482154	90.898030
24454	北海道黑貂	2	482156	90.898407
24455	北國	2	482158	90.898784
24456	北越	2	482160	90.899161
24457	北極犬	2	482162	90.899538
24458	北極熊	2	482164	90.899915
24459	北緯	2	482166	90.900292
24460	北疆	2	482168	90.900669
24461	半工半讀	2	482170	90.901046
24462	半月節	2	482172	90.901423
24463	半水面	2	482174	90.901800
24464	半世紀	2	482176	90.902177
24465	半地穴式	2	482178	90.902554
24466	半步	2	482180	90.902931
24467	半空中	2	482182	90.903308
24468	半個	2	482184	90.903685
24469	半部	2	482186	90.904062
24470	半路	2	482188	90.904439
24471	卡多利克	2	482190	90.904816
24472	卡沙邦尼卡	2	482192	90.905193
24473	卡拉ＯＫ	2	482194	90.905570
24474	卡波西氏肉瘤	2	482196	90.905947
24475	卡洛李	2	482198	90.906324
24476	卡特	2	482200	90.906701
24477	卡納里群島	2	482202	90.907078
24478	卡通人物	2	482204	90.907455
24479	卡斯	2	482206	90.907832
24480	卡普拉	2	482208	90.908209
24481	卡爾‧胡曼	2	482210	90.908586
24482	卡爾列梅	2	482212	90.908963
24483	卡魯爾	2	482214	90.909340
24484	去路	2	482216	90.909717
24485	可卡因	2	482218	90.910094
24486	可回收	2	482220	90.910471
24487	可見一斑	2	482222	90.910848
24488	可恨	2	482224	90.911225
24489	可看性	2	482226	90.911602
24490	可摺收軟篷	2	482228	90.911979
24491	可說是	2	482230	90.912356
24492	可憐蟲	2	482232	90.912733
24493	可議之處	2	482234	90.913110
24494	可變氣門	2	482236	90.913487
24495	古中國	2	482238	90.913864
24496	古井	2	482240	90.914241
24497	古文	2	482242	90.914618
24498	古文字	2	482244	90.914995
24499	古木山莊	2	482246	90.915372
24500	古寺	2	482248	90.915749
24501	古早人	2	482250	90.916126
24502	古典小說	2	482252	90.916503
24503	古典車	2	482254	90.916880
24504	古典美	2	482256	90.917257
24505	古典博物館	2	482258	90.917634
24506	古法	2	482260	90.918011
24507	古玩	2	482262	90.918388
24508	古建築	2	482264	90.918765
24509	古風	2	482266	90.919142
24510	古埃及	2	482268	90.919519
24511	古埃及人	2	482270	90.919896
24512	古畫	2	482272	90.920273
24513	古越人	2	482274	90.920650
24514	古雅	2	482276	90.921027
24515	古意盎然	2	482278	90.921404
24516	古董店	2	482280	90.921781
24517	古裝片	2	482282	90.922158
24518	古趣	2	482284	90.922535
24519	古遺址	2	482286	90.922912
24520	古禮	2	482288	90.923289
24521	右傾	2	482290	90.923666
24522	召回	2	482292	90.924043
24523	召來	2	482294	90.924420
24524	召宴	2	482296	90.924797
24525	叮囑	2	482298	90.925174
24526	司法人員	2	482300	90.925551
24527	司法院	2	482302	90.925928
24528	司法部	2	482304	90.926305
24529	司法機關	2	482306	90.926682
24530	司徒達賢	2	482308	90.927059
24531	司馬炎	2	482310	90.927436
24532	司馬遷	2	482312	90.927813
24533	司儀	2	482314	90.928190
24534	叫苦連天	2	482316	90.928567
24535	叫喊	2	482318	90.928944
24536	叫喚	2	482320	90.929321
24537	叫賣	2	482322	90.929698
24538	叫醒	2	482324	90.930075
24539	叫嚷	2	482326	90.930452
24540	另行	2	482328	90.930829
24541	另當別論	2	482330	90.931206
24542	只許	2	482332	90.931583
24543	史丹福	2	482334	90.931960
24544	史密斯先生到美京	2	482336	90.932337
24545	史畢克斯長尾鸚鵡	2	482338	90.932714
24546	史博	2	482340	90.933091
24547	史提	2	482342	90.933468
24548	史華茲	2	482344	90.933845
24549	史學家	2	482346	90.934222
24550	史籍	2	482348	90.934599
24551	史豔文	2	482350	90.934976
24552	四大天王	2	482352	90.935353
24553	四大金剛	2	482354	90.935730
24554	四平八穩	2	482356	90.936107
24555	四角	2	482358	90.936484
24556	四門防護鋼梁	2	482360	90.936861
24557	四門電動窗	2	482362	90.937238
24558	四重奏	2	482364	90.937615
24559	四面佛寺	2	482366	90.937992
24560	四射	2	482368	90.938369
24561	四處可見	2	482370	90.938746
24562	四輪多連桿懸掛系統	2	482372	90.939123
24563	四輪驅動汽車	2	482374	90.939500
24564	囚禁	2	482376	90.939877
24565	外文系	2	482378	90.940254
24566	外用	2	482380	90.940631
24567	外快	2	482382	90.941008
24568	外泄	2	482384	90.941385
24569	外物	2	482386	90.941762
24570	外食	2	482388	90.942139
24571	外商公司	2	482390	90.942516
24572	外患	2	482392	90.942893
24573	外族	2	482394	90.943270
24574	外野	2	482396	90.943647
24575	外陰切開手術	2	482398	90.944024
24576	外陰部	2	482400	90.944401
24577	外甥	2	482402	90.944778
24578	外匯券	2	482404	90.945155
24579	外資概念股	2	482406	90.945532
24580	外漏	2	482408	90.945909
24581	外環道路	2	482410	90.946286
24582	失序	2	482412	90.946663
24583	失身	2	482414	90.947040
24584	失事	2	482416	90.947417
24585	失政	2	482418	90.947794
24586	失效	2	482420	90.948171
24587	失真	2	482422	90.948548
24588	失敗者	2	482424	90.948925
24589	失陪	2	482426	90.949302
24590	失陷	2	482428	90.949679
24591	失策	2	482430	90.950056
24592	失業者	2	482432	90.950433
24593	失禁	2	482434	90.950810
24594	失聲	2	482436	90.951187
24595	失職	2	482438	90.951564
24596	失靈	2	482440	90.951941
24597	奴才	2	482442	90.952318
24598	奶嘴	2	482444	90.952695
24599	孕卵	2	482446	90.953072
24600	尼日	2	482448	90.953449
24601	尼日利亞	2	482450	90.953826
24602	尼加拉大瀑布	2	482452	90.954203
24603	尼加拉河	2	482454	90.954580
24604	尼古丁	2	482456	90.954957
24605	尼克諾特	2	482458	90.955334
24606	尼采	2	482460	90.955711
24607	巨匠	2	482462	90.956088
24608	巨作	2	482464	90.956465
24609	巨細胞病毒肺炎	2	482466	90.956842
24610	巨細胞病毒網膜炎	2	482468	90.957219
24611	巨蛋球場	2	482470	90.957596
24612	巨款	2	482472	90.957973
24613	巨量	2	482474	90.958350
24614	巨蟹座	2	482476	90.958727
24615	巨艦	2	482478	90.959104
24616	巧手	2	482480	90.959481
24617	左方	2	482482	90.959858
24618	左傾	2	482484	90.960235
24619	左擁右抱	2	482486	90.960612
24620	市立托兒所	2	482488	90.960989
24621	市政建設	2	482490	90.961366
24622	市庫	2	482492	90.961743
24623	布丁	2	482494	90.962120
24624	布告欄	2	482496	90.962497
24625	布林曼	2	482498	90.962874
24626	布娃娃	2	482500	90.963251
24627	布朗哥鎮	2	482502	90.963628
24628	布偶劇	2	482504	90.964005
24629	平分秋色	2	482506	90.964382
24630	平心	2	482508	90.964759
24631	平心靜氣	2	482510	90.965136
24632	平方公分	2	482512	90.965513
24633	平方米	2	482514	90.965890
24634	平方呎	2	482516	90.966267
24635	平民化	2	482518	90.966644
24636	平交道	2	482520	90.967021
24637	平伸	2	482522	90.967398
24638	平均地權條例	2	482524	90.967775
24639	平均值	2	482526	90.968152
24640	平定	2	482528	90.968529
24641	平房	2	482530	90.968906
24642	平臥	2	482532	90.969283
24643	平面稿	2	482534	90.969660
24644	平起平坐	2	482536	90.970037
24645	平衡軸	2	482538	90.970414
24646	平壤	2	482540	90.970791
24647	平議	2	482542	90.971168
24648	平權	2	482544	90.971545
24649	幼年期	2	482546	90.971922
24650	幼兒教育	2	482548	90.972299
24651	幼時	2	482550	90.972676
24652	幼教協會	2	482552	90.973053
24653	弗伯斯	2	482554	90.973430
24654	弗萊塞	2	482556	90.973807
24655	必死無疑	2	482558	90.974184
24656	必要性	2	482560	90.974561
24657	必將	2	482562	90.974938
24658	打水	2	482564	90.975315
24659	打卡	2	482566	90.975692
24660	打打鬧鬧	2	482568	90.976069
24661	打光	2	482570	90.976446
24662	打字員	2	482572	90.976823
24663	打死	2	482574	90.977200
24664	打老虎	2	482576	90.977577
24665	打抱不平	2	482578	90.977954
24666	打破砂鍋問到底	2	482580	90.978331
24667	打帶跑	2	482582	90.978708
24668	打理	2	482584	90.979085
24669	打散	2	482586	90.979462
24670	打棒球	2	482588	90.979839
24671	打雷	2	482590	90.980216
24672	打鼓	2	482592	90.980593
24673	打對臺	2	482594	90.980970
24674	打製	2	482596	90.981347
24675	打戰	2	482598	90.981724
24676	打贏	2	482600	90.982101
24677	打攪	2	482602	90.982478
24678	斥責	2	482604	90.982855
24679	斥堠兵	2	482606	90.983232
24680	本土性	2	482608	90.983609
24681	本田雅哥	2	482610	90.983986
24682	本次	2	482612	90.984363
24683	本位主義	2	482614	90.984740
24684	本利	2	482616	90.985117
24685	本性難移	2	482618	90.985494
24686	本科	2	482620	90.985871
24687	本息	2	482622	90.986248
24688	本案	2	482624	90.986625
24689	本票	2	482626	90.987002
24690	未央	2	482628	90.987379
24691	未來終結者	2	482630	90.987756
24692	未到	2	482632	90.988133
24693	未明	2	482634	90.988510
24694	未知數	2	482636	90.988887
24695	未幾	2	482638	90.989264
24696	未遂	2	482640	90.989641
24697	末代皇帝	2	482642	90.990018
24698	末梢	2	482644	90.990395
24699	正文	2	482646	90.990772
24700	正旦	2	482648	90.991149
24701	正字標記	2	482650	90.991526
24702	正品	2	482652	90.991903
24703	正宮	2	482654	90.992280
24704	正朔	2	482656	90.992657
24705	正牌	2	482658	90.993034
24706	正極	2	482660	90.993411
24707	正道	2	482662	90.993788
24708	正電子對撞機	2	482664	90.994165
24709	母鳥	2	482666	90.994542
24710	母儀天下	2	482668	90.994919
24711	母親卡	2	482670	90.995296
24712	母題	2	482672	90.995673
24713	民工	2	482674	90.996050
24714	民工潮	2	482676	90.996427
24715	民主主義	2	482678	90.996804
24716	民主制度	2	482680	90.997181
24717	民主電視臺	2	482682	90.997558
24718	民生之星	2	482684	90.997935
24719	民生東路	2	482686	90.998312
24720	民生社區	2	482688	90.998689
24721	民宅	2	482690	90.999066
24722	民防	2	482692	90.999443
24723	民事	2	482694	90.999820
24724	民俗團	2	482696	91.000197
24725	民政	2	482698	91.000574
24726	民航	2	482700	91.000951
24727	民族工業	2	482702	91.001328
24728	民烽	2	482704	91.001705
24729	民歌	2	482706	91.002082
24730	民豐	2	482708	91.002459
24731	永大資訊	2	482710	91.002836
24732	永大機電	2	482712	91.003213
24733	永平	2	482714	91.003590
24734	永生	2	482716	91.003967
24735	永無止境	2	482718	91.004344
24736	永豐餘	2	482720	91.004721
24737	玄武岩	2	482722	91.005098
24738	玉山杜鵑	2	482724	91.005475
24739	玉山國家公園	2	482726	91.005852
24740	玉山圓柏	2	482728	91.006229
24741	玉手	2	482730	91.006606
24742	玉佛	2	482732	91.006983
24743	玉兔	2	482734	91.007360
24744	玉泉洞	2	482736	91.007737
24745	玉卿嫂	2	482738	91.008114
24746	玉蒲團偷情寶鑑	2	482740	91.008491
24747	玉製	2	482742	91.008868
24748	玉璽	2	482744	91.009245
24749	瓜果	2	482746	91.009622
24750	瓦地河	2	482748	91.009999
24751	瓦城	2	482750	91.010376
24752	瓦斯布拉	2	482752	91.010753
24753	瓦斯爐	2	482754	91.011130
24754	甘地	2	482756	91.011507
24755	甘美	2	482758	91.011884
24756	甘霖	2	482760	91.012261
24757	甘藍	2	482762	91.012638
24758	生力麵	2	482764	91.013015
24759	生手	2	482766	91.013392
24760	生火	2	482768	91.013769
24761	生吃	2	482770	91.014146
24762	生字	2	482772	91.014523
24763	生死存亡	2	482774	91.014900
24764	生肖	2	482776	91.015277
24765	生兒育女	2	482778	91.015654
24766	生物學	2	482780	91.016031
24767	生物鹼	2	482782	91.016408
24768	生長激素	2	482784	91.016785
24769	生津	2	482786	91.017162
24770	生倫	2	482788	91.017539
24771	生息	2	482790	91.017916
24772	生殺大權	2	482792	91.018293
24773	生產毛額	2	482794	91.018670
24774	生產性	2	482796	91.019047
24775	生產者	2	482798	91.019424
24776	生產量	2	482800	91.019801
24777	生蛋	2	482802	91.020178
24778	生殖系統	2	482804	91.020555
24779	生殖道炎症	2	482806	91.020932
24780	生態環境	2	482808	91.021309
24781	生髮水	2	482810	91.021686
24782	生澀	2	482812	91.022063
24783	生鮮	2	482814	91.022440
24784	生蠔	2	482816	91.022817
24785	生變	2	482818	91.023194
24786	用完	2	482820	91.023571
24787	用到	2	482822	91.023948
24788	用紙	2	482824	91.024325
24789	用詞	2	482826	91.024702
24790	用電	2	482828	91.025079
24791	田壯壯	2	482830	91.025456
24792	田埂	2	482832	91.025833
24793	田徑賽	2	482834	91.026210
24794	甲子	2	482836	91.026587
24795	甲狀腺腫	2	482838	91.026964
24796	甲桂林公司	2	482840	91.027341
24797	甲組	2	482842	91.027718
24798	甲殼	2	482844	91.028095
24799	甲龍	2	482846	91.028472
24800	甲腈咪胺	2	482848	91.028849
24801	申告	2	482850	91.029226
24802	申設	2	482852	91.029603
24803	申報館	2	482854	91.029980
24804	申請表	2	482856	91.030357
24805	申請書	2	482858	91.030734
24806	白白細細	2	482860	91.031111
24807	白光	2	482862	91.031488
24808	白米飯	2	482864	91.031865
24809	白羊	2	482866	91.032242
24810	白羊宮	2	482868	91.032619
24811	白金	2	482870	91.032996
24812	白金漢宮	2	482872	91.033373
24813	白派	2	482874	91.033750
24814	白浪	2	482876	91.034127
24815	白紙黑字	2	482878	91.034504
24816	白帳汗國	2	482880	91.034881
24817	白毫烏龍	2	482882	91.035258
24818	白眼	2	482884	91.035635
24819	白雪皚皚	2	482886	91.036012
24820	白帽	2	482888	91.036389
24821	白雲樓	2	482890	91.036766
24822	白楊	2	482892	91.037143
24823	白膜	2	482894	91.037520
24824	白髮蒼蒼	2	482896	91.037897
24825	白頭翁	2	482898	91.038274
24826	白頭髮	2	482900	91.038651
24827	白蟻	2	482902	91.039028
24828	白蘿蔔	2	482904	91.039405
24829	白鷴	2	482906	91.039782
24830	皮件	2	482908	91.040159
24831	皮局	2	482910	91.040536
24832	皮炎	2	482912	91.040913
24833	皮疹	2	482914	91.041290
24834	皮脂漏濕疹	2	482916	91.041667
24835	皮袋	2	482918	91.042044
24836	皮塑	2	482920	91.042421
24837	皮損	2	482922	91.042798
24838	皮影戲	2	482924	91.043175
24839	皮雕	2	482926	91.043552
24840	皮囊	2	482928	91.043929
24841	矢車菊	2	482930	91.044306
24842	石化燃料	2	482932	91.044683
24843	石片	2	482934	91.045060
24844	石永貴	2	482936	91.045437
24845	石匠	2	482938	91.045814
24846	石灰岩	2	482940	91.046191
24847	石臼	2	482942	91.046568
24848	石板屋	2	482944	91.046945
24849	石屋	2	482946	91.047322
24850	石原	2	482948	91.047699
24851	石清虛	2	482950	91.048076
24852	石窟	2	482952	91.048453
24853	石路	2	482954	91.048830
24854	石像	2	482956	91.049207
24855	石綿瓦	2	482958	91.049584
24856	石壁環	2	482960	91.049961
24857	石頭公園	2	482962	91.050338
24858	石藝家	2	482964	91.050715
24859	石礫	2	482966	91.051092
24860	石碇	2	482968	91.051469
24861	示意圖	2	482970	91.051846
24862	禾稻	2	482972	91.052223
24863	立方公分	2	482974	91.052600
24864	立定跳遠	2	482976	91.052977
24865	立春	2	482978	91.053354
24866	立約	2	482980	91.053731
24867	立益建設	2	482982	91.054108
24868	立農國小	2	482984	91.054485
24869	立體停車場	2	482986	91.054862
24870	丟下	2	482988	91.055239
24871	丟擲聲	2	482990	91.055616
24872	交叉口	2	482992	91.055993
24873	交手	2	482994	91.056370
24874	交付	2	482996	91.056747
24875	交易量	2	482998	91.057124
24876	交朋友	2	483000	91.057501
24877	交流會	2	483002	91.057878
24878	交流道	2	483004	91.058255
24879	交界處	2	483006	91.058632
24880	交通大學	2	483008	91.059009
24881	交通車	2	483010	91.059386
24882	交通事故	2	483012	91.059763
24883	交割	2	483014	91.060140
24884	交博館	2	483016	91.060517
24885	交握	2	483018	91.060894
24886	交稅	2	483020	91.061271
24887	交會點	2	483022	91.061648
24888	交誼廳	2	483024	91.062025
24889	交纏	2	483026	91.062402
24890	亦可	2	483028	91.062779
24891	亦然	2	483030	91.063156
24892	伉儷	2	483032	91.063533
24893	伙計	2	483034	91.063910
24894	伊利諾大學	2	483036	91.064287
24895	伊利諾州	2	483038	91.064664
24896	伊甸	2	483040	91.065041
24897	伊豆群島	2	483042	91.065418
24898	伊果王子	2	483044	91.065795
24899	伊施波設	2	483046	91.066172
24900	伊朗全國抵抗運動委員會	2	483048	91.066549
24901	伊朗國家黨	2	483050	91.066926
24902	伊博恩	2	483052	91.067303
24903	伊斯特拉半島	2	483054	91.067680
24904	伊斯蘭青年動員團	2	483056	91.068057
24905	伊麗莎白泰勒	2	483058	91.068434
24906	伍子胥	2	483060	91.068811
24907	伍廷芳	2	483062	91.069188
24908	休眠	2	483064	91.069565
24909	休閒車	2	483066	91.069942
24910	休養生息	2	483068	91.070319
24911	休館	2	483070	91.070696
24912	伏流	2	483072	91.071073
24913	伏筆	2	483074	91.071450
24914	任事	2	483076	91.071827
24915	任重道遠	2	483078	91.072204
24916	任期	2	483080	91.072581
24917	仰天	2	483082	91.072958
24918	仰仗	2	483084	91.073335
24919	仰臥起坐	2	483086	91.073712
24920	仰慕者	2	483088	91.074089
24921	份量	2	483090	91.074466
24922	企盼	2	483092	91.074843
24923	企畫案	2	483094	91.075220
24924	企業主	2	483096	91.075597
24925	企業體	2	483098	91.075974
24926	企劃案	2	483100	91.076351
24927	企劃處	2	483102	91.076728
24928	企管研究所	2	483104	91.077105
24929	企銀	2	483106	91.077482
24930	光芒四射	2	483108	91.077859
24931	光明正大	2	483110	91.078236
24932	光明頂	2	483112	91.078613
24933	光明磊落	2	483114	91.078990
24934	光波	2	483116	91.079367
24935	光陰似箭	2	483118	91.079744
24936	光陰的故事	2	483120	91.080121
24937	光復南路	2	483122	91.080498
24938	光復書局	2	483124	91.080875
24939	光復鄉	2	483126	91.081252
24940	光暈	2	483128	91.081629
24941	光電感知器	2	483130	91.082006
24942	光榮國小	2	483132	91.082383
24943	光碟片	2	483134	91.082760
24944	光潔	2	483136	91.083137
24945	光學	2	483138	91.083514
24946	光纖	2	483140	91.083891
24947	兇手	2	483142	91.084268
24948	兇狠	2	483144	91.084645
24949	兇猛	2	483146	91.085022
24950	先天性心臟病	2	483148	91.085399
24951	全人	2	483150	91.085776
24952	全名	2	483152	91.086153
24953	全局	2	483154	91.086530
24954	全員	2	483156	91.086907
24955	全時四輪驅動系統	2	483158	91.087284
24956	全時間四輪傳動	2	483160	91.087661
24957	全書	2	483162	91.088038
24958	全神貫注	2	483164	91.088415
24959	全副武裝	2	483166	91.088792
24960	全國代表大會	2	483168	91.089169
24961	全球化	2	483170	91.089546
24962	全開	2	483172	91.089923
24963	全毀	2	483174	91.090300
24964	全臺	2	483176	91.090677
24965	全劇	2	483178	91.091054
24966	全歐	2	483180	91.091431
24967	全盤托出	2	483182	91.091808
24968	全盤性	2	483184	91.092185
24969	全靠	2	483186	91.092562
24970	全縣	2	483188	91.092939
24971	全職人	2	483190	91.093316
24972	全黨	2	483192	91.093693
24973	全聾	2	483194	91.094070
24974	共同天線	2	483196	91.094447
24975	共同市場	2	483198	91.094824
24976	共同基金	2	483200	91.095201
24977	共產制度	2	483202	91.095578
24978	共產政權	2	483204	91.095955
24979	共渡	2	483206	91.096332
24980	共進	2	483208	91.096709
24981	共飲	2	483210	91.097086
24982	再生之旅	2	483212	91.097463
24983	再好	2	483214	91.097840
24984	再續前世情	2	483216	91.098217
24985	冰天雪地	2	483218	91.098594
24986	冰屑	2	483220	91.098971
24987	冰涼	2	483222	91.099348
24988	冰磧石	2	483224	91.099725
24989	列示	2	483226	91.100102
24990	列茲金卡	2	483228	91.100479
24991	刑事組	2	483230	91.100856
24992	刑責	2	483232	91.101233
24993	划艇	2	483234	91.101610
24994	划龍舟	2	483236	91.101987
24995	匠心	2	483238	91.102364
24996	印加	2	483240	91.102741
24997	印加人	2	483242	91.103118
24998	印刷術	2	483244	91.103495
24999	印刷廠	2	483246	91.103872
25000	印記	2	483248	91.104249
25001	危局	2	483250	91.104626
25002	危機重重	2	483252	91.105003
25003	危難	2	483254	91.105380
25004	吉凶	2	483256	91.105757
25005	吉他手	2	483258	91.106134
25006	吉安鄉	2	483260	91.106511
25007	吉第微電路公司	2	483262	91.106888
25008	吉備津之釜	2	483264	91.107265
25009	吉普賽	2	483266	91.107642
25010	吉爾加梅	2	483268	91.108019
25011	吉爾加梅須	2	483270	91.108396
25012	吉爾加梅須敘事詩	2	483272	91.108773
25013	同化	2	483274	91.109150
25014	同心協力	2	483276	91.109527
25015	同去	2	483278	91.109904
25016	同甘共苦	2	483280	91.110281
25017	同生	2	483282	91.110658
25018	同好會	2	483284	91.111035
25019	同步錄音	2	483286	91.111412
25020	同車	2	483288	91.111789
25021	同享	2	483290	91.112166
25022	同治	2	483292	91.112543
25023	同是	2	483294	91.112920
25024	同流合汙	2	483296	91.113297
25025	同音	2	483298	91.113674
25026	同鄉	2	483300	91.114051
25027	同意書	2	483302	91.114428
25028	同義字	2	483304	91.114805
25029	同義詞	2	483306	91.115182
25030	同道	2	483308	91.115559
25031	同僚	2	483310	91.115936
25032	同質	2	483312	91.116313
25033	同黨	2	483314	91.116690
25034	同齡	2	483316	91.117067
25035	同歡	2	483318	91.117444
25036	吐痰	2	483320	91.117821
25037	各人	2	483322	91.118198
25038	各區	2	483324	91.118575
25039	各部	2	483326	91.118952
25040	各縣市	2	483328	91.119329
25041	各點	2	483330	91.119706
25042	向學	2	483332	91.120083
25043	名犬	2	483334	91.120460
25044	名妓	2	483336	91.120837
25045	名品	2	483338	91.121214
25046	名流	2	483340	91.121591
25047	名校	2	483342	91.121968
25048	名勝古蹟	2	483344	91.122345
25049	名實相符	2	483346	91.122722
25050	名嘴	2	483348	91.123099
25051	名聲大噪	2	483350	91.123476
25052	合十	2	483352	91.123853
25053	合用	2	483354	91.124230
25054	合拍片	2	483356	91.124607
25055	合庫	2	483358	91.124984
25056	合唱曲	2	483360	91.125361
25057	合唱賽	2	483362	91.125738
25058	合創	2	483364	91.126115
25059	合照	2	483366	91.126492
25060	合資案	2	483368	91.126869
25061	合諧	2	483370	91.127246
25062	合購	2	483372	91.127623
25063	吃力不討好	2	483374	91.128000
25064	吃奶	2	483376	91.128377
25065	吃完	2	483378	91.128754
25066	吃官司	2	483380	91.129131
25067	吃法	2	483382	91.129508
25068	吃香	2	483384	91.129885
25069	吃素	2	483386	91.130262
25070	吃醋	2	483388	91.130639
25071	吃錯藥	2	483390	91.131016
25072	后妃	2	483392	91.131393
25073	因果報應	2	483394	91.131770
25074	因時制宜	2	483396	91.132147
25075	因循	2	483398	91.132524
25076	因循苟且	2	483400	91.132901
25077	因緣際會	2	483402	91.133278
25078	回心轉意	2	483404	91.133655
25079	回回	2	483406	91.134032
25080	回娘家	2	483408	91.134409
25081	回座	2	483410	91.134786
25082	回眸一笑	2	483412	91.135163
25083	回部	2	483414	91.135540
25084	回絕	2	483416	91.135917
25085	回補	2	483418	91.136294
25086	回聲	2	483420	91.136671
25087	回籠	2	483422	91.137048
25088	地下工廠	2	483424	91.137425
25089	地下水位	2	483426	91.137802
25090	地下鐵路	2	483428	91.138179
25091	地支	2	483430	91.138556
25092	地方官	2	483432	91.138933
25093	地牛翻身	2	483434	91.139310
25094	地平面	2	483436	91.139687
25095	地皮	2	483438	91.140064
25096	地坪	2	483440	91.140441
25097	地狹人稠	2	483442	91.140818
25098	地理學家	2	483444	91.141195
25099	地窖	2	483446	91.141572
25100	地貌	2	483448	91.141949
25101	地熱谷	2	483450	91.142326
25102	地震波	2	483452	91.142703
25103	地震帶	2	483454	91.143080
25104	地學	2	483456	91.143457
25105	地磚	2	483458	91.143834
25106	地頭蛇	2	483460	91.144211
25107	地攤	2	483462	91.144588
25108	在天之靈	2	483464	91.144965
25109	多方面	2	483466	91.145342
25110	多日	2	483468	91.145719
25111	多毛猛犸象	2	483470	91.146096
25112	多出	2	483472	91.146473
25113	多用途	2	483474	91.146850
25114	多用途車	2	483476	91.147227
25115	多吃	2	483478	91.147604
25116	多好	2	483480	91.147981
25117	多汗	2	483482	91.148358
25118	多尿	2	483484	91.148735
25119	多雨	2	483486	91.149112
25120	多倫多	2	483488	91.149489
25121	多氣門引擎	2	483490	91.149866
25122	多瑙河	2	483492	91.150243
25123	多過	2	483494	91.150620
25124	多嘴	2	483496	91.150997
25125	多層次	2	483498	91.151374
25126	多頭馬車	2	483500	91.151751
25127	多虧	2	483502	91.152128
25128	多禮	2	483504	91.152505
25129	夷為平地	2	483506	91.152882
25130	妄動	2	483508	91.153259
25131	好兄弟	2	483510	91.153636
25132	好吃懶做	2	483512	91.154013
25133	好似	2	483514	91.154390
25134	好身手	2	483516	91.154767
25135	好事多磨	2	483518	91.155144
25136	好來塢	2	483520	91.155521
25137	好采頭	2	483522	91.155898
25138	好勇鬥狠	2	483524	91.156275
25139	好客	2	483526	91.156652
25140	好茶	2	483528	91.157029
25141	好望角	2	483530	91.157406
25142	好勝	2	483532	91.157783
25143	好滋味	2	483534	91.158160
25144	好菜	2	483536	91.158537
25145	好極了	2	483538	91.158914
25146	好話	2	483540	91.159291
25147	好漢	2	483542	91.159668
25148	好睡	2	483544	91.160045
25149	好點兒	2	483546	91.160422
25150	如法炮製	2	483548	91.160799
25151	如虎添翼	2	483550	91.161176
25152	如約	2	483552	91.161553
25153	如假包換	2	483554	91.161930
25154	如夢錄	2	483556	91.162307
25155	如謎	2	483558	91.162684
25156	如願以償	2	483560	91.163061
25157	字面	2	483562	91.163438
25158	字條	2	483564	91.163815
25159	存在主義	2	483566	91.164192
25160	存活量	2	483568	91.164569
25161	存款戶	2	483570	91.164946
25162	存款準備率	2	483572	91.165323
25163	存錢	2	483574	91.165700
25164	存續	2	483576	91.166077
25165	守汴日誌	2	483578	91.166454
25166	守法者	2	483580	91.166831
25167	守株待兔	2	483582	91.167208
25168	守備	2	483584	91.167585
25169	守節	2	483586	91.167962
25170	安公子	2	483588	91.168339
25171	安史之亂	2	483590	91.168716
25172	安平港	2	483592	91.169093
25173	安全手冊	2	483594	91.169470
25174	安安	2	483596	91.169847
25175	安享	2	483598	91.170224
25176	安定性	2	483600	91.170601
25177	安格爾	2	483602	91.170978
25178	安泰人壽	2	483604	91.171355
25179	安眠	2	483606	91.171732
25180	安啦	2	483608	91.172109
25181	安得海	2	483610	91.172486
25182	安博‧雅	2	483612	91.172863
25183	安插	2	483614	91.173240
25184	安然無恙	2	483616	91.173617
25185	安德烈	2	483618	91.173994
25186	安撫	2	483620	91.174371
25187	安樂	2	483622	91.174748
25188	安樂死	2	483624	91.175125
25189	安親	2	483626	91.175502
25190	尖叫聲	2	483628	91.175879
25191	尖角	2	483630	91.176256
25192	尖端科技	2	483632	91.176633
25193	州府	2	483634	91.177010
25194	州長	2	483636	91.177387
25195	州縣	2	483638	91.177764
25196	帆布	2	483640	91.178141
25197	年久失修	2	483642	91.178518
25198	年少得志	2	483644	91.178895
25199	年平均	2	483646	91.179272
25200	年幼	2	483648	91.179649
25201	年尾	2	483650	91.180026
25202	年事已高	2	483652	91.180403
25203	年青人	2	483654	91.180780
25204	年後	2	483656	91.181157
25205	年息	2	483658	91.181534
25206	年貨	2	483660	91.181911
25207	年報	2	483662	91.182288
25208	年費	2	483664	91.182665
25209	年滿	2	483666	91.183042
25210	年輕貌美	2	483668	91.183419
25211	年增率	2	483670	91.183796
25212	年曆	2	483672	91.184173
25213	年糕	2	483674	91.184550
25214	年營收	2	483676	91.184927
25215	戎裝	2	483678	91.185304
25216	戍守	2	483680	91.185681
25217	成大	2	483682	91.186058
25218	成化	2	483684	91.186435
25219	成文	2	483686	91.186812
25220	成片	2	483688	91.187189
25221	成功嶺	2	483690	91.187566
25222	成竹在胸	2	483692	91.187943
25223	成衣	2	483694	91.188320
25224	成佛	2	483696	91.188697
25225	成材	2	483698	91.189074
25226	成車	2	483700	91.189451
25227	成長期	2	483702	91.189828
25228	成屋	2	483704	91.190205
25229	成癮	2	483706	91.190582
25230	扣住	2	483708	91.190959
25231	扣留	2	483710	91.191336
25232	扣帽子	2	483712	91.191713
25233	扛起	2	483714	91.192090
25234	收下	2	483716	91.192467
25235	收好	2	483718	91.192844
25236	收托	2	483720	91.193221
25237	收兵	2	483722	91.193598
25238	收音	2	483724	91.193975
25239	收起來	2	483726	91.194352
25240	收費站	2	483728	91.194729
25241	收集站	2	483730	91.195106
25242	收賄	2	483732	91.195483
25243	收緊	2	483734	91.195860
25244	收錢	2	483736	91.196237
25245	收穫量	2	483738	91.196614
25246	收聽率	2	483740	91.196991
25247	早自習	2	483742	91.197368
25248	早知道	2	483744	91.197745
25249	早婚	2	483746	91.198122
25250	早飯	2	483748	91.198499
25251	旨意	2	483750	91.198876
25252	曲曲折折	2	483752	91.199253
25253	曲線圖	2	483754	91.199630
25254	有名無實	2	483756	91.200007
25255	有年	2	483758	91.200384
25256	有成	2	483760	91.200761
25257	有志竟成	2	483762	91.201138
25258	有系統	2	483764	91.201515
25259	有空兒	2	483766	91.201892
25260	有為	2	483768	91.202269
25261	有若	2	483770	91.202646
25262	有氣無力	2	483772	91.203023
25263	有氧	2	483774	91.203400
25264	有婦之夫	2	483776	91.203777
25265	有情人	2	483778	91.204154
25266	有教無類	2	483780	91.204531
25267	有涯	2	483782	91.204908
25268	有袋類	2	483784	91.205285
25269	有閒	2	483786	91.205662
25270	有勢	2	483788	91.206039
25271	有意義	2	483790	91.206416
25272	有誤	2	483792	91.206793
25273	有樣學樣	2	483794	91.207170
25274	有線	2	483796	91.207547
25275	有餘	2	483798	91.207924
25276	有機物質	2	483800	91.208301
25277	有機會	2	483802	91.208678
25278	有機質	2	483804	91.209055
25279	有機磷農藥	2	483806	91.209432
25280	有興趣	2	483808	91.209809
25281	有錢有勢	2	483810	91.210186
25282	有識之士	2	483812	91.210563
25283	有識者	2	483814	91.210940
25284	有權有勢	2	483816	91.211317
25285	有靈	2	483818	91.211694
25286	朽壞	2	483820	91.212071
25287	朱光潛	2	483822	91.212448
25288	朱安雄	2	483824	91.212825
25289	朱成志	2	483826	91.213202
25290	朱有燉	2	483828	91.213579
25291	朱宗慶打擊樂團	2	483830	91.213956
25292	朱延平	2	483832	91.214333
25293	朱桂	2	483834	91.214710
25294	朱睦楔	2	483836	91.215087
25295	朱德庸	2	483838	91.215464
25296	次子	2	483840	91.215841
25297	次晨	2	483842	91.216218
25298	死亡證明書	2	483844	91.216595
25299	死心塌地	2	483846	91.216972
25300	死水	2	483848	91.217349
25301	死去活來	2	483850	91.217726
25302	死生	2	483852	91.218103
25303	死而無憾	2	483854	91.218480
25304	死劫	2	483856	91.218857
25305	死谷	2	483858	91.219234
25306	死忠	2	483860	91.219611
25307	死法	2	483862	91.219988
25308	死狀	2	483864	91.220365
25309	死屍	2	483866	91.220742
25310	死苦	2	483868	91.221119
25311	死期	2	483870	91.221496
25312	死港	2	483872	91.221873
25313	死結	2	483874	91.222250
25314	死罪	2	483876	91.222627
25315	死腦筋	2	483878	91.223004
25316	汗疹	2	483880	91.223381
25317	汗馬功勞	2	483882	91.223758
25318	汗國	2	483884	91.224135
25319	汙水處理廠	2	483886	91.224512
25320	汙物	2	483888	91.224889
25321	汙垢	2	483890	91.225266
25322	汙點	2	483892	91.225643
25323	江心	2	483894	91.226020
25324	江東峰	2	483896	91.226397
25325	江河日下	2	483898	91.226774
25326	江青	2	483900	91.227151
25327	江朝國	2	483902	91.227528
25328	江萬齡	2	483904	91.227905
25329	江漢聲	2	483906	91.228282
25330	池中之物	2	483908	91.228659
25331	池臺	2	483910	91.229036
25332	污濁	2	483912	91.229413
25333	污穢	2	483914	91.229790
25334	灰姑娘	2	483916	91.230167
25335	灰紅	2	483918	91.230544
25336	灰面鷲	2	483920	91.230921
25337	灰黃	2	483922	91.231298
25338	灰褐	2	483924	91.231675
25339	灰髮	2	483926	91.232052
25340	灰燼	2	483928	91.232429
25341	灰黯	2	483930	91.232806
25342	灰鶺鴒	2	483932	91.233183
25343	牟利	2	483934	91.233560
25344	百分點	2	483936	91.233937
25345	百年大鎮	2	483938	91.234314
25346	百米	2	483940	91.234691
25347	百里侯	2	483942	91.235068
25348	百依百順	2	483944	91.235445
25349	百兩金	2	483946	91.235822
25350	百貨店	2	483948	91.236199
25351	百發百中	2	483950	91.236576
25352	百歲	2	483952	91.236953
25353	百廢待舉	2	483954	91.237330
25354	百寶箱	2	483956	91.237707
25355	竹子湖	2	483958	91.238084
25356	竹片	2	483960	91.238461
25357	竹北	2	483962	91.238838
25358	竹竿	2	483964	91.239215
25359	竹圍	2	483966	91.239592
25360	竹棍	2	483968	91.239969
25361	竹湖	2	483970	91.240346
25362	竹間	2	483972	91.240723
25363	竹筷	2	483974	91.241100
25364	竹葉	2	483976	91.241477
25365	竹蜻蜓	2	483978	91.241854
25366	竹雞	2	483980	91.242231
25367	竹籠	2	483982	91.242608
25368	米高梅	2	483984	91.242985
25369	米基洛克	2	483986	91.243362
25370	米斯	2	483988	91.243739
25371	米價	2	483990	91.244116
25372	米德摩	2	483992	91.244493
25373	米蘭市	2	483994	91.244870
25374	羊腸小徑	2	483996	91.245247
25375	羊腦	2	483998	91.245624
25376	羽田集團	2	484000	91.246001
25377	羽田機械集團	2	484002	91.246378
25378	羽賽	2	484004	91.246755
25379	老人津貼	2	484006	91.247132
25380	老三	2	484008	91.247509
25381	老大哥	2	484010	91.247886
25382	老小	2	484012	91.248263
25383	老天有眼	2	484014	91.248640
25384	老手	2	484016	91.249017
25385	老毛病	2	484018	91.249394
25386	老去	2	484020	91.249771
25387	老四	2	484022	91.250148
25388	老奶奶	2	484024	91.250525
25389	老本	2	484026	91.250902
25390	老先生	2	484028	91.251279
25391	老年期	2	484030	91.251656
25392	老早	2	484032	91.252033
25393	老死	2	484034	91.252410
25394	老伴	2	484036	91.252787
25395	老店	2	484038	91.253164
25396	老板	2	484040	91.253541
25397	老套	2	484042	91.253918
25398	老娘	2	484044	91.254295
25399	老弱	2	484046	91.254672
25400	老弱病殘	2	484048	91.255049
25401	老班底	2	484050	91.255426
25402	老翁	2	484052	91.255803
25403	老婦	2	484054	91.256180
25404	老鳥	2	484056	91.256557
25405	老媽	2	484058	91.256934
25406	老幹部	2	484060	91.257311
25407	老當益壯	2	484062	91.257688
25408	老農民	2	484064	91.258065
25409	老鼠藥	2	484066	91.258442
25410	老嫗	2	484068	91.258819
25411	老頭子	2	484070	91.259196
25412	老邁	2	484072	91.259573
25413	考古界	2	484074	91.259950
25414	考紀會	2	484076	91.260327
25415	考據	2	484078	91.260704
25416	考績	2	484080	91.261081
25417	耳垢	2	484082	91.261458
25418	耳科	2	484084	91.261835
25419	耳根	2	484086	91.262212
25420	耳畔	2	484088	91.262589
25421	耳鼻喉科	2	484090	91.262966
25422	耳熟	2	484092	91.263343
25423	耳機	2	484094	91.263720
25424	耳環	2	484096	91.264097
25425	肉片	2	484098	91.264474
25426	肉身	2	484100	91.264851
25427	肉陣	2	484102	91.265228
25428	肉感	2	484104	91.265605
25429	肉粽	2	484106	91.265982
25430	肋間肌	2	484108	91.266359
25431	肌力	2	484110	91.266736
25432	肌紅蛋白	2	484112	91.267113
25433	肌理	2	484114	91.267490
25434	臣服	2	484116	91.267867
25435	臣僚	2	484118	91.268244
25436	自由化路線	2	484120	91.268621
25437	自由活動	2	484122	91.268998
25438	自立門戶	2	484124	91.269375
25439	自作自受	2	484126	91.269752
25440	自作聰明	2	484128	91.270129
25441	自助式	2	484130	91.270506
25442	自我放逐	2	484132	91.270883
25443	自決	2	484134	91.271260
25444	自私自利	2	484136	91.271637
25445	自卑感	2	484138	91.272014
25446	自治省	2	484140	91.272391
25447	自治鎮長	2	484142	91.272768
25448	自知	2	484144	91.273145
25449	自持	2	484146	91.273522
25450	自是	2	484148	91.273899
25451	自相矛盾	2	484150	91.274276
25452	自若	2	484152	91.274653
25453	自重人重	2	484154	91.275030
25454	自首	2	484156	91.275407
25455	自討苦吃	2	484158	91.275784
25456	自動自發	2	484160	91.276161
25457	自動限速器	2	484162	91.276538
25458	自問	2	484164	91.276915
25459	自掘墳墓	2	484166	91.277292
25460	自清自律	2	484168	91.277669
25461	自期	2	484170	91.278046
25462	自焚	2	484172	91.278423
25463	自然天成	2	484174	91.278800
25464	自然主義	2	484176	91.279177
25465	自然風	2	484178	91.279554
25466	自絕	2	484180	91.279931
25467	自費	2	484182	91.280308
25468	自嘆不如	2	484184	91.280685
25469	自語	2	484186	91.281062
25470	自慰	2	484188	91.281439
25471	自戮	2	484190	91.281816
25472	自衛	2	484192	91.282193
25473	自衛隊	2	484194	91.282570
25474	自償性	2	484196	91.282947
25475	自營	2	484198	91.283324
25476	自願退休方案	2	484200	91.283701
25477	自願退休案	2	484202	91.284078
25478	自詡	2	484204	91.284455
25479	至此	2	484206	91.284832
25480	至高	2	484208	91.285209
25481	至理名言	2	484210	91.285586
25482	至尊	2	484212	91.285963
25483	至善	2	484214	91.286340
25484	至極	2	484216	91.286717
25485	舟車勞頓	2	484218	91.287094
25486	舟楫	2	484220	91.287471
25487	色相	2	484222	91.287848
25488	色狼	2	484224	91.288225
25489	色情書刊	2	484226	91.288602
25490	色雷斯	2	484228	91.288979
25491	艾克斯	2	484230	91.289356
25492	艾格爾峰	2	484232	91.289733
25493	艾森斯坦	2	484234	91.290110
25494	艾鉅電腦	2	484236	91.290487
25495	艾爾帕西諾	2	484238	91.290864
25496	艾維斯	2	484240	91.291241
25497	血片	2	484242	91.291618
25498	血汗錢	2	484244	91.291995
25499	血色素	2	484246	91.292372
25500	血流	2	484248	91.292749
25501	血脈	2	484250	91.293126
25502	血淚史	2	484252	91.293503
25503	血跡	2	484254	91.293880
25504	血管壁	2	484256	91.294257
25505	血壓計	2	484258	91.294634
25506	行之有年	2	484260	91.295011
25507	行止	2	484262	91.295388
25508	行李袋	2	484264	91.295765
25509	行政大樓	2	484266	91.296142
25510	行政命令	2	484268	91.296519
25511	行為障礙	2	484270	91.296896
25512	行宮	2	484272	91.297273
25513	行書	2	484274	91.297650
25514	行船	2	484276	91.298027
25515	行經	2	484278	91.298404
25516	行裝	2	484280	91.298781
25517	行銷界	2	484282	91.299158
25518	行銷策略	2	484284	91.299535
25519	行禮如儀	2	484286	91.299912
25520	衣架	2	484288	91.300289
25521	衣衫不整	2	484290	91.300666
25522	衣食父母	2	484292	91.301043
25523	衣裙	2	484294	91.301420
25524	衣領	2	484296	91.301797
25525	衣箱	2	484298	91.302174
25526	西子灣	2	484300	91.302551
25527	西山	2	484302	91.302928
25528	西山會議	2	484304	91.303305
25529	西方戲劇	2	484306	91.303682
25530	西北大學	2	484308	91.304059
25531	西瓜子	2	484310	91.304436
25532	西拉	2	484312	91.304813
25533	西拉曼伯村	2	484314	91.305190
25534	西服	2	484316	91.305567
25535	西屋電器	2	484318	91.305944
25536	西施	2	484320	91.306321
25537	西柏林	2	484322	91.306698
25538	西晉	2	484324	91.307075
25539	西班牙島	2	484326	91.307452
25540	西班牙語	2	484328	91.307829
25541	西餐廳	2	484330	91.308206
25542	西螺	2	484332	91.308583
25543	西雙版納	2	484334	91.308960
25544	串燒	2	484336	91.309337
25545	亨佛萊鮑嘉	2	484338	91.309714
25546	位階	2	484340	91.310091
25547	住口	2	484342	91.310468
25548	住址	2	484344	91.310845
25549	住客	2	484346	91.311222
25550	住院率	2	484348	91.311599
25551	住商	2	484350	91.311976
25552	伴唱帶	2	484352	91.312353
25553	伴讀	2	484354	91.312730
25554	佛印禪師	2	484356	91.313107
25555	佛州	2	484358	91.313484
25556	佛那	2	484360	91.313861
25557	佛門	2	484362	91.314238
25558	佛朗明哥	2	484364	91.314615
25559	何亞威	2	484366	91.314992
25560	佐餐	2	484368	91.315369
25561	伽利略	2	484370	91.315746
25562	伽利略號	2	484372	91.316123
25563	伸懶腰	2	484374	91.316500
25564	佔便宜	2	484376	91.316877
25565	似曾相識	2	484378	91.317254
25566	作文章	2	484380	91.317631
25567	作主	2	484382	91.318008
25568	作生意	2	484384	91.318385
25569	作官	2	484386	91.318762
25570	作案	2	484388	91.319139
25571	作惡多端	2	484390	91.319516
25572	作揖	2	484392	91.319893
25573	作答	2	484394	91.320270
25574	作業員	2	484396	91.320647
25575	作嘔	2	484398	91.321024
25576	作對	2	484400	91.321401
25577	作樂	2	484402	91.321778
25578	作錯事	2	484404	91.322155
25579	你爭我奪	2	484406	91.322532
25580	伯父	2	484408	91.322909
25581	伯仲之間	2	484410	91.323286
25582	伯樂	2	484412	91.323663
25583	低分	2	484414	91.324040
25584	低水位	2	484416	91.324417
25585	低劣	2	484418	91.324794
25586	低地	2	484420	91.325171
25587	低血糖	2	484422	91.325548
25588	低血壓	2	484424	91.325925
25589	低吼	2	484426	91.326302
25590	低油耗	2	484428	91.326679
25591	低垂	2	484430	91.327056
25592	低姿態	2	484432	91.327433
25593	低眉	2	484434	91.327810
25594	低風阻	2	484436	91.328187
25595	低效率	2	484438	91.328564
25596	低脂	2	484440	91.328941
25597	低脂肪	2	484442	91.329318
25598	低密度	2	484444	91.329695
25599	低階	2	484446	91.330072
25600	低窪	2	484448	91.330449
25601	低潮期	2	484450	91.330826
25602	低壓	2	484452	91.331203
25603	低轉速	2	484454	91.331580
25604	低轉速域	2	484456	91.331957
25605	低靡	2	484458	91.332334
25606	余玉賢	2	484460	91.332711
25607	余登發	2	484462	91.333088
25608	佈告欄	2	484464	91.333465
25609	佈景	2	484466	91.333842
25610	克里姆林	2	484468	91.334219
25611	克里姆林宮	2	484470	91.334596
25612	克里特島	2	484472	91.334973
25613	克拉洛夫	2	484474	91.335350
25614	克魯格	2	484476	91.335727
25615	克羅地亞	2	484478	91.336104
25616	克羅埃西亞共和國	2	484480	91.336481
25617	免扣額	2	484482	91.336858
25618	免試升學	2	484484	91.337235
25619	免簽證	2	484486	91.337612
25620	兵役	2	484488	91.337989
25621	兵荒馬亂	2	484490	91.338366
25622	兵符	2	484492	91.338743
25623	兵器	2	484494	91.339120
25624	兵變	2	484496	91.339497
25625	冶金	2	484498	91.339874
25626	冷不防	2	484500	91.340251
25627	冷杉	2	484502	91.340628
25628	冷板凳	2	484504	91.341005
25629	冷度	2	484506	91.341382
25630	冷氣房	2	484508	91.341759
25631	冷場	2	484510	91.342136
25632	冷硬	2	484512	91.342513
25633	冷暖自知	2	484514	91.342890
25634	冷敷	2	484516	91.343267
25635	冷熱	2	484518	91.343644
25636	別怕	2	484520	91.344021
25637	別的	2	484522	91.344398
25638	別客氣	2	484524	91.344775
25639	別緻	2	484526	91.345152
25640	判官	2	484528	91.345529
25641	判若兩人	2	484530	91.345906
25642	判處	2	484532	91.346283
25643	判罪	2	484534	91.346660
25644	利什曼病	2	484536	91.347037
25645	利尿	2	484538	91.347414
25646	利益主	2	484540	91.347791
25647	刪去	2	484542	91.348168
25648	刪節號	2	484544	91.348545
25649	劫運	2	484546	91.348922
25650	劫機者	2	484548	91.349299
25651	助威	2	484550	91.349676
25652	助產士	2	484552	91.350053
25653	助勢	2	484554	91.350430
25654	助興	2	484556	91.350807
25655	卵囊	2	484558	91.351184
25656	吝惜	2	484560	91.351561
25657	吞入	2	484562	91.351938
25658	吞吐	2	484564	91.352315
25659	吞服	2	484566	91.352692
25660	吧臺	2	484568	91.353069
25661	呆住	2	484570	91.353446
25662	呆胞	2	484572	91.353823
25663	呆若木雞	2	484574	91.354200
25664	呆照	2	484576	91.354577
25665	吳奇隆	2	484578	91.354954
25666	吳春山	2	484580	91.355331
25667	吳燦坤	2	484582	91.355708
25668	呈獻	2	484584	91.356085
25669	呂大忠	2	484586	91.356462
25670	呂啟洲	2	484588	91.356839
25671	呂訴上	2	484590	91.357216
25672	君子之爭	2	484592	91.357593
25673	君權	2	484594	91.357970
25674	告子	2	484596	91.358347
25675	告白	2	484598	91.358724
25676	告示	2	484600	91.359101
25677	告別式	2	484602	91.359478
25678	告終	2	484604	91.359855
25679	吹來	2	484606	91.360232
25680	吹奏	2	484608	91.360609
25681	吹彈	2	484610	91.360986
25682	吹襲	2	484612	91.361363
25683	吸入性肺炎	2	484614	91.361740
25684	吸引人	2	484616	91.362117
25685	吸出	2	484618	91.362494
25686	吸安	2	484620	91.362871
25687	吸汗	2	484622	91.363248
25688	吸住	2	484624	91.363625
25689	吸吮	2	484626	91.364002
25690	吸附	2	484628	91.364379
25691	吸淨	2	484630	91.364756
25692	吸管	2	484632	91.365133
25693	吸震	2	484634	91.365510
25694	吵死	2	484636	91.365887
25695	吵嘈	2	484638	91.366264
25696	吵鬧	2	484640	91.366641
25697	吵雜	2	484642	91.367018
25698	吱吱	2	484644	91.367395
25699	含含糊糊	2	484646	91.367772
25700	含括	2	484648	91.368149
25701	吟詩	2	484650	91.368526
25702	困居	2	484652	91.368903
25703	囤積	2	484654	91.369280
25704	坑道	2	484656	91.369657
25705	坍塌	2	484658	91.370034
25706	均田	2	484660	91.370411
25707	均能	2	484662	91.370788
25708	均富	2	484664	91.371165
25709	坐失	2	484666	91.371542
25710	坐立不安	2	484668	91.371919
25711	坐位	2	484670	91.372296
25712	坐直	2	484672	91.372673
25713	坐姿	2	484674	91.373050
25714	坐起來	2	484676	91.373427
25715	坐船	2	484678	91.373804
25716	坐騎	2	484680	91.374181
25717	壯族	2	484682	91.374558
25718	夾板船	2	484684	91.374935
25719	夾擊	2	484686	91.375312
25720	妙法	2	484688	91.375689
25721	妙處	2	484690	91.376066
25722	妙管家	2	484692	91.376443
25723	妖精	2	484694	91.376820
25724	孝心	2	484696	91.377197
25725	完稿	2	484698	91.377574
25726	完整地	2	484700	91.377951
25727	完整性	2	484702	91.378328
25728	宋太宗	2	484704	91.378705
25729	宋明	2	484706	91.379082
25730	宋門	2	484708	91.379459
25731	宋真宗	2	484710	91.379836
25732	宏旨	2	484712	91.380213
25733	宏國	2	484714	91.380590
25734	宏都拉斯	2	484716	91.380967
25735	宏總建設	2	484718	91.381344
25736	宏願	2	484720	91.381721
25737	局外人	2	484722	91.382098
25738	尿片	2	484724	91.382475
25739	尿尿	2	484726	91.382852
25740	尿急	2	484728	91.383229
25741	尿壺	2	484730	91.383606
25742	尾狀	2	484732	91.383983
25743	尾關宗園	2	484734	91.384360
25744	尾鰭	2	484736	91.384737
25745	巫師	2	484738	91.385114
25746	希伯來人	2	484740	91.385491
25747	希拉蕊	2	484742	91.385868
25748	希特勒	2	484744	91.386245
25749	希賓堡	2	484746	91.386622
25750	庇蔭	2	484748	91.386999
25751	床腳	2	484750	91.387376
25752	床榻	2	484752	91.387753
25753	床鋪	2	484754	91.388130
25754	床戲	2	484756	91.388507
25755	弄清	2	484758	91.388884
25756	弄清楚	2	484760	91.389261
25757	弄開	2	484762	91.389638
25758	弄錯	2	484764	91.390015
25759	弟兄	2	484766	91.390392
25760	弟婦	2	484768	91.390769
25761	形容詞	2	484770	91.391146
25762	彷若	2	484772	91.391523
25763	役男	2	484774	91.391900
25764	忘年	2	484776	91.392277
25765	志同道合	2	484778	91.392654
25766	志信運輸	2	484780	91.393031
25767	忍氣吞聲	2	484782	91.393408
25768	快走	2	484784	91.393785
25769	快馬加鞭	2	484786	91.394162
25770	快速道路	2	484788	91.394539
25771	快慰	2	484790	91.394916
25772	戒毒中心	2	484792	91.395293
25773	戒嚴	2	484794	91.395670
25774	戒懼	2	484796	91.396047
25775	我家也有貝多芬	2	484798	91.396424
25776	我愛狐狸精	2	484800	91.396801
25777	抄筆記	2	484802	91.397178
25778	抗租	2	484804	91.397555
25779	抗衰老	2	484806	91.397932
25780	抗動合子抗原	2	484808	91.398309
25781	抗蛇毒蛋白單株抗體	2	484810	91.398686
25782	抗稅	2	484812	91.399063
25783	抗瘧基因	2	484814	91.399440
25784	抗精子抗體	2	484816	91.399817
25785	抗酸劑	2	484818	91.400194
25786	抗癌	2	484820	91.400571
25787	抖動	2	484822	91.400948
25788	抖摟	2	484824	91.401325
25789	技術士	2	484826	91.401702
25790	技術員	2	484828	91.402079
25791	技職教育	2	484830	91.402456
25792	扶起	2	484832	91.402833
25793	扶植	2	484834	91.403210
25794	扭斷	2	484836	91.403587
25795	扼止	2	484838	91.403964
25796	批改	2	484840	91.404341
25797	批租	2	484842	91.404718
25798	批語	2	484844	91.405095
25799	扳手	2	484846	91.405472
25800	扳金	2	484848	91.405849
25801	抒發	2	484850	91.406226
25802	扯破	2	484852	91.406603
25803	投出	2	484854	91.406980
25804	投其所好	2	484856	91.407357
25805	投寄	2	484858	91.407734
25806	投球	2	484860	91.408111
25807	投票日	2	484862	91.408488
25808	投資客	2	484864	91.408865
25809	投審會	2	484866	91.409242
25810	投標	2	484868	91.409619
25811	抓狂	2	484870	91.409996
25812	抓走	2	484872	91.410373
25813	抓到	2	484874	91.410750
25814	抑悶	2	484876	91.411127
25815	改天	2	484878	91.411504
25816	改良戲	2	484880	91.411881
25817	改掉	2	484882	91.412258
25818	改道	2	484884	91.412635
25819	改過向上	2	484886	91.413012
25820	改種	2	484888	91.413389
25821	攻占	2	484890	91.413766
25822	攻打	2	484892	91.414143
25823	攻佔	2	484894	91.414520
25824	攻克	2	484896	91.414897
25825	攻防	2	484898	91.415274
25826	攻訐	2	484900	91.415651
25827	攻錯	2	484902	91.416028
25828	旱象	2	484904	91.416405
25829	更衣室	2	484906	91.416782
25830	更替	2	484908	91.417159
25831	更登珠	2	484910	91.417536
25832	李子	2	484912	91.417913
25833	李元簇	2	484914	91.418290
25834	李白	2	484916	91.418667
25835	李好文	2	484918	91.419044
25836	李伯元	2	484920	91.419421
25837	李宗哲	2	484922	91.419798
25838	李岳瑞	2	484924	91.420175
25839	李明軒	2	484926	91.420552
25840	李冠軍	2	484928	91.420929
25841	李美枝	2	484930	91.421306
25842	李國修	2	484932	91.421683
25843	李捷程	2	484934	91.422060
25844	李瑞環	2	484936	91.422437
25845	李瑞麟	2	484938	91.422814
25846	李察德瑞福斯	2	484940	91.423191
25847	李廣	2	484942	91.423568
25848	李鴻章	2	484944	91.423945
25849	杏壇	2	484946	91.424322
25850	村里長	2	484948	91.424699
25851	村婦	2	484950	91.425076
25852	杜瓦	2	484952	91.425453
25853	杜冷丁	2	484954	91.425830
25854	杜邦	2	484956	91.426207
25855	杉林溪	2	484958	91.426584
25856	步兵	2	484960	91.426961
25857	步步為營	2	484962	91.427338
25858	步型	2	484964	91.427715
25859	每況愈下	2	484966	91.428092
25860	求好	2	484968	91.428469
25861	求見	2	484970	91.428846
25862	求償	2	484972	91.429223
25863	沙土	2	484974	91.429600
25864	沙子	2	484976	91.429977
25865	沙石	2	484978	91.430354
25866	沙漏	2	484980	91.430731
25867	沙龍	2	484982	91.431108
25868	沙蟹	2	484984	91.431485
25869	沉入	2	484986	91.431862
25870	沉沉	2	484988	91.432239
25871	沉降	2	484990	91.432616
25872	沉船	2	484992	91.432993
25873	沉落	2	484994	91.433370
25874	沉斂	2	484996	91.433747
25875	沉痾	2	484998	91.434124
25876	沛然	2	485000	91.434501
25877	決口	2	485002	91.434878
25878	決絕	2	485004	91.435255
25879	決意	2	485006	91.435632
25880	汰換	2	485008	91.436009
25881	沖走	2	485010	91.436386
25882	沖昏頭	2	485012	91.436763
25883	沖繩島	2	485014	91.437140
25884	沒收法	2	485016	91.437517
25885	沒精打采	2	485018	91.437894
25886	沒頭沒腦	2	485020	91.438271
25887	汽水瓶	2	485022	91.438648
25888	汽車大展	2	485024	91.439025
25889	汽車旅館	2	485026	91.439402
25890	汽車商	2	485028	91.439779
25891	汽油桶	2	485030	91.440156
25892	汽缸頭	2	485032	91.440533
25893	汲汲營營	2	485034	91.440910
25894	灼熱	2	485036	91.441287
25895	災民	2	485038	91.441664
25896	災荒	2	485040	91.442041
25897	災區	2	485042	91.442418
25898	災變	2	485044	91.442795
25899	牢騷	2	485046	91.443172
25900	牢籠	2	485048	91.443549
25901	狄斯奈	2	485050	91.443926
25902	狄奧格尼斯	2	485052	91.444303
25903	狂妄自大	2	485054	91.444680
25904	狂笑	2	485056	91.445057
25905	狂傲	2	485058	91.445434
25906	狂瀾	2	485060	91.445811
25907	狂戀維納斯	2	485062	91.446188
25908	男人舞團	2	485064	91.446565
25909	男女生	2	485066	91.446942
25910	男女私情	2	485068	91.447319
25911	男主人	2	485070	91.447696
25912	男衣店	2	485072	91.448073
25913	男兒	2	485074	91.448450
25914	男性化	2	485076	91.448827
25915	男配角	2	485078	91.449204
25916	男籃隊	2	485080	91.449581
25917	男籃賽	2	485082	91.449958
25918	私大	2	485084	91.450335
25919	私中	2	485086	91.450712
25920	私生子	2	485088	91.451089
25921	私交	2	485090	91.451466
25922	私自	2	485092	91.451843
25923	私利	2	485094	91.452220
25924	私事	2	485096	91.452597
25925	私淑	2	485098	91.452974
25926	私貨	2	485100	91.453351
25927	私塾	2	485102	91.453728
25928	私營	2	485104	91.454105
25929	秀姑巒溪	2	485106	91.454482
25930	秀朗	2	485108	91.454859
25931	秀逗	2	485110	91.455236
25932	秀場	2	485112	91.455613
25933	肖像	2	485114	91.455990
25934	肝硬化	2	485116	91.456367
25935	肝腎	2	485118	91.456744
25936	肝葉	2	485120	91.457121
25937	育子	2	485122	91.457498
25938	育兒期	2	485124	91.457875
25939	育苗	2	485126	91.458252
25940	育種	2	485128	91.458629
25941	育樂中心	2	485130	91.459006
25942	育嬰	2	485132	91.459383
25943	良民	2	485134	91.459760
25944	良田	2	485136	91.460137
25945	良師	2	485138	91.460514
25946	良策	2	485140	91.460891
25947	良窳	2	485142	91.461268
25948	芒花	2	485144	91.461645
25949	見不得人	2	485146	91.462022
25950	見狀	2	485148	91.462399
25951	角眼拜佛蟹	2	485150	91.462776
25952	言下之意	2	485152	91.463153
25953	言行不一	2	485154	91.463530
25954	言教	2	485156	91.463907
25955	言詞	2	485158	91.464284
25956	言過其實	2	485160	91.464661
25957	言聽計從	2	485162	91.465038
25958	谷口	2	485164	91.465415
25959	豆漿店	2	485166	91.465792
25960	貝加爾港	2	485168	91.466169
25961	貝尼西馬爾	2	485170	91.466546
25962	貝托路奇	2	485172	91.466923
25963	貝聿銘	2	485174	91.467300
25964	貝里斯	2	485176	91.467677
25965	貝斯	2	485178	91.468054
25966	貝爾	2	485180	91.468431
25967	貝爾達納	2	485182	91.468808
25968	赤足	2	485184	91.469185
25969	赤柬	2	485186	91.469562
25970	赤棉	2	485188	91.469939
25971	走火	2	485190	91.470316
25972	走火入魔	2	485192	91.470693
25973	走投無路	2	485194	91.471070
25974	走走	2	485196	91.471447
25975	走近	2	485198	91.471824
25976	走道	2	485200	91.472201
25977	走錯	2	485202	91.472578
25978	走鋼索	2	485204	91.472955
25979	足下	2	485206	91.473332
25980	足證	2	485208	91.473709
25981	身之頌	2	485210	91.474086
25982	身孕	2	485212	91.474463
25983	身家	2	485214	91.474840
25984	身價非凡	2	485216	91.475217
25985	身體力行	2	485218	91.475594
25986	車夫	2	485220	91.475971
25987	車門防撞鋼梁	2	485222	91.476348
25988	車費	2	485224	91.476725
25989	車諾比爾核電廠	2	485226	91.477102
25990	辛烷值	2	485228	91.477479
25991	迅捷	2	485230	91.477856
25992	巡山員	2	485232	91.478233
25993	巡按	2	485234	91.478610
25994	巡警	2	485236	91.478987
25995	邪說	2	485238	91.479364
25996	里耶卡港	2	485240	91.479741
25997	里雅斯特	2	485242	91.480118
25998	防水	2	485244	91.480495
25999	防空	2	485246	91.480872
26000	防患於未然	2	485248	91.481249
26001	防蛀	2	485250	91.481626
26002	防盜	2	485252	91.482003
26003	防弊	2	485254	91.482380
26004	防滾籠架	2	485256	91.482757
26005	防禦工事	2	485258	91.483134
26006	防禦率	2	485260	91.483511
26007	防鎖死煞車系統	2	485262	91.483888
26008	防鎖定煞車系統	2	485264	91.484265
26009	防鏽	2	485266	91.484642
26010	防黴	2	485268	91.485019
26011	並起	2	485270	91.485396
26012	並排	2	485272	91.485773
26013	並無	2	485274	91.486150
26014	並駕齊驅	2	485276	91.486527
26015	乖乖地	2	485278	91.486904
26016	乳汁	2	485280	91.487281
26017	乳暈	2	485282	91.487658
26018	乳腺	2	485284	91.488035
26019	事必躬親	2	485286	91.488412
26020	事由	2	485288	91.488789
26021	事發	2	485290	91.489166
26022	事業群	2	485292	91.489543
26023	事過境遷	2	485294	91.489920
26024	事與願違	2	485296	91.490297
26025	事變	2	485298	91.490674
26026	亞太自由貿易區	2	485300	91.491051
26027	亞太區	2	485302	91.491428
26028	亞太營運中心	2	485304	91.491805
26029	亞伯芬尼	2	485306	91.492182
26030	亞非	2	485308	91.492559
26031	亞型	2	485310	91.492936
26032	亞洲人	2	485312	91.493313
26033	亞美尼亞	2	485314	91.493690
26034	亞述人	2	485316	91.494067
26035	亞哥花園	2	485318	91.494444
26036	亞細亞	2	485320	91.494821
26037	亞斯文高壩	2	485322	91.495198
26038	亞銀	2	485324	91.495575
26039	亞熱帶	2	485326	91.495952
26040	享用權	2	485328	91.496329
26041	京廷	2	485330	91.496706
26042	京華	2	485332	91.497083
26043	京華證券	2	485334	91.497460
26044	京話日報	2	485336	91.497837
26045	京畿	2	485338	91.498214
26046	京戲	2	485340	91.498591
26047	依凡斯	2	485342	91.498968
26048	依存	2	485344	91.499345
26049	依依	2	485346	91.499722
26050	依託	2	485348	91.500099
26051	依從	2	485350	91.500476
26052	依樣畫葫蘆	2	485352	91.500853
26053	依憑	2	485354	91.501230
26054	侍立	2	485356	91.501607
26055	侍兒	2	485358	91.501984
26056	侍郎	2	485360	91.502361
26057	侍候	2	485362	91.502738
26058	佳里鎮	2	485364	91.503115
26059	佳肴	2	485366	91.503492
26060	佳話	2	485368	91.503869
26061	佳賓	2	485370	91.504246
26062	供佛	2	485372	91.504623
26063	供詞	2	485374	91.505000
26064	來人	2	485376	91.505377
26065	來去匆匆	2	485378	91.505754
26066	來去自如	2	485380	91.506131
26067	來自於	2	485382	91.506508
26068	來來大飯店	2	485384	91.506885
26069	來來去去	2	485386	91.507262
26070	來路	2	485388	91.507639
26071	來歷	2	485390	91.508016
26072	侃侃而談	2	485392	91.508393
26073	併肩作戰	2	485394	91.508770
26074	兒保小組	2	485396	91.509147
26075	兒保協會	2	485398	91.509524
26076	兒保專線	2	485400	91.509901
26077	兒郎	2	485402	91.510278
26078	兒時	2	485404	91.510655
26079	兒茶酚胺	2	485406	91.511032
26080	兒童局	2	485408	91.511409
26081	兒童夏令營	2	485410	91.511786
26082	兒童圖書館	2	485412	91.512163
26083	兒童福利	2	485414	91.512540
26084	兒童舞蹈	2	485416	91.512917
26085	兒童醫院	2	485418	91.513294
26086	兒戲	2	485420	91.513671
26087	兩小無猜	2	485422	91.514048
26088	兩廣	2	485424	91.514425
26089	兩頭	2	485426	91.514802
26090	兩難	2	485428	91.515179
26091	典當行	2	485430	91.515556
26092	函請	2	485432	91.515933
26093	刻本	2	485434	91.516310
26094	刺史	2	485436	91.516687
26095	刺耳	2	485438	91.517064
26096	刺客	2	485440	91.517441
26097	刺穿	2	485442	91.517818
26098	刺莓	2	485444	91.518195
26099	刺槐	2	485446	91.518572
26100	刺戳	2	485448	91.518949
26101	到任	2	485450	91.519326
26102	到齊	2	485452	91.519703
26103	刮痕	2	485454	91.520080
26104	制法	2	485456	91.520457
26105	協約	2	485458	91.520834
26106	協談	2	485460	91.521211
26107	協議書	2	485462	91.521588
26108	卓然	2	485464	91.521965
26109	卑劣	2	485466	91.522342
26110	卑鄙	2	485468	91.522719
26111	卷鬚	2	485470	91.523096
26112	卸貨	2	485472	91.523473
26113	取水	2	485474	91.523850
26114	取衣單	2	485476	91.524227
26115	取樂	2	485478	91.524604
26116	取藥	2	485480	91.524981
26117	叔本華	2	485482	91.525358
26118	受付國值機員直通電話	2	485484	91.525735
26119	受制	2	485486	91.526112
26120	受封	2	485488	91.526489
26121	受苦	2	485490	91.526866
26122	受虐兒童	2	485492	91.527243
26123	受氣	2	485494	91.527620
26124	受益者	2	485496	91.527997
26125	受教育	2	485498	91.528374
26126	受創	2	485500	91.528751
26127	受惠者	2	485502	91.529128
26128	受雇	2	485504	91.529505
26129	受聘	2	485506	91.529882
26130	受話者	2	485508	91.530259
26131	受審	2	485510	91.530636
26132	受熱	2	485512	91.531013
26133	受檢	2	485514	91.531390
26134	受邀	2	485516	91.531767
26135	受難	2	485518	91.532144
26136	味全	2	485520	91.532521
26137	味蕾	2	485522	91.532898
26138	咖哩	2	485524	91.533275
26139	咖啡色	2	485526	91.533652
26140	咖啡豆	2	485528	91.534029
26141	咖啡店	2	485530	91.534406
26142	咖啡園	2	485532	91.534783
26143	咒罵	2	485534	91.535160
26144	呼風喚雨	2	485536	91.535537
26145	呱呱叫	2	485538	91.535914
26146	和平部隊	2	485540	91.536291
26147	和好	2	485542	91.536668
26148	和約	2	485544	91.537045
26149	和善	2	485546	91.537422
26150	和煦	2	485548	91.537799
26151	和解	2	485550	91.538176
26152	和碩親王	2	485552	91.538553
26153	和樂	2	485554	91.538930
26154	和緩	2	485556	91.539307
26155	和闐巴札	2	485558	91.539684
26156	和藹	2	485560	91.540061
26157	周王	2	485562	91.540438
26158	周合源	2	485564	91.540815
26159	周年視差	2	485566	91.541192
26160	周折	2	485568	91.541569
26161	周芷	2	485570	91.541946
26162	周密	2	485572	91.542323
26163	周敘	2	485574	91.542700
26164	周期性	2	485576	91.543077
26165	周棟陸	2	485578	91.543454
26166	周邊利益	2	485580	91.543831
26167	命中注定	2	485582	91.544208
26168	命中率	2	485584	91.544585
26169	命定	2	485586	91.544962
26170	命相	2	485588	91.545339
26171	命宮	2	485590	91.545716
26172	命根	2	485592	91.546093
26173	命運交響曲	2	485594	91.546470
26174	命運多舛	2	485596	91.546847
26175	命盤	2	485598	91.547224
26176	垃圾山	2	485600	91.547601
26177	垃圾回收	2	485602	91.547978
26178	垃圾坑	2	485604	91.548355
26179	垃圾食物	2	485606	91.548732
26180	垃圾焚化廠	2	485608	91.549109
26181	垃圾量	2	485610	91.549486
26182	坦克車	2	485612	91.549863
26183	坦蕩蕩	2	485614	91.550240
26184	坤維	2	485616	91.550617
26185	夜夜	2	485618	91.550994
26186	夜深	2	485620	91.551371
26187	夜幕	2	485622	91.551748
26188	夜驚情	2	485624	91.552125
26189	奉准	2	485626	91.552502
26190	奇女子	2	485628	91.552879
26191	奇幻	2	485630	91.553256
26192	奇幻城市	2	485632	91.553633
26193	奇差無比	2	485634	91.554010
26194	奇書	2	485636	91.554387
26195	奇異點	2	485638	91.554764
26196	奇遇記	2	485640	91.555141
26197	奇聞	2	485642	91.555518
26198	奇癢	2	485644	91.555895
26199	奈及利亞	2	485646	91.556272
26200	奔忙	2	485648	91.556649
26201	奔放	2	485650	91.557026
26202	奔流	2	485652	91.557403
26203	妻小	2	485654	91.557780
26204	委曲	2	485656	91.558157
26205	委給	2	485658	91.558534
26206	姑息	2	485660	91.558911
26207	姑婆芋	2	485662	91.559288
26208	姆列特島	2	485664	91.559665
26209	姐夫	2	485666	91.560042
26210	妳們	2	485668	91.560419
26211	孟斐斯市	2	485670	91.560796
26212	孟嘗君	2	485672	91.561173
26213	孟德爾頌	2	485674	91.561550
26214	孤女	2	485676	91.561927
26215	孤舟	2	485678	91.562304
26216	孤魂	2	485680	91.562681
26217	季辛吉	2	485682	91.563058
26218	季風	2	485684	91.563435
26219	季康子	2	485686	91.563812
26220	季線	2	485688	91.564189
26221	宗支山	2	485690	91.564566
26222	宗教革命	2	485692	91.564943
26223	定力	2	485694	91.565320
26224	定向	2	485696	91.565697
26225	定局	2	485698	91.566074
26226	定時炸彈	2	485700	91.566451
26227	定速	2	485702	91.566828
26228	定速器	2	485704	91.567205
26229	定裝	2	485706	91.567582
26230	定製	2	485708	91.567959
26231	定額	2	485710	91.568336
26232	官民	2	485712	91.568713
26233	官官相護	2	485714	91.569090
26234	官派	2	485716	91.569467
26235	官能	2	485718	91.569844
26236	官場文化	2	485720	91.570221
26237	官場現形記	2	485722	91.570598
26238	官職	2	485724	91.570975
26239	宜市	2	485726	91.571352
26240	宜興	2	485728	91.571729
26241	尚武	2	485730	91.572106
26242	屈曲	2	485732	91.572483
26243	屈伸	2	485734	91.572860
26244	屈原	2	485736	91.573237
26245	居中	2	485738	91.573614
26246	居功	2	485740	91.573991
26247	居家環境	2	485742	91.574368
26248	岩屑	2	485744	91.574745
26249	岩峰	2	485746	91.575122
26250	岩層	2	485748	91.575499
26251	岳飛	2	485750	91.575876
26252	岳陽	2	485752	91.576253
26253	帕加馬祭壇	2	485754	91.576630
26254	帕基索克	2	485756	91.577007
26255	帕爾慕達	2	485758	91.577384
26256	店子	2	485760	91.577761
26257	店名	2	485762	91.578138
26258	府邸	2	485764	91.578515
26259	府會	2	485766	91.578892
26260	底色	2	485768	91.579269
26261	底定	2	485770	91.579646
26262	底牌	2	485772	91.580023
26263	底線	2	485774	91.580400
26264	延用	2	485776	91.580777
26265	延吉街	2	485778	91.581154
26266	延宕	2	485780	91.581531
26267	弦圖	2	485782	91.581908
26268	弦樂	2	485784	91.582285
26269	弧邊招潮	2	485786	91.582662
26270	往日情懷	2	485788	91.583039
26271	往例	2	485790	91.583416
26272	征收	2	485792	91.583793
26273	彼岸花	2	485794	91.584170
26274	彼得	2	485796	91.584547
26275	彼德‧梅爾	2	485798	91.584924
26276	忠孝國小	2	485800	91.585301
26277	忠義	2	485802	91.585678
26278	忽必烈	2	485804	91.586055
26279	忽地	2	485806	91.586432
26280	念及	2	485808	91.586809
26281	念念不忘	2	485810	91.587186
26282	怔住	2	485812	91.587563
26283	怯弱	2	485814	91.587940
26284	怯懦	2	485816	91.588317
26285	怪誕	2	485818	91.588694
26286	怕水	2	485820	91.589071
26287	怕怕	2	485822	91.589448
26288	性交合	2	485824	91.589825
26289	性向	2	485826	91.590202
26290	性快感	2	485828	91.590579
26291	性急	2	485830	91.590956
26292	性染色體	2	485832	91.591333
26293	性科學	2	485834	91.591710
26294	性虐待	2	485836	91.592087
26295	性病防治所	2	485838	91.592464
26296	性訊息	2	485840	91.592841
26297	性禁錮	2	485842	91.593218
26298	性滿足	2	485844	91.593595
26299	性徵	2	485846	91.593972
26300	性器官	2	485848	91.594349
26301	或多或少	2	485850	91.594726
26302	房址	2	485852	91.595103
26303	房屋仲介業	2	485854	91.595480
26304	房貨	2	485856	91.595857
26305	所以然	2	485858	91.596234
26306	所多瑪	2	485860	91.596611
26307	所多瑪和蛾摩拉	2	485862	91.596988
26308	所見	2	485864	91.597365
26309	所知障	2	485866	91.597742
26310	所指詞	2	485868	91.598119
26311	所託非人	2	485870	91.598496
26312	所得稅法	2	485872	91.598873
26313	承作	2	485874	91.599250
26314	承租人	2	485876	91.599627
26315	承蒙	2	485878	91.600004
26316	承續	2	485880	91.600381
26317	拉丁	2	485882	91.600758
26318	拉丁文	2	485884	91.601135
26319	拉大	2	485886	91.601512
26320	拉什迪	2	485888	91.601889
26321	拉姆洛薩	2	485890	91.602266
26322	拉拔	2	485892	91.602643
26323	拉桑贊尼	2	485894	91.603020
26324	拉斯維加斯	2	485896	91.603397
26325	拉傷	2	485898	91.603774
26326	拉鉤	2	485900	91.604151
26327	拉緊	2	485902	91.604528
26328	拉賓	2	485904	91.604905
26329	拉選票	2	485906	91.605282
26330	拉鋸戰	2	485908	91.605659
26331	拌泥車	2	485910	91.606036
26332	拂袖而去	2	485912	91.606413
26333	抹布	2	485914	91.606790
26334	抹香鯨	2	485916	91.607167
26335	拒收	2	485918	91.607544
26336	拒絕往來戶	2	485920	91.607921
26337	拒繳	2	485922	91.608298
26338	招式	2	485924	91.608675
26339	招兵買馬	2	485926	91.609052
26340	招租	2	485928	91.609429
26341	招徠	2	485930	91.609806
26342	招牌歌	2	485932	91.610183
26343	招惹	2	485934	91.610560
26344	披星戴月	2	485936	91.610937
26345	披露	2	485938	91.611314
26346	拔刀相助	2	485940	91.611691
26347	拔尖	2	485942	91.612068
26348	抽完	2	485944	91.612445
26349	抽身	2	485946	91.612822
26350	抽查	2	485948	91.613199
26351	抽筋	2	485950	91.613576
26352	抽絲剝繭	2	485952	91.613953
26353	抽象主義	2	485954	91.614330
26354	抽象畫	2	485956	91.614707
26355	抽樣調查	2	485958	91.615084
26356	抽檢	2	485960	91.615461
26357	抽搐	2	485962	91.615838
26358	押解	2	485964	91.616215
26359	押寶	2	485966	91.616592
26360	拐彎	2	485968	91.616969
26361	拍手	2	485970	91.617346
26362	拍板	2	485972	91.617723
26363	拍案叫絕	2	485974	91.618100
26364	拍賣物	2	485976	91.618477
26365	拍賣品	2	485978	91.618854
26366	抵臨	2	485980	91.619231
26367	抵觸	2	485982	91.619608
26368	拚圖	2	485984	91.619985
26369	抱走	2	485986	91.620362
26370	抱定	2	485988	91.620739
26371	抱抱	2	485990	91.621116
26372	抱憾	2	485992	91.621493
26373	拘禁	2	485994	91.621870
26374	拖地	2	485996	91.622247
26375	拖垮	2	485998	91.622624
26376	拖網	2	486000	91.623001
26377	拖離	2	486002	91.623378
26378	拆建	2	486004	91.623755
26379	拆散	2	486006	91.624132
26380	拆毀	2	486008	91.624509
26381	拆夥	2	486010	91.624886
26382	放大鏡	2	486012	91.625263
26383	放回	2	486014	91.625640
26384	放行	2	486016	91.626017
26385	放映師	2	486018	91.626394
26386	放倒	2	486020	91.626771
26387	放槍	2	486022	91.627148
26388	放療	2	486024	91.627525
26389	放聲	2	486026	91.627902
26390	斧鑿	2	486028	91.628279
26391	於幼華	2	486030	91.628656
26392	於事無補	2	486032	91.629033
26393	易手	2	486034	91.629410
26394	易主	2	486036	91.629787
26395	易名	2	486038	91.630164
26396	易如反掌	2	486040	91.630541
26397	易經	2	486042	91.630918
26398	易學	2	486044	91.631295
26399	昆士蘭	2	486046	91.631672
26400	昆蟲世界	2	486048	91.632049
26401	昆蟲展	2	486050	91.632426
26402	昂然	2	486052	91.632803
26403	明天見	2	486054	91.633180
26404	明日黃花	2	486056	91.633557
26405	明尼蘇達大學	2	486058	91.633934
26406	明尼蘇達州	2	486060	91.634311
26407	明志國小	2	486062	91.634688
26408	明秀	2	486064	91.635065
26409	明明白白	2	486066	91.635442
26410	明爭暗鬥	2	486068	91.635819
26411	明星學校	2	486070	91.636196
26412	明訂	2	486072	91.636573
26413	明訓	2	486074	91.636950
26414	明起	2	486076	91.637327
26415	明清時期	2	486078	91.637704
26416	明湖	2	486080	91.638081
26417	明察	2	486082	91.638458
26418	明講	2	486084	91.638835
26419	明豔	2	486086	91.639212
26420	昏天暗地	2	486088	91.639589
26421	昏迷不醒	2	486090	91.639966
26422	昏厥	2	486092	91.640343
26423	昇值	2	486094	91.640720
26424	昇華	2	486096	91.641097
26425	服人	2	486098	91.641474
26426	服務處	2	486100	91.641851
26427	服務隊	2	486102	91.642228
26428	服裝秀	2	486104	91.642605
26429	服裝店	2	486106	91.642982
26430	服藥量	2	486108	91.643359
26431	枕葉	2	486110	91.643736
26432	東元	2	486112	91.644113
26433	東元電機集團	2	486114	91.644490
26434	東方明珠	2	486116	91.644867
26435	東正教	2	486118	91.645244
26436	東夷	2	486120	91.645621
26437	東西向	2	486122	91.645998
26438	東西向快速道路	2	486124	91.646375
26439	東吳大學	2	486126	91.646752
26440	東亞運	2	486128	91.647129
26441	東京大學	2	486130	91.647506
26442	東京夢華錄	2	486132	91.647883
26443	東協國家	2	486134	91.648260
26444	東非大海溝帶	2	486136	91.648637
26445	東南工專	2	486138	91.649014
26446	東南方	2	486140	91.649391
26447	東拼西湊	2	486142	91.649768
26448	東柏林	2	486144	91.650145
26449	東埔	2	486146	91.650522
26450	東莞	2	486148	91.650899
26451	東寶公司	2	486150	91.651276
26452	果王	2	486152	91.651653
26453	果后	2	486154	91.652030
26454	果肉	2	486156	91.652407
26455	果品	2	486158	91.652784
26456	果實文教基金會	2	486160	91.653161
26457	果斷	2	486162	91.653538
26458	果蠅	2	486164	91.653915
26459	枝仔冰	2	486166	91.654292
26460	枝條	2	486168	91.654669
26461	林子	2	486170	91.655046
26462	林子祥	2	486172	91.655423
26463	林中	2	486174	91.655800
26464	林文伯	2	486176	91.656177
26465	林文玲	2	486178	91.656554
26466	林文英	2	486180	91.656931
26467	林文瑛	2	486182	91.657308
26468	林光明	2	486184	91.657685
26469	林至潔	2	486186	91.658062
26470	林志明	2	486188	91.658439
26471	林良	2	486190	91.658816
26472	林奈	2	486192	91.659193
26473	林旺	2	486194	91.659570
26474	林阿敏	2	486196	91.659947
26475	林則徐	2	486198	91.660324
26476	林昭賢	2	486200	91.660701
26477	林秋風	2	486202	91.661078
26478	林烊棋	2	486204	91.661455
26479	林區	2	486206	91.661832
26480	林域	2	486208	91.662209
26481	林添榮	2	486210	91.662586
26482	林通化工	2	486212	91.662963
26483	林通染料化工公司	2	486214	91.663340
26484	林場	2	486216	91.663717
26485	林間	2	486218	91.664094
26486	林園	2	486220	91.664471
26487	林義夫	2	486222	91.664848
26488	林語堂	2	486224	91.665225
26489	林緣	2	486226	91.665602
26490	林蔭	2	486228	91.665979
26491	林蔭大道	2	486230	91.666356
26492	林錫湖	2	486232	91.666733
26493	林叢	2	486234	91.667110
26494	林懷民	2	486236	91.667487
26495	林鶴舉	2	486238	91.667864
26496	杯水車薪	2	486240	91.668241
26497	板門店	2	486242	91.668618
26498	板根銀葉樹	2	486244	91.668995
26499	板栗	2	486246	91.669372
26500	板橋集	2	486248	91.669749
26501	松下幸之助	2	486250	91.670126
26502	松石	2	486252	91.670503
26503	松竹	2	486254	91.670880
26504	松材線蟲	2	486256	91.671257
26505	松居潔史	2	486258	91.671634
26506	松蘿	2	486260	91.672011
26507	枓栱	2	486262	91.672388
26508	欣喜若狂	2	486264	91.672765
26509	欣羨	2	486266	91.673142
26510	武功	2	486268	91.673519
26511	武曲星	2	486270	91.673896
26512	武伯綸	2	486272	91.674273
26513	武昌	2	486274	91.674650
26514	武昌街	2	486276	91.675027
26515	武則天	2	486278	91.675404
26516	武帝	2	486280	91.675781
26517	武術	2	486282	91.676158
26518	武僧	2	486284	91.676535
26519	注射器	2	486286	91.676912
26520	泳技	2	486288	91.677289
26521	泳圈	2	486290	91.677666
26522	泳賽	2	486292	91.678043
26523	泥人	2	486294	91.678420
26524	泥地	2	486296	91.678797
26525	泥河鎮	2	486298	91.679174
26526	泥沼	2	486300	91.679551
26527	泥堆	2	486302	91.679928
26528	泥磚	2	486304	91.680305
26529	河內	2	486306	91.680682
26530	河北省	2	486308	91.681059
26531	河南省	2	486310	91.681436
26532	河套文化	2	486312	91.681813
26533	河濱公園	2	486314	91.682190
26534	波段	2	486316	91.682567
26535	波紋	2	486318	91.682944
26536	波迷	2	486320	91.683321
26537	波雪	2	486322	91.683698
26538	波濤洶湧	2	486324	91.684075
26539	波羅的海	2	486326	91.684452
26540	波羅蜜	2	486328	91.684829
26541	法人信託	2	486330	91.685206
26542	法系	2	486332	91.685583
26543	法帖	2	486334	91.685960
26544	法版	2	486336	91.686337
26545	法家	2	486338	91.686714
26546	法商學院	2	486340	91.687091
26547	法條	2	486342	91.687468
26548	法眼	2	486344	91.687845
26549	法喜	2	486346	91.688222
26550	法網	2	486348	91.688599
26551	法輪	2	486350	91.688976
26552	法辦	2	486352	91.689353
26553	沸沸	2	486354	91.689730
26554	油汙	2	486356	91.690107
26555	油氣	2	486358	91.690484
26556	油國組織	2	486360	91.690861
26557	油條	2	486362	91.691238
26558	油然	2	486364	91.691615
26559	油菜	2	486366	91.691992
26560	油菜田	2	486368	91.692369
26561	油路	2	486370	91.692746
26562	油綠	2	486372	91.693123
26563	油槽	2	486374	91.693500
26564	油燈	2	486376	91.693877
26565	油膩	2	486378	91.694254
26566	油膩膩	2	486380	91.694631
26567	泱泱大國	2	486382	91.695008
26568	沿革	2	486384	91.695385
26569	沿溪	2	486386	91.695762
26570	治學	2	486388	91.696139
26571	治療法	2	486390	91.696516
26572	治療師	2	486392	91.696893
26573	治療藥	2	486394	91.697270
26574	泡沫經濟時期	2	486396	91.697647
26575	泡茶	2	486398	91.698024
26576	泡菜	2	486400	91.698401
26577	泡飲	2	486402	91.698778
26578	泛泛	2	486404	91.699155
26579	泯滅	2	486406	91.699532
26580	炎夏	2	486408	91.699909
26581	炎黃子孫	2	486410	91.700286
26582	炒土地	2	486412	91.700663
26583	炒地	2	486414	91.701040
26584	炒作者	2	486416	91.701417
26585	炒魷魚	2	486418	91.701794
26586	爬出	2	486420	91.702171
26587	爬行	2	486422	91.702548
26588	爬坡	2	486424	91.702925
26589	爬起來	2	486426	91.703302
26590	爬牆	2	486428	91.703679
26591	爬牆虎	2	486430	91.704056
26592	爭光	2	486432	91.704433
26593	爭先恐後	2	486434	91.704810
26594	爭地	2	486436	91.705187
26595	爭奇鬥豔	2	486438	91.705564
26596	爭雄	2	486440	91.705941
26597	爭端	2	486442	91.706318
26598	爭辦	2	486444	91.706695
26599	爭權	2	486446	91.707072
26600	爭權奪利	2	486448	91.707449
26601	爸爸節	2	486450	91.707826
26602	版稅	2	486452	91.708203
26603	版權費	2	486454	91.708580
26604	牧羊	2	486456	91.708957
26605	牧羊人	2	486458	91.709334
26606	牧笛	2	486460	91.709711
26607	物美價廉	2	486462	91.710088
26608	物料	2	486464	91.710465
26609	物理系	2	486466	91.710842
26610	物理學家	2	486468	91.711219
26611	物象	2	486470	91.711596
26612	物證	2	486472	91.711973
26613	物競天擇	2	486474	91.712350
26614	狗吠聲	2	486476	91.712727
26615	狗屎	2	486478	91.713104
26616	狗隊	2	486480	91.713481
26617	狗腿	2	486482	91.713858
26618	狐猴	2	486484	91.714235
26619	狐鳴	2	486486	91.714612
26620	玩沙	2	486488	91.714989
26621	玩具店	2	486490	91.715366
26622	玩法	2	486492	91.715743
26623	玩個夠	2	486494	91.716120
26624	玩雪	2	486496	91.716497
26625	玩遊戲	2	486498	91.716874
26626	玩鬧	2	486500	91.717251
26627	玩藝	2	486502	91.717628
26628	玫琳凱‧艾施	2	486504	91.718005
26629	玫瑰閣	2	486506	91.718382
26630	盲胞	2	486508	91.718759
26631	盲童	2	486510	91.719136
26632	直升	2	486512	91.719513
26633	直立	2	486514	91.719890
26634	直行	2	486516	91.720267
26635	直奔	2	486518	91.720644
26636	直射	2	486520	91.721021
26637	直追	2	486522	91.721398
26638	直爽	2	486524	91.721775
26639	直落	2	486526	91.722152
26640	直路	2	486528	91.722529
26641	直潭	2	486530	91.722906
26642	直線型	2	486532	91.723283
26643	直隸	2	486534	91.723660
26644	直屬	2	486536	91.724037
26645	知人善任	2	486538	91.724414
26646	知天命	2	486540	91.724791
26647	知本	2	486542	91.725168
26648	知本老爺酒店	2	486544	91.725545
26649	知州	2	486546	91.725922
26650	知府	2	486548	91.726299
26651	知恥近乎勇	2	486550	91.726676
26652	知識性	2	486552	91.727053
26653	知難而退	2	486554	91.727430
26654	矽谷	2	486556	91.727807
26655	社子島	2	486558	91.728184
26656	社隊	2	486560	91.728561
26657	社會化	2	486562	91.728938
26658	社會革命	2	486564	91.729315
26659	社會風氣	2	486566	91.729692
26660	社會教育	2	486568	91.730069
26661	空中花園	2	486570	91.730446
26662	空中樓閣	2	486572	91.730823
26663	空心	2	486574	91.731200
26664	空穴來風	2	486576	91.731577
26665	空車	2	486578	91.731954
26666	空姐	2	486580	91.732331
26667	空性	2	486582	91.732708
26668	空城計	2	486584	91.733085
26669	空氣清淨機	2	486586	91.733462
26670	空腔	2	486588	91.733839
26671	空蕩蕩	2	486590	91.734216
26672	空罐	2	486592	91.734593
26673	穹蒼	2	486594	91.734970
26674	穹環	2	486596	91.735347
26675	糾集	2	486598	91.735724
26676	糾察隊	2	486600	91.736101
26677	糾舉	2	486602	91.736478
26678	肺氣腫	2	486604	91.736855
26679	肺結核	2	486606	91.737232
26680	肺靜脈	2	486608	91.737609
26681	肺癌	2	486610	91.737986
26682	肥水	2	486612	91.738363
26683	肥水不落外人田	2	486614	91.738740
26684	肥肥	2	486616	91.739117
26685	肥碩	2	486618	91.739494
26686	肢解	2	486620	91.739871
26687	股本	2	486622	91.740248
26688	股東會	2	486624	91.740625
26689	肯羅素	2	486626	91.741002
26690	臥病	2	486628	91.741379
26691	舍利	2	486630	91.741756
26692	芳澤	2	486632	91.742133
26693	芳齡	2	486634	91.742510
26694	芝加哥大學	2	486636	91.742887
26695	芭樂汁	2	486638	91.743264
26696	芭樂樹	2	486640	91.743641
26697	花木	2	486642	91.744018
26698	花光	2	486644	91.744395
26699	花匠	2	486646	91.744772
26700	花式	2	486648	91.745149
26701	花序	2	486650	91.745526
26702	花束	2	486652	91.745903
26703	花和尚	2	486654	91.746280
26704	花東海岸	2	486656	91.746657
26705	花枝招展	2	486658	91.747034
26706	花花公子	2	486660	91.747411
26707	花苗	2	486662	91.747788
26708	花苞	2	486664	91.748165
26709	花圃	2	486666	91.748542
26710	花海	2	486668	91.748919
26711	花紙	2	486670	91.749296
26712	花茶	2	486672	91.749673
26713	花掉	2	486674	91.750050
26714	花期	2	486676	91.750427
26715	花街大少	2	486678	91.750804
26716	花會	2	486680	91.751181
26717	花痴	2	486682	91.751558
26718	花飾	2	486684	91.751935
26719	花蜜	2	486686	91.752312
26720	花潮	2	486688	91.752689
26721	花蝴蝶	2	486690	91.753066
26722	花壇	2	486692	91.753443
26723	花隨人聖盦摭憶	2	486694	91.753820
26724	花環	2	486696	91.754197
26725	花籃	2	486698	91.754574
26726	花攤	2	486700	91.754951
26727	芬尼	2	486702	91.755328
26728	芥蒂	2	486704	91.755705
26729	虎口	2	486706	91.756082
26730	虎克	2	486708	91.756459
26731	虎尾	2	486710	91.756836
26732	虎視眈眈	2	486712	91.757213
26733	初生	2	486714	91.757590
26734	初來	2	486716	91.757967
26735	初抵	2	486718	91.758344
26736	初級	2	486720	91.758721
26737	初稿	2	486722	91.759098
26738	初學	2	486724	91.759475
26739	表土	2	486726	91.759852
26740	表兄弟	2	486728	91.760229
26741	表列	2	486730	91.760606
26742	表相	2	486732	91.760983
26743	表哥	2	486734	91.761360
26744	表演者	2	486736	91.761737
26745	迎神	2	486738	91.762114
26746	迎新	2	486740	91.762491
26747	迎頭痛擊	2	486742	91.762868
26748	返流液	2	486744	91.763245
26749	返璞歸真	2	486746	91.763622
26750	近人	2	486748	91.763999
26751	近代史	2	486750	91.764376
26752	近因	2	486752	91.764753
26753	近況	2	486754	91.765130
26754	近著	2	486756	91.765507
26755	近鄰	2	486758	91.765884
26756	近親	2	486760	91.766261
26757	邵宗海	2	486762	91.766638
26758	邵毓麟	2	486764	91.767015
26759	邱吉爾	2	486766	91.767392
26760	邱志宏	2	486768	91.767769
26761	金人	2	486770	91.768146
26762	金主	2	486772	91.768523
26763	金史	2	486774	91.768900
26764	金光	2	486776	91.769277
26765	金車盃	2	486778	91.769654
26766	金花	2	486780	91.770031
26767	金門縣	2	486782	91.770408
26768	金城武	2	486784	91.770785
26769	金俱吒	2	486786	91.771162
26770	金庫	2	486788	91.771539
26771	金陵	2	486790	91.771916
26772	金牌獎	2	486792	91.772293
26773	金童	2	486794	91.772670
26774	金童玉女	2	486796	91.773047
26775	金塊	2	486798	91.773424
26776	金殿	2	486800	91.773801
26777	金碧輝煌	2	486802	91.774178
26778	金銀珠寶	2	486804	91.774555
26779	金幢	2	486806	91.774932
26780	金融卡	2	486808	91.775309
26781	金融服務業	2	486810	91.775686
26782	金融股	2	486812	91.776063
26783	金臂人	2	486814	91.776440
26784	金雞	2	486816	91.776817
26785	金鐘	2	486818	91.777194
26786	長人	2	486820	91.777571
26787	長工	2	486822	91.777948
26788	長才	2	486824	91.778325
26789	長白山	2	486826	91.778702
26790	長矛	2	486828	91.779079
26791	長存	2	486830	91.779456
26792	長安志圖	2	486832	91.779833
26793	長江三角洲	2	486834	91.780210
26794	長江三峽	2	486836	91.780587
26795	長住	2	486838	91.780964
26796	長足	2	486840	91.781341
26797	長庚兒童醫院	2	486842	91.781718
26798	長空	2	486844	91.782095
26799	長青學苑	2	486846	91.782472
26800	長春藤	2	486848	91.782849
26801	長音	2	486850	91.783226
26802	長泰	2	486852	91.783603
26803	長條狀	2	486854	91.783980
26804	長途跋涉	2	486856	91.784357
26805	長椅	2	486858	91.784734
26806	長軸距	2	486860	91.785111
26807	長裙	2	486862	91.785488
26808	長談	2	486864	91.785865
26809	長鏡頭	2	486866	91.786242
26810	長麵包	2	486868	91.786619
26811	門人	2	486870	91.786996
26812	門扉	2	486872	91.787373
26813	阜陽	2	486874	91.787750
26814	阿卡德敘事詩	2	486876	91.788127
26815	阿瓦爾	2	486878	91.788504
26816	阿兵哥	2	486880	91.788881
26817	阿助	2	486882	91.789258
26818	阿弟	2	486884	91.789635
26819	阿呷土	2	486886	91.790012
26820	阿拉巴馬州	2	486888	91.790389
26821	阿拉伯半島	2	486890	91.790766
26822	阿拉伯數字	2	486892	91.791143
26823	阿屘	2	486894	91.791520
26824	阿茲特克	2	486896	91.791897
26825	阿財神	2	486898	91.792274
26826	阿婆	2	486900	91.792651
26827	阿爾卑斯山脈	2	486902	91.793028
26828	阿爾金山	2	486904	91.793405
26829	阿德萊德	2	486906	91.793782
26830	阿潘星	2	486908	91.794159
26831	阿諛	2	486910	91.794536
26832	阻梗	2	486912	91.794913
26833	阻絕	2	486914	91.795290
26834	附身	2	486916	91.795667
26835	附註	2	486918	91.796044
26836	附睪	2	486920	91.796421
26837	附錄	2	486922	91.796798
26838	附贈	2	486924	91.797175
26839	附屬品	2	486926	91.797552
26840	雨人	2	486928	91.797929
26841	雨中的陽光	2	486930	91.798306
26842	雨絲	2	486932	91.798683
26843	雨量	2	486934	91.799060
26844	雨聲	2	486936	91.799437
26845	青工	2	486938	91.799814
26846	青年公園	2	486940	91.800191
26847	青蛇	2	486942	91.800568
26848	青雲	2	486944	91.800945
26849	青黃不接	2	486946	91.801322
26850	青銅器時代	2	486948	91.801699
26851	青樓怨婦	2	486950	91.802076
26852	青龍	2	486952	91.802453
26853	青澀	2	486954	91.802830
26854	青藍	2	486956	91.803207
26855	非比尋常	2	486958	91.803584
26856	非理性	2	486960	91.803961
26857	非禮	2	486962	91.804338
26858	亮紅燈	2	486964	91.804715
26859	亮晃晃	2	486966	91.805092
26860	亮晶晶	2	486968	91.805469
26861	信用額度	2	486970	91.805846
26862	信息素	2	486972	91.806223
26863	信條	2	486974	91.806600
26864	信義房屋	2	486976	91.806977
26865	信義路	2	486978	91.807354
26866	侵占	2	486980	91.807731
26867	侯方域	2	486982	91.808108
26868	侯麥	2	486984	91.808485
26869	侯曜	2	486986	91.808862
26870	便利性	2	486988	91.809239
26871	便宜貨	2	486990	91.809616
26872	便祕	2	486992	91.809993
26873	便雅憫	2	486994	91.810370
26874	便說	2	486996	91.810747
26875	俠女	2	486998	91.811124
26876	俏麗	2	487000	91.811501
26877	保七隊員	2	487002	91.811878
26878	保平安	2	487004	91.812255
26879	保安	2	487006	91.812632
26880	保育團體	2	487008	91.813009
26881	保和殿	2	487010	91.813386
26882	保重	2	487012	91.813763
26883	保息	2	487014	91.814140
26884	保溫箱	2	487016	91.814517
26885	保溫罐	2	487018	91.814894
26886	保衛部	2	487020	91.815271
26887	保險系	2	487022	91.815648
26888	保險單	2	487024	91.816025
26889	保險期	2	487026	91.816402
26890	保濕	2	487028	91.816779
26891	保羅	2	487030	91.817156
26892	保羅甘迺迪	2	487032	91.817533
26893	保警	2	487034	91.817910
26894	保齡球	2	487036	91.818287
26895	保護者	2	487038	91.818664
26896	保護神	2	487040	91.819041
26897	保鑣	2	487042	91.819418
26898	促發	2	487044	91.819795
26899	促銷活動	2	487046	91.820172
26900	俘虜	2	487048	91.820549
26901	俊男	2	487050	91.820926
26902	俗話	2	487052	91.821303
26903	俗話說	2	487054	91.821680
26904	俄人	2	487056	91.822057
26905	俄文	2	487058	91.822434
26906	俄亥俄	2	487060	91.822811
26907	俄共	2	487062	91.823188
26908	冒失鬼	2	487064	91.823565
26909	冒犯	2	487066	91.823942
26910	冒昧	2	487068	91.824319
26911	冒牌貨	2	487070	91.824696
26912	冠服	2	487072	91.825073
26913	冠軍賽	2	487074	91.825450
26914	剎時	2	487076	91.825827
26915	削弱	2	487078	91.826204
26916	前仆後繼	2	487080	91.826581
26917	前文	2	487082	91.826958
26918	前兆	2	487084	91.827335
26919	前列腺炎	2	487086	91.827712
26920	前列腺癌	2	487088	91.828089
26921	前所未見	2	487090	91.828466
26922	前前後後	2	487092	91.828843
26923	前科	2	487094	91.829220
26924	前科犯	2	487096	91.829597
26925	前紅山文化	2	487098	91.829974
26926	前哨站	2	487100	91.830351
26927	前陣子	2	487102	91.830728
26928	前期	2	487104	91.831105
26929	前置	2	487106	91.831482
26930	前置作業	2	487108	91.831859
26931	前緣	2	487110	91.832236
26932	前戲	2	487112	91.832613
26933	前鎮國小	2	487114	91.832990
26934	勇者	2	487116	91.833367
26935	勉力	2	487118	91.833744
26936	勃然大怒	2	487120	91.834121
26937	勃興	2	487122	91.834498
26938	勁頭	2	487124	91.834875
26939	匍匐	2	487126	91.835252
26940	南山人壽	2	487128	91.835629
26941	南仁山	2	487130	91.836006
26942	南北極	2	487132	91.836383
26943	南北韓	2	487134	91.836760
26944	南京東路	2	487136	91.837137
26945	南來北往	2	487138	91.837514
26946	南昌	2	487140	91.837891
26947	南昌街	2	487142	91.838268
26948	南明	2	487144	91.838645
26949	南洋群島	2	487146	91.839022
26950	南島民族	2	487148	91.839399
26951	南島語	2	487150	91.839776
26952	南疆	2	487152	91.840153
26953	厚厚	2	487154	91.840530
26954	厚紙	2	487156	91.840907
26955	厚雪	2	487158	91.841284
26956	厚植	2	487160	91.841661
26957	咬人	2	487162	91.842038
26958	哀思	2	487164	91.842415
26959	哀怨	2	487166	91.842792
26960	哀痛	2	487168	91.843169
26961	哀鳴	2	487170	91.843546
26962	哀鴻遍野	2	487172	91.843923
26963	咸平	2	487174	91.844300
26964	咽紅痛	2	487176	91.844677
26965	品位	2	487178	91.845054
26966	品酒	2	487180	91.845431
26967	品評	2	487182	91.845808
26968	品鑑	2	487184	91.846185
26969	哈姆斯德	2	487186	91.846562
26970	哈金	2	487188	91.846939
26971	哈密瓜	2	487190	91.847316
26972	哈雷彗星	2	487192	91.847693
26973	哈囉	2	487194	91.848070
26974	咧嘴	2	487196	91.848447
26975	垂危	2	487198	91.848824
26976	垂死	2	487200	91.849201
26977	垂直式	2	487202	91.849578
26978	垂脊	2	487204	91.849955
26979	垂愛	2	487206	91.850332
26980	垂簾聽政	2	487208	91.850709
26981	垂體性侏儒	2	487210	91.851086
26982	城中	2	487212	91.851463
26983	城邦	2	487214	91.851840
26984	城區	2	487216	91.852217
26985	城鄉研究所	2	487218	91.852594
26986	城開不夜	2	487220	91.852971
26987	城隍爺	2	487222	91.853348
26988	奕奕	2	487224	91.853725
26989	契丹人	2	487226	91.854102
26990	契合	2	487228	91.854479
26991	奏功	2	487230	91.854856
26992	奏樂	2	487232	91.855233
26993	奏請	2	487234	91.855610
26994	姣好	2	487236	91.855987
26995	娃娃車	2	487238	91.856364
26996	娃娃機	2	487240	91.856741
26997	姪子	2	487242	91.857118
26998	威士忌酒	2	487244	91.857495
26999	威州	2	487246	91.857872
27000	威武	2	487248	91.858249
27001	威望	2	487250	91.858626
27002	威猛	2	487252	91.859003
27003	威斯塔斯	2	487254	91.859380
27004	威廉波特	2	487256	91.859757
27005	威爾斯王妃	2	487258	91.860134
27006	威震	2	487260	91.860511
27007	宣炳龍	2	487262	91.860888
27008	宣教	2	487264	91.861265
27009	宣統	2	487266	91.861642
27010	宦海	2	487268	91.862019
27011	室內樂	2	487270	91.862396
27012	客房	2	487272	91.862773
27013	客家文化	2	487274	91.863150
27014	客家話	2	487276	91.863527
27015	客層	2	487278	91.863904
27016	客觀性	2	487280	91.864281
27017	封泥	2	487282	91.864658
27018	封館	2	487284	91.865035
27019	封寶	2	487286	91.865412
27020	屏風	2	487288	91.865789
27021	屋主	2	487290	91.866166
27022	巷口	2	487292	91.866543
27023	帥呆了	2	487294	91.866920
27024	幽門螺桿菌	2	487296	91.867297
27025	幽冥大師	2	487298	91.867674
27026	幽冥界	2	487300	91.868051
27027	幽浮	2	487302	91.868428
27028	幽深	2	487304	91.868805
27029	幽閉	2	487306	91.869182
27030	幽雅	2	487308	91.869559
27031	幽魂	2	487310	91.869936
27032	幽靜	2	487312	91.870313
27033	幽靈兒童	2	487314	91.870690
27034	建方	2	487316	91.871067
27035	建屋	2	487318	91.871444
27036	建校	2	487320	91.871821
27037	建國花市	2	487322	91.872198
27038	建築商	2	487324	91.872575
27039	建醮	2	487326	91.872952
27040	待人處事	2	487328	91.873329
27041	待命	2	487330	91.873706
27042	待售	2	487332	91.874083
27043	律文川	2	487334	91.874460
27044	後山文化工作群	2	487336	91.874837
27045	後母	2	487338	91.875214
27046	後生	2	487340	91.875591
27047	後果堪虞	2	487342	91.875968
27048	後花園	2	487344	91.876345
27049	後埔	2	487346	91.876722
27050	後宮	2	487348	91.877099
27051	後現代主義	2	487350	91.877476
27052	後廂	2	487352	91.877853
27053	後腳	2	487354	91.878230
27054	後蜀	2	487356	91.878607
27055	後資本主義	2	487358	91.878984
27056	後漢	2	487360	91.879361
27057	後製作	2	487362	91.879738
27058	後繼乏人	2	487364	91.880115
27059	後繼車	2	487366	91.880492
27060	後繼無人	2	487368	91.880869
27061	怒火中燒	2	487370	91.881246
27062	思忖	2	487372	91.881623
27063	思路	2	487374	91.882000
27064	急事	2	487376	91.882377
27065	急性中耳炎	2	487378	91.882754
27066	急性有機磷農藥中毒	2	487380	91.883131
27067	急性胰臟炎	2	487382	91.883508
27068	急待	2	487384	91.883885
27069	急急忙忙	2	487386	91.884262
27070	急病	2	487388	91.884639
27071	急躁	2	487390	91.885016
27072	怎的	2	487392	91.885393
27073	怎知	2	487394	91.885770
27074	怎料	2	487396	91.886147
27075	怎麼著	2	487398	91.886524
27076	怨偶	2	487400	91.886901
27077	怨婦	2	487402	91.887278
27078	怨嘆	2	487404	91.887655
27079	怨憎會	2	487406	91.888032
27080	怨歎	2	487408	91.888409
27081	恰如	2	487410	91.888786
27082	恰如其分	2	487412	91.889163
27083	恰似	2	487414	91.889540
27084	恰恰	2	487416	91.889917
27085	恨意	2	487418	91.890294
27086	恢宏	2	487420	91.890671
27087	恆牙	2	487422	91.891048
27088	恆溫空調系統	2	487424	91.891425
27089	恬淡	2	487426	91.891802
27090	恪守	2	487428	91.892179
27091	扁平化	2	487430	91.892556
27092	拜占廷	2	487432	91.892933
27093	拜佛蟹	2	487434	91.893310
27094	拜師	2	487436	91.893687
27095	挖空心思	2	487438	91.894064
27096	挖苦	2	487440	91.894441
27097	挖鼻孔	2	487442	91.894818
27098	按量	2	487444	91.895195
27099	按察司	2	487446	91.895572
27100	拼拼湊湊	2	487448	91.895949
27101	拼裝	2	487450	91.896326
27102	拭去	2	487452	91.896703
27103	拭目	2	487454	91.897080
27104	持久性	2	487456	91.897457
27105	持家	2	487458	91.897834
27106	持槍	2	487460	91.898211
27107	指示器	2	487462	91.898588
27108	指使	2	487464	91.898965
27109	指涉	2	487466	91.899342
27110	指紋	2	487468	91.899719
27111	指間	2	487470	91.900096
27112	指摘	2	487472	91.900473
27113	指認	2	487474	91.900850
27114	指點迷津	2	487476	91.901227
27115	拱門	2	487478	91.901604
27116	拷打	2	487480	91.901981
27117	拾回	2	487482	91.902358
27118	挑食	2	487484	91.902735
27119	挑逗	2	487486	91.903112
27120	挑堤	2	487488	91.903489
27121	挑戰性	2	487490	91.903866
27122	政大企研所	2	487492	91.904243
27123	政大新聞系	2	487494	91.904620
27124	政改	2	487496	91.904997
27125	政協	2	487498	91.905374
27126	政治史	2	487500	91.905751
27127	政治庇護	2	487502	91.906128
27128	政治牢	2	487504	91.906505
27129	政治受難人	2	487506	91.906882
27130	政治面	2	487508	91.907259
27131	政治觀	2	487510	91.907636
27132	政風處	2	487512	91.908013
27133	政務	2	487514	91.908390
27134	政務委員	2	487516	91.908767
27135	政教	2	487518	91.909144
27136	政途	2	487520	91.909521
27137	政策性	2	487522	91.909898
27138	政策會	2	487524	91.910275
27139	政綱	2	487526	91.910652
27140	政論家	2	487528	91.911029
27141	政變	2	487530	91.911406
27142	故步自封	2	487532	91.911783
27143	故居	2	487534	91.912160
27144	故國	2	487536	91.912537
27145	施力點	2	487538	91.912914
27146	施寄青	2	487540	91.913291
27147	施啟揚	2	487542	91.913668
27148	春日	2	487544	91.914045
27149	春水	2	487546	91.914422
27150	春光	2	487548	91.914799
27151	春冰室野乘	2	487550	91.915176
27152	春風化雨	2	487552	91.915553
27153	春神	2	487554	91.915930
27154	春茶	2	487556	91.916307
27155	春捲	2	487558	91.916684
27156	春意	2	487560	91.917061
27157	春暉	2	487562	91.917438
27158	春裝	2	487564	91.917815
27159	昭陽宮	2	487566	91.918192
27160	映入	2	487568	91.918569
27161	映畫社	2	487570	91.918946
27162	映象	2	487572	91.919323
27163	是非題	2	487574	91.919700
27164	星占術	2	487576	91.920077
27165	星占圖	2	487578	91.920454
27166	星光新劇團	2	487580	91.920831
27167	星辰	2	487582	91.921208
27168	星命	2	487584	91.921585
27169	星相	2	487586	91.921962
27170	星相家	2	487588	91.922339
27171	星座圖	2	487590	91.922716
27172	星野村	2	487592	91.923093
27173	星期二	2	487594	91.923470
27174	星期三	2	487596	91.923847
27175	星期假日	2	487598	91.924224
27176	星雲大師	2	487600	91.924601
27177	星學	2	487602	91.924978
27178	染紅	2	487604	91.925355
27179	柔細	2	487606	91.925732
27180	柔媚	2	487608	91.926109
27181	柔滑	2	487610	91.926486
27182	某天	2	487612	91.926863
27183	某年	2	487614	91.927240
27184	架勢	2	487616	91.927617
27185	枯水期	2	487618	91.927994
27186	枯枝	2	487620	91.928371
27187	枯黃	2	487622	91.928748
27188	枯葉	2	487624	91.929125
27189	枯槁	2	487626	91.929502
27190	柯尼卡	2	487628	91.929879
27191	柯拉蓉	2	487630	91.930256
27192	柯羅拉多州	2	487632	91.930633
27193	柑橘	2	487634	91.931010
27194	查理辛	2	487636	91.931387
27195	查理卓別林	2	487638	91.931764
27196	查驗	2	487640	91.932141
27197	枸杞茶	2	487642	91.932518
27198	柏拉圖	2	487644	91.932895
27199	柏金斯	2	487646	91.933272
27200	柏城	2	487648	91.933649
27201	柳市	2	487650	91.934026
27202	柳條	2	487652	91.934403
27203	歪歪斜斜	2	487654	91.934780
27204	歪哥	2	487656	91.935157
27205	段考	2	487658	91.935534
27206	毒打	2	487660	91.935911
27207	毒氣	2	487662	91.936288
27208	毒酒	2	487664	91.936665
27209	毒蠍	2	487666	91.937042
27210	洋片	2	487668	91.937419
27211	洋商	2	487670	91.937796
27212	洋裝	2	487672	91.938173
27213	洋樓	2	487674	91.938550
27214	洋菇	2	487676	91.938927
27215	洪金寶	2	487678	91.939304
27216	洪建全基金會	2	487680	91.939681
27217	洪峰	2	487682	91.940058
27218	洪荒	2	487684	91.940435
27219	洪瑞河	2	487686	91.940812
27220	流不盡的眼淚	2	487688	91.941189
27221	流年	2	487690	91.941566
27222	流行期	2	487692	91.941943
27223	流行樂	2	487694	91.942320
27224	流氓狀元	2	487696	91.942697
27225	流動性	2	487698	91.943074
27226	流進	2	487700	91.943451
27227	流雲	2	487702	91.943828
27228	流落街頭	2	487704	91.944205
27229	流鼻血	2	487706	91.944582
27230	流線化	2	487708	91.944959
27231	流膿	2	487710	91.945336
27232	流瀉	2	487712	91.945713
27233	流覽	2	487714	91.946090
27234	洗米	2	487716	91.946467
27235	洗衣店	2	487718	91.946844
27236	洗衣服	2	487720	91.947221
27237	洗劫	2	487722	91.947598
27238	洗刷	2	487724	91.947975
27239	洗淨機	2	487726	91.948352
27240	洗腦	2	487728	91.948729
27241	洗潔精	2	487730	91.949106
27242	洗髮精	2	487732	91.949483
27243	洗擦	2	487734	91.949860
27244	活血	2	487736	91.950237
27245	活兒	2	487738	91.950614
27246	活命	2	487740	91.950991
27247	活泉	2	487742	91.951368
27248	活組織	2	487744	91.951745
27249	活路	2	487746	91.952122
27250	活儲	2	487748	91.952499
27251	活蹦亂跳	2	487750	91.952876
27252	派上用場	2	487752	91.953253
27253	派出所	2	487754	91.953630
27254	派任	2	487756	91.954007
27255	派兵	2	487758	91.954384
27256	派別	2	487760	91.954761
27257	派特歐康諾	2	487762	91.955138
27258	洛汀	2	487764	91.955515
27259	洛克斐勒	2	487766	91.955892
27260	洛克菲勒	2	487768	91.956269
27261	洛浦縣	2	487770	91.956646
27262	洛磯山	2	487772	91.957023
27263	洩氣	2	487774	91.957400
27264	洩慾	2	487776	91.957777
27265	炫爛	2	487778	91.958154
27266	為人處世	2	487780	91.958531
27267	為由	2	487782	91.958908
27268	為伍	2	487784	91.959285
27269	為非作歹	2	487786	91.959662
27270	為數	2	487788	91.960039
27271	炸魚	2	487790	91.960416
27272	炸毀	2	487792	91.960793
27273	炮火	2	487794	91.961170
27274	炮製	2	487796	91.961547
27275	牲禮	2	487798	91.961924
27276	狡辯	2	487800	91.962301
27277	玻璃杯	2	487802	91.962678
27278	玻璃窗	2	487804	91.963055
27279	玻璃纖維	2	487806	91.963432
27280	珍珠港	2	487808	91.963809
27281	珍珠港事件	2	487810	91.964186
27282	珍聞	2	487812	91.964563
27283	珍獸大展	2	487814	91.964940
27284	珍寶	2	487816	91.965317
27285	甚且	2	487818	91.965694
27286	甚或	2	487820	91.966071
27287	甚高	2	487822	91.966448
27288	甚遠	2	487824	91.966825
27289	皇天	2	487826	91.967202
27290	皇天不負苦心人	2	487828	91.967579
27291	皇城	2	487830	91.967956
27292	皇家水手醫院	2	487832	91.968333
27293	皈依	2	487834	91.968710
27294	盆花	2	487836	91.969087
27295	盆腔	2	487838	91.969464
27296	省水	2	487840	91.969841
27297	省城	2	487842	91.970218
27298	省起來	2	487844	91.970595
27299	省教育廳	2	487846	91.970972
27300	省博館	2	487848	91.971349
27301	省視	2	487850	91.971726
27302	省會	2	487852	91.972103
27303	省道	2	487854	91.972480
27304	省電	2	487856	91.972857
27305	相人術	2	487858	91.973234
27306	相士	2	487860	91.973611
27307	相欠	2	487862	91.973988
27308	相左	2	487864	91.974365
27309	相合	2	487866	91.974742
27310	相守	2	487868	91.975119
27311	相法	2	487870	91.975496
27312	相者	2	487872	91.975873
27313	相待	2	487874	91.976250
27314	相思樹	2	487876	91.976627
27315	相映	2	487878	91.977004
27316	相映成趣	2	487880	91.977381
27317	相差無幾	2	487882	91.977758
27318	相配	2	487884	91.978135
27319	相惜	2	487886	91.978512
27320	相望	2	487888	91.978889
27321	相異	2	487890	91.979266
27322	相視而笑	2	487892	91.979643
27323	相較於	2	487894	91.980020
27324	相對地	2	487896	91.980397
27325	相對應	2	487898	91.980774
27326	相貌宮	2	487900	91.981151
27327	相談甚歡	2	487902	91.981528
27328	相學	2	487904	91.981905
27329	相戀	2	487906	91.982282
27330	眉目	2	487908	91.982659
27331	看中	2	487910	91.983036
27332	看好戲	2	487912	91.983413
27333	看守所	2	487914	91.983790
27334	看走眼	2	487916	91.984167
27335	看花	2	487918	91.984544
27336	看門道	2	487920	91.984921
27337	看穿	2	487922	91.985298
27338	看家本領	2	487924	91.985675
27339	看破	2	487926	91.986052
27340	看球	2	487928	91.986429
27341	看透	2	487930	91.986806
27342	看報	2	487932	91.987183
27343	看窗族	2	487934	91.987560
27344	看貶	2	487936	91.987937
27345	看跌	2	487938	91.988314
27346	砂石場	2	487940	91.988691
27347	砂金	2	487942	91.989068
27348	砂眼	2	487944	91.989445
27349	砂糖	2	487946	91.989822
27350	砂囊	2	487948	91.990199
27351	研究者	2	487950	91.990576
27352	研究會	2	487952	91.990953
27353	研修	2	487954	91.991330
27354	研缽	2	487956	91.991707
27355	研碎	2	487958	91.992084
27356	研磨	2	487960	91.992461
27357	砍掉	2	487962	91.992838
27358	祇好	2	487964	91.993215
27359	科主任	2	487966	91.993592
27360	科名	2	487968	91.993969
27361	科技沙皇	2	487970	91.994346
27362	科塔利山	2	487972	91.994723
27363	科學史	2	487974	91.995100
27364	科學營	2	487976	91.995477
27365	科羅拉多大學	2	487978	91.995854
27366	秋刀魚	2	487980	91.996231
27367	秋月	2	487982	91.996608
27368	秋初	2	487984	91.996985
27369	秋高氣爽	2	487986	91.997362
27370	秋裝	2	487988	91.997739
27371	穿透率	2	487990	91.998116
27372	突擊	2	487992	91.998493
27373	突襲	2	487994	91.998870
27374	紅光	2	487996	91.999247
27375	紅血素	2	487998	91.999624
27376	紅衣	2	488000	92.000001
27377	紅杉	2	488002	92.000378
27378	紅河谷	2	488004	92.000755
27379	紅花	2	488006	92.001132
27380	紅花綠葉	2	488008	92.001509
27381	紅紅	2	488010	92.001886
27382	紅陶	2	488012	92.002263
27383	紅頂碗	2	488014	92.002640
27384	紅斑	2	488016	92.003017
27385	紅棕色	2	488018	92.003394
27386	紅葉少棒	2	488020	92.003771
27387	紅端	2	488022	92.004148
27388	紅線區	2	488024	92.004525
27389	紅衛兵	2	488026	92.004902
27390	紅樹	2	488028	92.005279
27391	紅磚路	2	488030	92.005656
27392	紅龍	2	488032	92.006033
27393	紅臉	2	488034	92.006410
27394	紅騎警	2	488036	92.006787
27395	紅寶石	2	488038	92.007164
27396	紅螯相手蟹	2	488040	92.007541
27397	紀念展	2	488042	92.007918
27398	紀念章	2	488044	92.008295
27399	紀政	2	488046	92.008672
27400	約書亞記	2	488048	92.009049
27401	約特干	2	488050	92.009426
27402	約莫	2	488052	92.009803
27403	約翰甘迺迪	2	488054	92.010180
27404	缸徑	2	488056	92.010557
27405	美工	2	488058	92.010934
27406	美日	2	488060	92.011311
27407	美加	2	488062	92.011688
27408	美沙酮	2	488064	92.012065
27409	美食家	2	488066	92.012442
27410	美食節	2	488068	92.012819
27411	美容師	2	488070	92.013196
27412	美國大使館	2	488072	92.013573
27413	美國疾病防治中心	2	488074	92.013950
27414	美崙山	2	488076	92.014327
27415	美術班	2	488078	92.014704
27416	美術設計	2	488080	92.015081
27417	美勞賽	2	488082	92.015458
27418	美智子	2	488084	92.015835
27419	美稱	2	488086	92.016212
27420	美醜	2	488088	92.016589
27421	耐久度	2	488090	92.016966
27422	耶米里歐	2	488092	92.017343
27423	耶米里歐‧桑齊士	2	488094	92.017720
27424	耶利哥城	2	488096	92.018097
27425	耶律純	2	488098	92.018474
27426	胚芽	2	488100	92.018851
27427	胚芽米	2	488102	92.019228
27428	胃食道	2	488104	92.019605
27429	胃病	2	488106	92.019982
27430	胃部	2	488108	92.020359
27431	胃腸道	2	488110	92.020736
27432	胃腸藥	2	488112	92.021113
27433	胡一川	2	488114	92.021490
27434	胡乃元	2	488116	92.021867
27435	胡人	2	488118	92.022244
27436	胡同	2	488120	92.022621
27437	胡作非為	2	488122	92.022998
27438	胡志明市	2	488124	92.023375
27439	胡定吾	2	488126	92.023752
27440	胡金銓	2	488128	92.024129
27441	胡思亂想	2	488130	92.024506
27442	胡桃	2	488132	92.024883
27443	胡桃木	2	488134	92.025260
27444	胡桃肉	2	488136	92.025637
27445	胡桃飲	2	488138	92.026014
27446	胡椒粉	2	488140	92.026391
27447	胡琴	2	488142	92.026768
27448	胡楊	2	488144	92.027145
27449	胡榮華	2	488146	92.027522
27450	胡說	2	488148	92.027899
27451	胡鳳翬	2	488150	92.028276
27452	胡適	2	488152	92.028653
27453	胡適國小	2	488154	92.029030
27454	胡錦濤	2	488156	92.029407
27455	胎壓	2	488158	92.029784
27456	致函	2	488160	92.030161
27457	致命武器三	2	488162	92.030538
27458	致命英雄	2	488164	92.030915
27459	致命情挑	2	488166	92.031292
27460	致賀	2	488168	92.031669
27461	范天華	2	488170	92.032046
27462	茅坑	2	488172	92.032423
27463	茅盾	2	488174	92.032800
27464	苛求	2	488176	92.033177
27465	苦味	2	488178	92.033554
27466	苦果	2	488180	92.033931
27467	苦思	2	488182	92.034308
27468	苦苦	2	488184	92.034685
27469	苦差事	2	488186	92.035062
27470	苦樂	2	488188	92.035439
27471	苦澀	2	488190	92.035816
27472	茄冬	2	488192	92.036193
27473	若有所失	2	488194	92.036570
27474	若無	2	488196	92.036947
27475	茉莉	2	488198	92.037324
27476	苗圃	2	488200	92.037701
27477	苗話	2	488202	92.038078
27478	英女王	2	488204	92.038455
27479	英仙座	2	488206	92.038832
27480	英式	2	488208	92.039209
27481	英法	2	488210	92.039586
27482	英金河	2	488212	92.039963
27483	英俊	2	488214	92.040340
27484	英格蘭	2	488216	92.040717
27485	英國籍	2	488218	92.041094
27486	英雄救美	2	488220	92.041471
27487	英磅	2	488222	92.041848
27488	英籍	2	488224	92.042225
27489	苔原	2	488226	92.042602
27490	要死	2	488228	92.042979
27491	要走	2	488230	92.043356
27492	要命	2	488232	92.043733
27493	要害	2	488234	92.044110
27494	計息	2	488236	92.044487
27495	計畫書	2	488238	92.044864
27496	計程	2	488240	92.045241
27497	計劃區	2	488242	92.045618
27498	訂作	2	488244	92.045995
27499	訂車	2	488246	92.046372
27500	訂房	2	488248	92.046749
27501	訂金	2	488250	92.047126
27502	訂頒	2	488252	92.047503
27503	訃聞	2	488254	92.047880
27504	貞操觀	2	488256	92.048257
27505	負心人	2	488258	92.048634
27506	負重	2	488260	92.049011
27507	負能量	2	488262	92.049388
27508	負起	2	488264	92.049765
27509	負責任	2	488266	92.050142
27510	負極	2	488268	92.050519
27511	負笈	2	488270	92.050896
27512	赴日	2	488272	92.051273
27513	軍公教	2	488274	92.051650
27514	軍官與魔鬼	2	488276	92.052027
27515	軍服	2	488278	92.052404
27516	軍法審判	2	488280	92.052781
27517	軍校	2	488282	92.053158
27518	軍國	2	488284	92.053535
27519	軍國大事	2	488286	92.053912
27520	軍國主義	2	488288	92.054289
27521	軍教片	2	488290	92.054666
27522	軍備	2	488292	92.055043
27523	軍費	2	488294	92.055420
27524	軍閥	2	488296	92.055797
27525	軍機處	2	488298	92.056174
27526	軍職	2	488300	92.056551
27527	軍醫	2	488302	92.056928
27528	軍艦	2	488304	92.057305
27529	軍權	2	488306	92.057682
27530	迦南地	2	488308	92.058059
27531	迦薩走廊	2	488310	92.058436
27532	迪吉多	2	488312	92.058813
27533	迪斯奈	2	488314	92.059190
27534	迪斯耐	2	488316	92.059567
27535	迭起	2	488318	92.059944
27536	迫不急待	2	488320	92.060321
27537	迤邐	2	488322	92.060698
27538	郊野	2	488324	92.061075
27539	重力透鏡效應	2	488326	92.061452
27540	重化工業	2	488328	92.061829
27541	重刑	2	488330	92.062206
27542	重印	2	488332	92.062583
27543	重考	2	488334	92.062960
27544	重作	2	488336	92.063337
27545	重拍	2	488338	92.063714
27546	重於	2	488340	92.064091
27547	重型機槍	2	488342	92.064468
27548	重粒子線	2	488344	92.064845
27549	重殘	2	488346	92.065222
27550	重畫	2	488348	92.065599
27551	重陽	2	488350	92.065976
27552	重陽橋	2	488352	92.066353
27553	重溫	2	488354	92.066730
27554	重罪	2	488356	92.067107
27555	重遊	2	488358	92.067484
27556	重劃	2	488360	92.067861
27557	重慶	2	488362	92.068238
27558	重獲	2	488364	92.068615
27559	重聽	2	488366	92.068992
27560	限滑差速器	2	488368	92.069369
27561	降血脂	2	488370	92.069746
27562	降調	2	488372	92.070123
27563	面世	2	488374	92.070500
27564	面罩	2	488376	92.070877
27565	面額	2	488378	92.071254
27566	革命家	2	488380	92.071631
27567	革命實踐研究院	2	488382	92.072008
27568	韭菜	2	488384	92.072385
27569	音波	2	488386	92.072762
27570	音感	2	488388	92.073139
27571	音源	2	488390	92.073516
27572	音樂課	2	488392	92.073893
27573	音調	2	488394	92.074270
27574	音質	2	488396	92.074647
27575	音聲	2	488398	92.075024
27576	風化	2	488400	92.075401
27577	風月場所	2	488402	92.075778
27578	風沙	2	488404	92.076155
27579	風花雪月	2	488406	92.076532
27580	風流	2	488408	92.076909
27581	風格化	2	488410	92.077286
27582	風起雲湧	2	488412	92.077663
27583	風迷	2	488414	92.078040
27584	風箏線	2	488416	92.078417
27585	風聞	2	488418	92.078794
27586	風熱	2	488420	92.079171
27587	風靡一時	2	488422	92.079548
27588	飛毛腿	2	488424	92.079925
27589	飛去	2	488426	92.080302
27590	飛利浦集團	2	488428	92.080679
27591	飛走	2	488430	92.081056
27592	飛車	2	488432	92.081433
27593	飛虎軍	2	488434	92.081810
27594	飛馬	2	488436	92.082187
27595	飛馬座	2	488438	92.082564
27596	飛羚	2	488440	92.082941
27597	飛逝	2	488442	92.083318
27598	飛魚	2	488444	92.083695
27599	飛散	2	488446	92.084072
27600	飛禽	2	488448	92.084449
27601	飛離	2	488450	92.084826
27602	食品業	2	488452	92.085203
27603	食品衛生	2	488454	92.085580
27604	食宿	2	488456	92.085957
27605	食欲	2	488458	92.086334
27606	食欲不振	2	488460	92.086711
27607	食量	2	488462	92.087088
27608	食蟲植物	2	488464	92.087465
27609	首見	2	488466	92.087842
27610	首肯	2	488468	92.088219
27611	首推	2	488470	92.088596
27612	首場	2	488472	92.088973
27613	首富	2	488474	92.089350
27614	首善之區	2	488476	92.089727
27615	首獎	2	488478	92.090104
27616	首輪	2	488480	92.090481
27617	首辦	2	488482	92.090858
27618	香君	2	488484	92.091235
27619	香格里拉	2	488486	92.091612
27620	香脆	2	488488	92.091989
27621	香甜	2	488490	92.092366
27622	香港三部曲	2	488492	92.092743
27623	香菌	2	488494	92.093120
27624	乘坐性	2	488496	92.093497
27625	乘換驛的刑罰	2	488498	92.093874
27626	乘搭	2	488500	92.094251
27627	倍率	2	488502	92.094628
27628	倣效	2	488504	92.095005
27629	俯角	2	488506	92.095382
27630	俯拾	2	488508	92.095759
27631	俯望	2	488510	92.096136
27632	倦遊	2	488512	92.096513
27633	倦繡圖	2	488514	92.096890
27634	倖免於難	2	488516	92.097267
27635	借來	2	488518	92.097644
27636	借調	2	488520	92.098021
27637	倒心形	2	488522	92.098398
27638	倒吊籽	2	488524	92.098775
27639	倒車	2	488526	92.099152
27640	倒茶	2	488528	92.099529
27641	倡言	2	488530	92.099906
27642	個中翹楚	2	488532	92.100283
27643	個性化	2	488534	92.100660
27644	個體戶	2	488536	92.101037
27645	候診	2	488538	92.101414
27646	修好	2	488540	92.101791
27647	修身養性	2	488542	92.102168
27648	修車鋪	2	488544	92.102545
27649	修補	2	488546	92.102922
27650	修練	2	488548	92.103299
27651	修繕	2	488550	92.103676
27652	倪佩慶	2	488552	92.104053
27653	倪蓓蓓	2	488554	92.104430
27654	倫理道德	2	488556	92.104807
27655	倫敦塔	2	488558	92.105184
27656	倉卒	2	488560	92.105561
27657	倉廩	2	488562	92.105938
27658	兼任	2	488564	92.106315
27659	兼容	2	488566	92.106692
27660	兼賣	2	488568	92.107069
27661	兼聽	2	488570	92.107446
27662	冤魂	2	488572	92.107823
27663	冥間	2	488574	92.108200
27664	凌空	2	488576	92.108577
27665	凋蔽	2	488578	92.108954
27666	剖面	2	488580	92.109331
27667	剔透	2	488582	92.109708
27668	剛巧	2	488584	92.110085
27669	剛來	2	488586	92.110462
27670	剛到	2	488588	92.110839
27671	剛強	2	488590	92.111216
27672	剛硬	2	488592	92.111593
27673	剝光	2	488594	92.111970
27674	匪諜	2	488596	92.112347
27675	卿卿我我	2	488598	92.112724
27676	原子筆	2	488600	92.113101
27677	原子潛艇	2	488602	92.113478
27678	原木屋	2	488604	92.113855
27679	原由	2	488606	92.114232
27680	原色	2	488608	92.114609
27681	原作展	2	488610	92.114986
27682	原味	2	488612	92.115363
27683	原版	2	488614	92.115740
27684	原訂	2	488616	92.116117
27685	原教旨主義	2	488618	92.116494
27686	原液	2	488620	92.116871
27687	原處	2	488622	92.117248
27688	原創	2	488624	92.117625
27689	原創性	2	488626	92.118002
27690	原罪	2	488628	92.118379
27691	原調	2	488630	92.118756
27692	唐卡畫	2	488632	92.119133
27693	唐老鴨	2	488634	92.119510
27694	唐宋	2	488636	92.119887
27695	唐榮	2	488638	92.120264
27696	哥美拉島	2	488640	92.120641
27697	哥倫比亞大學	2	488642	92.121018
27698	哥國	2	488644	92.121395
27699	哲人	2	488646	92.121772
27700	哲士	2	488648	92.122149
27701	哺乳類動物	2	488650	92.122526
27702	哩程	2	488652	92.122903
27703	哭笑不得	2	488654	92.123280
27704	哭訴	2	488656	92.123657
27705	哭鬧	2	488658	92.124034
27706	哭聲	2	488660	92.124411
27707	員山鄉	2	488662	92.124788
27708	哮吼	2	488664	92.125165
27709	哪有	2	488666	92.125542
27710	哽咽	2	488668	92.125919
27711	埔里	2	488670	92.126296
27712	埔頭街	2	488672	92.126673
27713	埋入	2	488674	92.127050
27714	埋伏	2	488676	92.127427
27715	埋沒	2	488678	92.127804
27716	埋設	2	488680	92.128181
27717	埋葬	2	488682	92.128558
27718	夏小平	2	488684	92.128935
27719	夏令	2	488686	92.129312
27720	夏家店下層文化類型	2	488688	92.129689
27721	套色	2	488690	92.130066
27722	套裝	2	488692	92.130443
27723	娘惹	2	488694	92.130820
27724	娘惹菜	2	488696	92.131197
27725	姬百合	2	488698	92.131574
27726	孫大偉	2	488700	92.131951
27727	孫文主義學會	2	488702	92.132328
27728	孫瑜	2	488704	92.132705
27729	宰割	2	488706	92.133082
27730	害人害己	2	488708	92.133459
27731	家天下	2	488710	92.133836
27732	家世	2	488712	92.134213
27733	家和萬事興	2	488714	92.134590
27734	家法	2	488716	92.134967
27735	家庭倫理	2	488718	92.135344
27736	家庭教育	2	488720	92.135721
27737	家務事	2	488722	92.136098
27738	家族大集合	2	488724	92.136475
27739	家業	2	488726	92.136852
27740	家資	2	488728	92.137229
27741	宮人	2	488730	92.137606
27742	宮本武藏	2	488732	92.137983
27743	宮庭	2	488734	92.138360
27744	宮澤	2	488736	92.138737
27745	宮牆	2	488738	92.139114
27746	宵夜	2	488740	92.139491
27747	容納量	2	488742	92.139868
27748	容顏	2	488744	92.140245
27749	射日	2	488746	92.140622
27750	射出機	2	488748	92.140999
27751	射死	2	488750	92.141376
27752	射程	2	488752	92.141753
27753	展品	2	488754	92.142130
27754	展翅高飛	2	488756	92.142507
27755	展望會	2	488758	92.142884
27756	展業	2	488760	92.143261
27757	峴港	2	488762	92.143638
27758	差事	2	488764	92.144015
27759	差勁	2	488766	92.144392
27760	席地而坐	2	488768	92.144769
27761	師事	2	488770	92.145146
27762	師妹	2	488772	92.145523
27763	師徒	2	488774	92.145900
27764	師恩	2	488776	92.146277
27765	師範生	2	488778	92.146654
27766	師鐸獎	2	488780	92.147031
27767	庫頁島	2	488782	92.147408
27768	庫爾勒市	2	488784	92.147785
27769	庫爾瑪山	2	488786	92.148162
27770	座駕	2	488788	92.148539
27771	座艙	2	488790	92.148916
27772	弱小	2	488792	92.149293
27773	弱視	2	488794	92.149670
27774	徒手	2	488796	92.150047
27775	徒步區	2	488798	92.150424
27776	徒勞	2	488800	92.150801
27777	徐小波	2	488802	92.151178
27778	徐立功	2	488804	92.151555
27779	徐徐	2	488806	92.151932
27780	徐楓	2	488808	92.152309
27781	恥笑	2	488810	92.152686
27782	恥辱	2	488812	92.153063
27783	恐怖角	2	488814	92.153440
27784	恐荒症	2	488816	92.153817
27785	恐龍時代	2	488818	92.154194
27786	恭賀	2	488820	92.154571
27787	恩師	2	488822	92.154948
27788	恩情	2	488824	92.155325
27789	恩愛	2	488826	92.155702
27790	恩寵	2	488828	92.156079
27791	息事寧人	2	488830	92.156456
27792	悄悄地	2	488832	92.156833
27793	悟道	2	488834	92.157210
27794	悍將	2	488836	92.157587
27795	悍然	2	488838	92.157964
27796	悔恨	2	488840	92.158341
27797	悅目	2	488842	92.158718
27798	拳王	2	488844	92.159095
27799	拳腳	2	488846	92.159472
27800	振振有詞	2	488848	92.159849
27801	振衰起弊	2	488850	92.160226
27802	捕魚節	2	488852	92.160603
27803	捕鳥	2	488854	92.160980
27804	捕蠅草	2	488856	92.161357
27805	捂住	2	488858	92.161734
27806	捏造	2	488860	92.162111
27807	捏塑	2	488862	92.162488
27808	捉神弄鬼	2	488864	92.162865
27809	捉魚	2	488866	92.163242
27810	挺住	2	488868	92.163619
27811	挺身	2	488870	92.163996
27812	挺直	2	488872	92.164373
27813	挺胸	2	488874	92.164750
27814	捐書	2	488876	92.165127
27815	捐髓	2	488878	92.165504
27816	挪用	2	488880	92.165881
27817	挨打	2	488882	92.166258
27818	挨近	2	488884	92.166635
27819	挨家挨戶	2	488886	92.167012
27820	效尤	2	488888	92.167389
27821	效命	2	488890	92.167766
27822	料想	2	488892	92.168143
27823	旁門左道	2	488894	92.168520
27824	旁若無人	2	488896	92.168897
27825	旁聽	2	488898	92.169274
27826	旅行車型	2	488900	92.169651
27827	旅行商業同業公會	2	488902	92.170028
27828	旅行業	2	488904	92.170405
27829	旅行團	2	488906	92.170782
27830	旅行箱	2	488908	92.171159
27831	旅居	2	488910	92.171536
27832	旅遊車	2	488912	92.171913
27833	時序	2	488914	92.172290
27834	時空方程式	2	488916	92.172667
27835	時空急轉彎	2	488918	92.173044
27836	時針	2	488920	92.173421
27837	時報系列廣告獎	2	488922	92.173798
27838	時報亞太廣告獎	2	488924	92.174175
27839	時報鷹	2	488926	92.174552
27840	時潮	2	488928	92.174929
27841	晉見	2	488930	92.175306
27842	晉封	2	488932	92.175683
27843	晃盪	2	488934	92.176060
27844	晒黑	2	488936	92.176437
27845	書目	2	488938	92.176814
27846	書狀官	2	488940	92.177191
27847	書城	2	488942	92.177568
27848	書面語	2	488944	92.177945
27849	書頁	2	488946	92.178322
27850	書商	2	488948	92.178699
27851	書堆	2	488950	92.179076
27852	書聲	2	488952	92.179453
27853	校正	2	488954	92.179830
27854	校警	2	488956	92.180207
27855	校護	2	488958	92.180584
27856	核保	2	488960	92.180961
27857	核派	2	488962	92.181338
27858	核桃木	2	488964	92.181715
27859	核彈	2	488966	92.182092
27860	核閱	2	488968	92.182469
27861	案主	2	488970	92.182846
27862	案頭	2	488972	92.183223
27863	框格	2	488974	92.183600
27864	桓帝	2	488976	92.183977
27865	根性	2	488978	92.184354
27866	根植	2	488980	92.184731
27867	根據地	2	488982	92.185108
27868	梳子	2	488984	92.185485
27869	梳妝樓	2	488986	92.185862
27870	桌布	2	488988	92.186239
27871	桌高	2	488990	92.186616
27872	桑尼派	2	488992	92.186993
27873	栽植	2	488994	92.187370
27874	栽進	2	488996	92.187747
27875	柴火	2	488998	92.188124
27876	桀驁不训	2	489000	92.188501
27877	格拉納達	2	489002	92.188878
27878	格瑞納達	2	489004	92.189255
27879	桃仔園	2	489006	92.189632
27880	桃仔園廳	2	489008	92.190009
27881	桃花眼	2	489010	92.190386
27882	桃紅	2	489012	92.190763
27883	桃園市	2	489014	92.191140
27884	桃源	2	489016	92.191517
27885	殊異	2	489018	92.191894
27886	殷正洋	2	489020	92.192271
27887	殷望	2	489022	92.192648
27888	氣色	2	489024	92.193025
27889	氣血	2	489026	92.193402
27890	氣泡	2	489028	92.193779
27891	氣泡式噴墨印表機	2	489030	92.194156
27892	氣泡網	2	489032	92.194533
27893	氣急	2	489034	92.194910
27894	氣喘吁吁	2	489036	92.195287
27895	氣喘病	2	489038	92.195664
27896	氣象預報	2	489040	92.196041
27897	氣勢磅礴	2	489042	92.196418
27898	氣話	2	489044	92.196795
27899	氣餒	2	489046	92.197172
27900	氤氳	2	489048	92.197549
27901	泰一	2	489050	92.197926
27902	泰斗	2	489052	92.198303
27903	泰北	2	489054	92.198680
27904	泰國芭樂	2	489056	92.199057
27905	泰然處之	2	489058	92.199434
27906	浪子	2	489060	92.199811
27907	浪頭	2	489062	92.200188
27908	消化不良	2	489064	92.200565
27909	消化系統	2	489066	92.200942
27910	消化性潰瘍	2	489068	92.201319
27911	消化管	2	489070	92.201696
27912	消防大隊	2	489072	92.202073
27913	消防員	2	489074	92.202450
27914	消氣	2	489076	92.202827
27915	消費額	2	489078	92.203204
27916	消腫	2	489080	92.203581
27917	消褪	2	489082	92.203958
27918	消聲匿跡	2	489084	92.204335
27919	浸染	2	489086	92.204712
27920	浸漬	2	489088	92.205089
27921	浸濕	2	489090	92.205466
27922	海內	2	489092	92.205843
27923	海水量	2	489094	92.206220
27924	海克土耳	2	489096	92.206597
27925	海和尚	2	489098	92.206974
27926	海門	2	489100	92.207351
27927	海南島	2	489102	92.207728
27928	海洋大學	2	489104	92.208105
27929	海洋放流管	2	489106	92.208482
27930	海流	2	489108	92.208859
27931	海苔	2	489110	92.209236
27932	海軍陸戰隊	2	489112	92.209613
27933	海狸	2	489114	92.209990
27934	海神	2	489116	92.210367
27935	海曼‧李科弗	2	489118	92.210744
27936	海寇	2	489120	92.211121
27937	海帶	2	489122	92.211498
27938	海產	2	489124	92.211875
27939	海祭	2	489126	92.212252
27940	海船	2	489128	92.212629
27941	海陸	2	489130	92.213006
27942	海盜節	2	489132	92.213383
27943	海爾哈特利	2	489134	92.213760
27944	海綿狀	2	489136	92.214137
27945	海德	2	489138	92.214514
27946	海龜	2	489140	92.214891
27947	海濤	2	489142	92.215268
27948	海獺	2	489144	92.215645
27949	海難	2	489146	92.216022
27950	涉水	2	489148	92.216399
27951	浮玉岩	2	489150	92.216776
27952	浮屍	2	489152	92.217153
27953	浮草	2	489154	92.217530
27954	浮起	2	489156	92.217907
27955	浮華	2	489158	92.218284
27956	浮顯	2	489160	92.218661
27957	浴火	2	489162	92.219038
27958	浴池	2	489164	92.219415
27959	浴袍	2	489166	92.219792
27960	浴場	2	489168	92.220169
27961	烤地瓜	2	489170	92.220546
27962	烤漆	2	489172	92.220923
27963	烤鴨	2	489174	92.221300
27964	烈火	2	489176	92.221677
27965	烈陽	2	489178	92.222054
27966	烏石鼻	2	489180	92.222431
27967	烏利	2	489182	92.222808
27968	烏豆	2	489184	92.223185
27969	烏特那匹修提姆	2	489186	92.223562
27970	烏紗	2	489188	92.223939
27971	烏骨雞	2	489190	92.224316
27972	烏魚	2	489192	92.224693
27973	烏帽子山	2	489194	92.225070
27974	烏雲密佈	2	489196	92.225447
27975	烏賊	2	489198	92.225824
27976	烏賊車	2	489200	92.226201
27977	烏爾吉沐淪河	2	489202	92.226578
27978	特大	2	489204	92.226955
27979	特化	2	489206	92.227332
27980	特別扣除額	2	489208	92.227709
27981	特別來賓	2	489210	92.228086
27982	特別股	2	489212	92.228463
27983	特使	2	489214	92.228840
27984	特勒馬卡斯	2	489216	92.229217
27985	特教班	2	489218	92.229594
27986	特異功能	2	489220	92.229971
27987	特異功能猩求人	2	489222	92.230348
27988	特莉絲塔娜	2	489224	92.230725
27989	特許	2	489226	92.231102
27990	特惠專案	2	489228	92.231479
27991	特優獎	2	489230	92.231856
27992	特羅吉爾	2	489232	92.232233
27993	狼吞虎嚥	2	489234	92.232610
27994	狹幅	2	489236	92.232987
27995	班固	2	489238	92.233364
27996	班婕妤	2	489240	92.233741
27997	琉璃瓦	2	489242	92.234118
27998	珠心算	2	489244	92.234495
27999	珠寶商	2	489246	92.234872
28000	留日	2	489248	92.235249
28001	留尼旺島	2	489250	92.235626
28002	留佇點	2	489252	92.236003
28003	留英	2	489254	92.236380
28004	留神	2	489256	92.236757
28005	留話	2	489258	92.237134
28006	留聲戲院	2	489260	92.237511
28007	留職停薪	2	489262	92.237888
28008	留戀	2	489264	92.238265
28009	疾馳	2	489266	92.238642
28010	病史卡	2	489268	92.239019
28011	病灶	2	489270	92.239396
28012	病況	2	489272	92.239773
28013	病毒性	2	489274	92.240150
28014	病根	2	489276	92.240527
28015	病理科	2	489278	92.240904
28016	病體	2	489280	92.241281
28017	症頭	2	489282	92.241658
28018	益友	2	489284	92.242035
28019	益氣	2	489286	92.242412
28020	益都	2	489288	92.242789
28021	眩目	2	489290	92.243166
28022	真心話	2	489292	92.243543
28023	真功夫	2	489294	92.243920
28024	真名	2	489296	92.244297
28025	真好玩	2	489298	92.244674
28026	真行	2	489300	92.245051
28027	真花	2	489302	92.245428
28028	真面貌	2	489304	92.245805
28029	真假	2	489306	92.246182
28030	真章	2	489308	92.246559
28031	真棒	2	489310	92.246936
28032	真菌	2	489312	92.247313
28033	真會	2	489314	92.247690
28034	真跡	2	489316	92.248067
28035	真實感	2	489318	92.248444
28036	破天荒	2	489320	92.248821
28037	破布	2	489322	92.249198
28038	破案	2	489324	92.249575
28039	破落	2	489326	92.249952
28040	破綻	2	489328	92.250329
28041	砲火	2	489330	92.250706
28042	祕書處	2	489332	92.251083
28043	祕笈	2	489334	92.251460
28044	祖母級	2	489336	92.251837
28045	祖師	2	489338	92.252214
28046	祖傳	2	489340	92.252591
28047	祖墳	2	489342	92.252968
28048	神山	2	489344	92.253345
28049	神父	2	489346	92.253722
28050	神州	2	489348	92.254099
28051	神佛	2	489350	92.254476
28052	神奇帽	2	489352	92.254853
28053	神怪	2	489354	92.255230
28054	神采	2	489356	92.255607
28055	神采奕奕	2	489358	92.255984
28056	神射手	2	489360	92.256361
28057	神祕性	2	489362	92.256738
28058	神祕感	2	489364	92.257115
28059	神通	2	489366	92.257492
28060	神經中樞	2	489368	92.257869
28061	神經兮兮	2	489370	92.258246
28062	神經根	2	489372	92.258623
28063	神經衰弱	2	489374	92.259000
28064	神經纖維	2	489376	92.259377
28065	神農本草經	2	489378	92.259754
28066	神算	2	489380	92.260131
28067	神燈	2	489382	92.260508
28068	秧雞	2	489384	92.260885
28069	租約	2	489386	92.261262
28070	租庸調	2	489388	92.261639
28071	租庸調制	2	489390	92.262016
28072	秦少游	2	489392	92.262393
28073	秦祥林	2	489394	92.262770
28074	秘密花園	2	489396	92.263147
28075	窄門	2	489398	92.263524
28076	站長	2	489400	92.263901
28077	站崗	2	489402	92.264278
28078	笑呵呵	2	489404	92.264655
28079	笑料	2	489406	92.265032
28080	笑靨	2	489408	92.265409
28081	粉片	2	489410	92.265786
28082	粉末	2	489412	92.266163
28083	粉彩	2	489414	92.266540
28084	紡拓會	2	489416	92.266917
28085	紡織股	2	489418	92.267294
28086	紋白蝶	2	489420	92.267671
28087	紋風不動	2	489422	92.268048
28088	紋路	2	489424	92.268425
28089	索然	2	489426	92.268802
28090	索餌	2	489428	92.269179
28091	索賠	2	489430	92.269556
28092	索羅門	2	489432	92.269933
28093	純水	2	489434	92.270310
28094	純水機	2	489436	92.270687
28095	純利潤	2	489438	92.271064
28096	純然	2	489440	92.271441
28097	紐約人	2	489442	92.271818
28098	紐奧良	2	489444	92.272195
28099	紐澳	2	489446	92.272572
28100	級次	2	489448	92.272949
28101	級距	2	489450	92.273326
28102	級數	2	489452	92.273703
28103	紙娃娃	2	489454	92.274080
28104	紙帶	2	489456	92.274457
28105	紙盒	2	489458	92.274834
28106	紙袋	2	489460	92.275211
28107	紙傘	2	489462	92.275588
28108	紙牌	2	489464	92.275965
28109	紙筆	2	489466	92.276342
28110	紙業	2	489468	92.276719
28111	紙塵	2	489470	92.277096
28112	紙鳶	2	489472	92.277473
28113	紙質	2	489474	92.277850
28114	紙醉金迷	2	489476	92.278227
28115	紙雕花	2	489478	92.278604
28116	紛至沓來	2	489480	92.278981
28117	紛歧	2	489482	92.279358
28118	缺欠	2	489484	92.279735
28119	耗掉	2	489486	92.280112
28120	耗損	2	489488	92.280489
28121	耿耿於懷	2	489490	92.280866
28122	脂蛋白	2	489492	92.281243
28123	胰島	2	489494	92.281620
28124	胰島素依賴型	2	489496	92.281997
28125	胭脂扣	2	489498	92.282374
28126	胸罩	2	489500	92.282751
28127	胸腹	2	489502	92.283128
28128	胸模	2	489504	92.283505
28129	胸襟	2	489506	92.283882
28130	能力分班	2	489508	92.284259
28131	能指詞	2	489510	92.284636
28132	能源危機	2	489512	92.285013
28133	能源管理系統	2	489514	92.285390
28134	能資所	2	489516	92.285767
28135	脊椎動物	2	489518	92.286144
28136	臭氧	2	489520	92.286521
28137	航次	2	489522	92.286898
28138	航空信	2	489524	92.287275
28139	航空業	2	489526	92.287652
28140	航約	2	489528	92.288029
28141	航發中心	2	489530	92.288406
28142	航機	2	489532	92.288783
28143	荒旱	2	489534	92.289160
28144	荒蕪	2	489536	92.289537
28145	草食	2	489538	92.289914
28146	草原的盛夏	2	489540	92.290291
28147	草草	2	489542	92.290668
28148	草莓斑痣	2	489544	92.291045
28149	草帽	2	489546	92.291422
28150	草圖	2	489548	92.291799
28151	草嶺	2	489550	92.292176
28152	草簽	2	489552	92.292553
28153	茲事體大	2	489554	92.292930
28154	茹毛飲血	2	489556	92.293307
28155	茶山	2	489558	92.293684
28156	茶色	2	489560	92.294061
28157	茶具	2	489562	92.294438
28158	茶匙	2	489564	92.294815
28159	茶葉罐	2	489566	92.295192
28160	荀子	2	489568	92.295569
28161	茱麗葉	2	489570	92.295946
28162	蚊香	2	489572	92.296323
28163	蚊蟲	2	489574	92.296700
28164	衰減	2	489576	92.297077
28165	袁拱	2	489578	92.297454
28166	記過	2	489580	92.297831
28167	討生活	2	489582	92.298208
28168	討喜	2	489584	92.298585
28169	討債	2	489586	92.298962
28170	討論會	2	489588	92.299339
28171	訕訕	2	489590	92.299716
28172	訓育	2	489592	92.300093
28173	訓話	2	489594	92.300470
28174	訓誨	2	489596	92.300847
28175	豈不	2	489598	92.301224
28176	財長	2	489600	92.301601
28177	財產權	2	489602	92.301978
28178	財經法案	2	489604	92.302355
28179	貢物	2	489606	92.302732
28180	起士	2	489608	92.303109
28181	起因	2	489610	92.303486
28182	起承轉合	2	489612	92.303863
28183	起重機	2	489614	92.304240
28184	起草人	2	489616	92.304617
28185	起程	2	489618	92.304994
28186	起鬨	2	489620	92.305371
28187	軒然大波	2	489622	92.305748
28188	辱沒	2	489624	92.306125
28189	辱罵	2	489626	92.306502
28190	送去	2	489628	92.306879
28191	送行	2	489630	92.307256
28192	送命	2	489632	92.307633
28193	送抵	2	489634	92.308010
28194	送暖	2	489636	92.308387
28195	送審	2	489638	92.308764
28196	送錢	2	489640	92.309141
28197	送還	2	489642	92.309518
28198	送警	2	489644	92.309895
28199	逆向	2	489646	92.310272
28200	迷情殺機	2	489648	92.310649
28201	迷團	2	489650	92.311026
28202	迷濛	2	489652	92.311403
28203	退伍軍人	2	489654	92.311780
28204	退守	2	489656	92.312157
28205	退役	2	489658	92.312534
28206	退後	2	489660	92.312911
28207	退掉	2	489662	92.313288
28208	退票	2	489664	92.313665
28209	退貨	2	489666	92.314042
28210	退避三舍	2	489668	92.314419
28211	退還	2	489670	92.314796
28212	退離	2	489672	92.315173
28213	退黨	2	489674	92.315550
28214	迴光返照	2	489676	92.315927
28215	迴紋針	2	489678	92.316304
28216	迴旋	2	489680	92.316681
28217	迴盪	2	489682	92.317058
28218	逃回	2	489684	92.317435
28219	逃荒	2	489686	92.317812
28220	逃稅	2	489688	92.318189
28221	逃跑	2	489690	92.318566
28222	追出	2	489692	92.318943
28223	追討	2	489694	92.319320
28224	追殺令	2	489696	92.319697
28225	追夢者	2	489698	92.320074
28226	追認	2	489700	92.320451
28227	追緝	2	489702	92.320828
28228	追贈	2	489704	92.321205
28229	迸出	2	489706	92.321582
28230	郡城	2	489708	92.321959
28231	郝思嘉	2	489710	92.322336
28232	酒井法子	2	489712	92.322713
28233	酒味	2	489714	92.323090
28234	酒杯	2	489716	92.323467
28235	酒家	2	489718	92.323844
28236	酒樓	2	489720	92.324221
28237	酒醉	2	489722	92.324598
28238	酒癮	2	489724	92.324975
28239	配重	2	489726	92.325352
28240	配息	2	489728	92.325729
28241	配料	2	489730	92.326106
28242	配售	2	489732	92.326483
28243	配帶	2	489734	92.326860
28244	配票	2	489736	92.327237
28245	配搭	2	489738	92.327614
28246	配線	2	489740	92.327991
28247	酌量	2	489742	92.328368
28248	針葉樹	2	489744	92.328745
28249	針管	2	489746	92.329122
28250	針線	2	489748	92.329499
28251	針鋒相對	2	489750	92.329876
28252	針點式	2	489752	92.330253
28253	閃閃發光	2	489754	92.330630
28254	閃族	2	489756	92.331007
28255	院方	2	489758	92.331384
28256	院童	2	489760	92.331761
28257	陣仗	2	489762	92.332138
28258	陡斜	2	489764	92.332515
28259	陝西省	2	489766	92.332892
28260	除歲	2	489768	92.333269
28261	除數	2	489770	92.333646
28262	除濕機	2	489772	92.334023
28263	除舊佈新	2	489774	92.334400
28264	除霧	2	489776	92.334777
28265	馬丁	2	489778	92.335154
28266	馬口鐵	2	489780	92.335531
28267	馬不停蹄	2	489782	92.335908
28268	馬尾神經	2	489784	92.336285
28269	馬卻洛馬斯楚安尼	2	489786	92.336662
28270	馬勒	2	489788	92.337039
28271	馬國	2	489790	92.337416
28272	馬戛爾尼使華	2	489792	92.337793
28273	馬殺雞	2	489794	92.338170
28274	馬術	2	489796	92.338547
28275	馬廄	2	489798	92.338924
28276	馬斯垂克條約	2	489800	92.339301
28277	馬雅文字	2	489802	92.339678
28278	馬爾地夫群島	2	489804	92.340055
28279	馬爾坎	2	489806	92.340432
28280	馬爾提列	2	489808	92.340809
28281	馬槽橋	2	489810	92.341186
28282	馬醉木	2	489812	92.341563
28283	馬鞍	2	489814	92.341940
28284	馬賽克	2	489816	92.342317
28285	骨血	2	489818	92.342694
28286	骨幹	2	489820	92.343071
28287	骨關節炎	2	489822	92.343448
28288	骨髓液	2	489824	92.343825
28289	骨髓移植	2	489826	92.344202
28290	高䠷	2	489828	92.344579
28291	高一	2	489830	92.344956
28292	高山茶	2	489832	92.345333
28293	高山蝶	2	489834	92.345710
28294	高才生	2	489836	92.346087
28295	高中聯考	2	489838	92.346464
28296	高中職	2	489840	92.346841
28297	高分子	2	489842	92.347218
28298	高孔廉	2	489844	92.347595
28299	高叫	2	489846	92.347972
28300	高利率	2	489848	92.348349
28301	高壯	2	489850	92.348726
28302	高材生	2	489852	92.349103
28303	高呼	2	489854	92.349480
28304	高招	2	489856	92.349857
28305	高品味	2	489858	92.350234
28306	高屏	2	489860	92.350611
28307	高屏溪	2	489862	92.350988
28308	高度表	2	489864	92.351365
28309	高度差	2	489866	92.351742
28310	高科技引擎	2	489868	92.352119
28311	高倉健	2	489870	92.352496
28312	高峰期	2	489872	92.352873
28313	高校	2	489874	92.353250
28314	高格調	2	489876	92.353627
28315	高海拔	2	489878	92.354004
28316	高級中學	2	489880	92.354381
28317	高級化	2	489882	92.354758
28318	高級車	2	489884	92.355135
28319	高脂血症	2	489886	92.355512
28320	高能物理研究中心	2	489888	92.355889
28321	高院	2	489890	92.356266
28322	高張	2	489892	92.356643
28323	高掛	2	489894	92.357020
28324	高教	2	489896	92.357397
28325	高梁	2	489898	92.357774
28326	高桿	2	489900	92.358151
28327	高速道路	2	489902	92.358528
28328	高單價	2	489904	92.358905
28329	高智慧動物	2	489906	92.359282
28330	高植澎	2	489908	92.359659
28331	高滋養	2	489910	92.360036
28332	高畫質電視	2	489912	92.360413
28333	高等教育司	2	489914	92.360790
28334	高階層	2	489916	92.361167
28335	高雄港	2	489918	92.361544
28336	高雄醫學院	2	489920	92.361921
28337	高塔	2	489922	92.362298
28338	高溫期	2	489924	92.362675
28339	高爾夫球賽	2	489926	92.363052
28340	高爾夫球證	2	489928	92.363429
28341	高遠	2	489930	92.363806
28342	高標準	2	489932	92.364183
28343	高潔	2	489934	92.364560
28344	高熱量	2	489936	92.364937
28345	高瘦	2	489938	92.365314
28346	高談闊論	2	489940	92.365691
28347	高學歷	2	489942	92.366068
28348	高聳入雲	2	489944	92.366445
28349	高瞻遠矚	2	489946	92.366822
28350	鬥士	2	489948	92.367199
28351	鬥牛士	2	489950	92.367576
28352	鬥嘴	2	489952	92.367953
28353	鬥雞眼	2	489954	92.368330
28354	鬼片	2	489956	92.368707
28355	鬼地方	2	489958	92.369084
28356	鬼斧神工	2	489960	92.369461
28357	鬼物	2	489962	92.369838
28358	鬼門關	2	489964	92.370215
28359	鬼話	2	489966	92.370592
28360	鬼魂	2	489968	92.370969
28361	乾女兒	2	489970	92.371346
28362	乾枯	2	489972	92.371723
28363	乾草	2	489974	92.372100
28364	乾隆帝	2	489976	92.372477
28365	乾製品	2	489978	92.372854
28366	乾燥劑	2	489980	92.373231
28367	乾縮	2	489982	92.373608
28368	乾糧	2	489984	92.373985
28369	乾癟	2	489986	92.374362
28370	偽雄魚	2	489988	92.374739
28371	停損點	2	489990	92.375116
28372	停經	2	489992	92.375493
28373	停演	2	489994	92.375870
28374	停靠	2	489996	92.376247
28375	假日書市	2	489998	92.376624
28376	假以時日	2	490000	92.377001
28377	假扮	2	490002	92.377378
28378	假定	2	490004	92.377755
28379	假性	2	490006	92.378132
28380	假花	2	490008	92.378509
28381	假冒	2	490010	92.378886
28382	假想	2	490012	92.379263
28383	假說	2	490014	92.379640
28384	假戲真做	2	490016	92.380017
28385	做人處事	2	490018	92.380394
28386	做票	2	490020	92.380771
28387	做飯	2	490022	92.381148
28388	做錯	2	490024	92.381525
28389	做戲	2	490026	92.381902
28390	做聲	2	490028	92.382279
28391	偉洋	2	490030	92.382656
28392	健力	2	490032	92.383033
28393	健康步道	2	490034	92.383410
28394	健康食品	2	490036	92.383787
28395	健康險	2	490038	92.384164
28396	偶有	2	490040	92.384541
28397	偶得	2	490042	92.384918
28398	偶遇	2	490044	92.385295
28399	偵查	2	490046	92.385672
28400	偵探營	2	490048	92.386049
28401	側臥	2	490050	92.386426
28402	側重	2	490052	92.386803
28403	側傾	2	490054	92.387180
28404	偷走	2	490056	92.387557
28405	偷時	2	490058	92.387934
28406	偷盜	2	490060	92.388311
28407	偷雞不著蝕把米	2	490062	92.388688
28408	偏心	2	490064	92.389065
28409	偏角	2	490066	92.389442
28410	偏空	2	490068	92.389819
28411	偏狹	2	490070	92.390196
28412	偏廢	2	490072	92.390573
28413	兜風	2	490074	92.390950
28414	兜售	2	490076	92.391327
28415	剪短	2	490078	92.391704
28416	副所長	2	490080	92.392081
28417	副梁	2	490082	92.392458
28418	副部長	2	490084	92.392835
28419	副會長	2	490086	92.393212
28420	副業	2	490088	92.393589
28421	副總理	2	490090	92.393966
28422	副廳長	2	490092	92.394343
28423	勒死	2	490094	92.394720
28424	勒戒	2	490096	92.395097
28425	勒門	2	490098	92.395474
28426	勒斯	2	490100	92.395851
28427	動口	2	490102	92.396228
28428	動心	2	490104	92.396605
28429	動手腳	2	490106	92.396982
28430	動怒	2	490108	92.397359
28431	動脈硬化	2	490110	92.397736
28432	動詞	2	490112	92.398113
28433	動態隨機存取記憶體	2	490114	92.398490
28434	動遷戶	2	490116	92.398867
28435	參半	2	490118	92.399244
28436	參孫	2	490120	92.399621
28437	參院	2	490122	92.399998
28438	參與感	2	490124	92.400375
28439	參謀	2	490126	92.400752
28440	參謀長	2	490128	92.401129
28441	參禪	2	490130	92.401506
28442	參贊	2	490132	92.401883
28443	參議院	2	490134	92.402260
28444	曼哈頓區	2	490136	92.402637
28445	商代	2	490138	92.403014
28446	商用	2	490140	92.403391
28447	商行	2	490142	92.403768
28448	商事	2	490144	92.404145
28449	商品房	2	490146	92.404522
28450	商業中心	2	490148	92.404899
28451	商業性	2	490150	92.405276
28452	商業週刊	2	490152	92.405653
28453	商業電臺	2	490154	92.406030
28454	商臺	2	490156	92.406407
28455	商學院	2	490158	92.406784
28456	商譽	2	490160	92.407161
28457	啄食	2	490162	92.407538
28458	啞然失笑	2	490164	92.407915
28459	啞鈴	2	490166	92.408292
28460	唱名	2	490168	92.408669
28461	唱戲	2	490170	92.409046
28462	問市	2	490172	92.409423
28463	問答	2	490174	92.409800
28464	唯妙唯肖	2	490176	92.410177
28465	唯唯諾諾	2	490178	92.410554
28466	啤酒桶	2	490180	92.410931
28467	唸經	2	490182	92.411308
28468	售屋	2	490184	92.411685
28469	售後	2	490186	92.412062
28470	啜泣	2	490188	92.412439
28471	啜食	2	490190	92.412816
28472	圈子	2	490192	92.413193
28473	圈狀	2	490194	92.413570
28474	圈選	2	490196	92.413947
28475	國三	2	490198	92.414324
28476	國大臨會	2	490200	92.414701
28477	國大黨團	2	490202	92.415078
28478	國子監	2	490204	92.415455
28479	國中小學	2	490206	92.415832
28480	國文課	2	490208	92.416209
28481	國父誕辰	2	490210	92.416586
28482	國民中小學校	2	490212	92.416963
28483	國民中學	2	490214	92.417340
28484	國民外交	2	490216	92.417717
28485	國民生產總值	2	490218	92.418094
28486	國民年金	2	490220	92.418471
28487	國民政府	2	490222	92.418848
28488	國民黨十四全大會	2	490224	92.419225
28489	國永超	2	490226	92.419602
28490	國共	2	490228	92.419979
28491	國安法	2	490230	92.420356
28492	國安會局	2	490232	92.420733
28493	國協	2	490234	92.421110
28494	國城盃	2	490236	92.421487
28495	國建計畫	2	490238	92.421864
28496	國家安全會議	2	490240	92.422241
28497	國家的誕生	2	490242	92.422618
28498	國家戲劇院	2	490244	92.422995
28499	國泰	2	490246	92.423372
28500	國泰民安	2	490248	92.423749
28501	國泰信託	2	490250	92.424126
28502	國泰航空公司	2	490252	92.424503
28503	國泰醫院	2	490254	92.424880
28504	國產片	2	490256	92.425257
28505	國產品	2	490258	92.425634
28506	國稅局	2	490260	92.426011
28507	國策	2	490262	92.426388
28508	國策顧問	2	490264	92.426765
28509	國華人壽	2	490266	92.427142
28510	國號	2	490268	92.427519
28511	國語文賽	2	490270	92.427896
28512	國語電子辭典	2	490272	92.428273
28513	國際法	2	490274	92.428650
28514	國際航線	2	490276	92.429027
28515	國際經濟	2	490278	92.429404
28516	堆疊	2	490280	92.429781
28517	基因轉殖瘧蚊	2	490282	92.430158
28518	基辛格	2	490284	92.430535
28519	基空人	2	490286	92.430912
28520	基座	2	490288	92.431289
28521	基隆路	2	490290	92.431666
28522	基業	2	490292	92.432043
28523	基調	2	490294	92.432420
28524	基礎科學	2	490296	92.432797
28525	堂而皇之	2	490298	92.433174
28526	堂妹	2	490300	92.433551
28527	堂屋	2	490302	92.433928
28528	堂堂	2	490304	92.434305
28529	堵住	2	490306	92.434682
28530	執刑	2	490308	92.435059
28531	執行者	2	490310	92.435436
28532	夠大	2	490312	92.435813
28533	夠用	2	490314	92.436190
28534	娶妻	2	490316	92.436567
28535	婉君表妹	2	490318	92.436944
28536	婉惜	2	490320	92.437321
28537	婢妾	2	490322	92.437698
28538	婚姻終結者	2	490324	92.438075
28539	婚宴	2	490326	92.438452
28540	婚喪喜慶	2	490328	92.438829
28541	婚嫁	2	490330	92.439206
28542	婚照	2	490332	92.439583
28543	婚筵	2	490334	92.439960
28544	孰料	2	490336	92.440337
28545	寄件人	2	490338	92.440714
28546	寄住	2	490340	92.441091
28547	寄居蟹	2	490342	92.441468
28548	寄發	2	490344	92.441845
28549	寂意菩薩	2	490346	92.442222
28550	宿敵	2	490348	92.442599
28551	宿霧	2	490350	92.442976
28552	密不通風	2	490352	92.443353
28553	密布	2	490354	92.443730
28554	密州	2	490356	92.444107
28555	密西西比	2	490358	92.444484
28556	密商	2	490360	92.444861
28557	密閉	2	490362	92.445238
28558	密聚	2	490364	92.445615
28559	密談	2	490366	92.445992
28560	專才	2	490368	92.446369
28561	專心致志	2	490370	92.446746
28562	專戶	2	490372	92.447123
28563	專用道	2	490374	92.447500
28564	專用鞋	2	490376	92.447877
28565	專有	2	490378	92.448254
28566	專有名詞	2	490380	92.448631
28567	專門店	2	490382	92.449008
28568	專政	2	490384	92.449385
28569	專科生	2	490386	92.449762
28570	專美於前	2	490388	92.450139
28571	專家學者	2	490390	92.450516
28572	專案小組	2	490392	92.450893
28573	專情	2	490394	92.451270
28574	專設	2	490396	92.451647
28575	專業人士	2	490398	92.452024
28576	專業性	2	490400	92.452401
28577	專業經理人	2	490402	92.452778
28578	專業職	2	490404	92.453155
28579	專號	2	490406	92.453532
28580	專論	2	490408	92.453909
28581	專營	2	490410	92.454286
28582	將於	2	490412	92.454663
28583	崇政殿	2	490414	92.455040
28584	崇敬	2	490416	92.455417
28585	崎嶇難行	2	490418	92.455794
28586	崖壁	2	490420	92.456171
28587	崢嶸	2	490422	92.456548
28588	崑山	2	490424	92.456925
28589	崑曲	2	490426	92.457302
28590	崑崙山	2	490428	92.457679
28591	崩裂	2	490430	92.458056
28592	崩壞	2	490432	92.458433
28593	崔小萍	2	490434	92.458810
28594	崔維諾	2	490436	92.459187
28595	崗哨	2	490438	92.459564
28596	巢箱	2	490440	92.459941
28597	常去	2	490442	92.460318
28598	常年	2	490444	92.460695
28599	常事	2	490446	92.461072
28600	常軌	2	490448	92.461449
28601	常務理事	2	490450	92.461826
28602	常道	2	490452	92.462203
28603	常態分班	2	490454	92.462580
28604	常駐	2	490456	92.462957
28605	帶人	2	490458	92.463334
28606	帶出	2	490460	92.463711
28607	帶走	2	490462	92.464088
28608	帶往	2	490464	92.464465
28609	帶狀疱疹	2	490466	92.464842
28610	帶勁	2	490468	92.465219
28611	帶團	2	490470	92.465596
28612	帶錢	2	490472	92.465973
28613	帳房	2	490474	92.466350
28614	帳務	2	490476	92.466727
28615	帳棚	2	490478	92.467104
28616	帳簿	2	490480	92.467481
28617	帷幕	2	490482	92.467858
28618	康有為	2	490484	92.468235
28619	康特	2	490486	92.468612
28620	康益義	2	490488	92.468989
28621	康莊大道	2	490490	92.469366
28622	康熙皇帝	2	490492	92.469743
28623	康澤	2	490494	92.470120
28624	康麗餐具	2	490496	92.470497
28625	張三豐	2	490498	92.470874
28626	張小燕	2	490500	92.471251
28627	張文霞	2	490502	92.471628
28628	張石川	2	490504	92.472005
28629	張立華	2	490506	92.472382
28630	張艾嘉	2	490508	92.472759
28631	張君培	2	490510	92.473136
28632	張廷玉	2	490512	92.473513
28633	張信行	2	490514	92.473890
28634	張建榮	2	490516	92.474267
28635	張茂雄	2	490518	92.474644
28636	張國安	2	490520	92.475021
28637	張望	2	490522	92.475398
28638	張隆盛	2	490524	92.475775
28639	張徹	2	490526	92.476152
28640	張學良	2	490528	92.476529
28641	張豐緒	2	490530	92.476906
28642	張羅	2	490532	92.477283
28643	張藝謀	2	490534	92.477660
28644	張騫	2	490536	92.478037
28645	強力膠	2	490538	92.478414
28646	強心劑	2	490540	92.478791
28647	強忍	2	490542	92.479168
28648	強求	2	490544	92.479545
28649	強制	2	490546	92.479922
28650	強制性	2	490548	92.480299
28651	強制派	2	490550	92.480676
28652	強姦	2	490552	92.481053
28653	強納森達米	2	490554	92.481430
28654	強健	2	490556	92.481807
28655	強棒出擊	2	490558	92.482184
28656	強碩	2	490560	92.482561
28657	彩棚	2	490562	92.482938
28658	彩霞	2	490564	92.483315
28659	得宜	2	490566	92.483692
28660	得病	2	490568	92.484069
28661	得悉	2	490570	92.484446
28662	得意門生	2	490572	92.484823
28663	得意洋洋	2	490574	92.485200
28664	得標	2	490576	92.485577
28665	得獎人	2	490578	92.485954
28666	從一而終	2	490580	92.486331
28667	從心所欲	2	490582	92.486708
28668	從善如流	2	490584	92.487085
28669	從影	2	490586	92.487462
28670	御用	2	490588	92.487839
28671	御筆	2	490590	92.488216
28672	御樂	2	490592	92.488593
28673	悉數	2	490594	92.488970
28674	悽慘	2	490596	92.489347
28675	情人湖	2	490598	92.489724
28676	情未了	2	490600	92.490101
28677	情有可原	2	490602	92.490478
28678	情何以堪	2	490604	92.490855
28679	情急之下	2	490606	92.491232
28680	情面	2	490608	92.491609
28681	情根	2	490610	92.491986
28682	情理	2	490612	92.492363
28683	悵然	2	490614	92.492740
28684	惆悵	2	490616	92.493117
28685	惟一	2	490618	92.493494
28686	戚繼光	2	490620	92.493871
28687	掠影	2	490622	92.494248
28688	控制鈕	2	490624	92.494625
28689	捲進	2	490626	92.495002
28690	捲髮	2	490628	92.495379
28691	探身	2	490630	92.495756
28692	探祕	2	490632	92.496133
28693	探詢	2	490634	92.496510
28694	探頭	2	490636	92.496887
28695	探觸	2	490638	92.497264
28696	接口	2	490640	92.497641
28697	接生婆	2	490642	92.498018
28698	接回	2	490644	92.498395
28699	接收刺激器	2	490646	92.498772
28700	接走	2	490648	92.499149
28701	接來	2	490650	92.499526
28702	接受者	2	490652	92.499903
28703	接受度	2	490654	92.500280
28704	接客	2	490656	92.500657
28705	接洽	2	490658	92.501034
28706	接連不斷	2	490660	92.501411
28707	接單	2	490662	92.501788
28708	接運	2	490664	92.502165
28709	接種率	2	490666	92.502542
28710	接機	2	490668	92.502919
28711	接辦	2	490670	92.503296
28712	接續	2	490672	92.503673
28713	捷報	2	490674	92.504050
28714	捧紅	2	490676	92.504427
28715	掘取	2	490678	92.504804
28716	掘洞	2	490680	92.505181
28717	掘獲	2	490682	92.505558
28718	措詞	2	490684	92.505935
28719	掩埋	2	490686	92.506312
28720	掉眼淚	2	490688	92.506689
28721	掉進	2	490690	92.507066
28722	掉頭	2	490692	92.507443
28723	掃把	2	490694	92.507820
28724	掃帚	2	490696	92.508197
28725	掃黃	2	490698	92.508574
28726	掃瞄	2	490700	92.508951
28727	掃羅	2	490702	92.509328
28728	掛鉤	2	490704	92.509705
28729	掛電話	2	490706	92.510082
28730	掛零	2	490708	92.510459
28731	捫心自問	2	490710	92.510836
28732	推入	2	490712	92.511213
28733	推床	2	490714	92.511590
28734	推卸	2	490716	92.511967
28735	推命	2	490718	92.512344
28736	推派	2	490720	92.512721
28737	推算法	2	490722	92.513098
28738	推論	2	490724	92.513475
28739	採信	2	490726	92.513852
28740	採陰補陽	2	490728	92.514229
28741	採摘	2	490730	92.514606
28742	採算	2	490732	92.514983
28743	採樣	2	490734	92.515360
28744	採購案	2	490736	92.515737
28745	採購團	2	490738	92.516114
28746	採藥	2	490740	92.516491
28747	排山倒海	2	490742	92.516868
28748	排他性	2	490744	92.517245
28749	排立	2	490746	92.517622
28750	排卵	2	490748	92.517999
28751	排長龍	2	490750	92.518376
28752	排風	2	490752	92.518753
28753	排氣口	2	490754	92.519130
28754	排排坐	2	490756	92.519507
28755	排異	2	490758	92.519884
28756	排開	2	490760	92.520261
28757	排解	2	490762	92.520638
28758	排遣	2	490764	92.521015
28759	排課	2	490766	92.521392
28760	掏出	2	490768	92.521769
28761	掏挖	2	490770	92.522146
28762	掏錢	2	490772	92.522523
28763	掀背車	2	490774	92.522900
28764	敖幼祥	2	490776	92.523277
28765	救亡圖存	2	490778	92.523654
28766	救火員	2	490780	92.524031
28767	救生員	2	490782	92.524408
28768	救生鏈	2	490784	92.524785
28769	救回	2	490786	92.525162
28770	救災	2	490788	92.525539
28771	救治	2	490790	92.525916
28772	救援隊	2	490792	92.526293
28773	救護隊	2	490794	92.526670
28774	教友	2	490796	92.527047
28775	教廷	2	490798	92.527424
28776	教育局長	2	490800	92.527801
28777	教育法	2	490802	92.528178
28778	教育館	2	490804	92.528555
28779	教長	2	490806	92.528932
28780	教派	2	490808	92.529309
28781	教師法	2	490810	92.529686
28782	教師會館	2	490812	92.530063
28783	教陶	2	490814	92.530440
28784	教誨	2	490816	92.530817
28785	教練機	2	490818	92.531194
28786	教戰守則	2	490820	92.531571
28787	教鞭	2	490822	92.531948
28788	敗者	2	490824	92.532325
28789	敗陣	2	490826	92.532702
28790	敗訴	2	490828	92.533079
28791	敗興而歸	2	490830	92.533456
28792	啟示錄	2	490832	92.533833
28793	啟動子	2	490834	92.534210
28794	啟智教學	2	490836	92.534587
28795	啟智學校	2	490838	92.534964
28796	啟德機場	2	490840	92.535341
28797	啟聰班	2	490842	92.535718
28798	敏感性	2	490844	92.536095
28799	敘事詩	2	490846	92.536472
28800	斜背	2	490848	92.536849
28801	斬首	2	490850	92.537226
28802	族徽	2	490852	92.537603
28803	旋轉木馬	2	490854	92.537980
28804	晚清	2	490856	92.538357
28805	晚歸	2	490858	92.538734
28806	晚禮服	2	490860	92.539111
28807	晤談	2	490862	92.539488
28808	晨泳	2	490864	92.539865
28809	晨間新聞	2	490866	92.540242
28810	晨間檢查	2	490868	92.540619
28811	晦暗	2	490870	92.540996
28812	晦澀	2	490872	92.541373
28813	曹家墳	2	490874	92.541750
28814	曹植	2	490876	92.542127
28815	曹蘭	2	490878	92.542504
28816	望女成鳳	2	490880	92.542881
28817	望子成龍	2	490882	92.543258
28818	望去	2	490884	92.543635
28819	望其項背	2	490886	92.544012
28820	望族	2	490888	92.544389
28821	梵谷傳	2	490890	92.544766
28822	桶子	2	490892	92.545143
28823	梧桐樹	2	490894	92.545520
28824	械鬥	2	490896	92.545897
28825	棄置	2	490898	92.546274
28826	棄養	2	490900	92.546651
28827	梭羅	2	490902	92.547028
28828	梅可望	2	490904	92.547405
28829	梅花烙	2	490906	92.547782
28830	梅花鹿	2	490908	92.548159
28831	梅約	2	490910	92.548536
28832	梅莉史翠普	2	490912	92.548913
28833	梅傑	2	490914	92.549290
28834	條紋松鼠	2	490916	92.549667
28835	殺人滅口	2	490918	92.550044
28836	殺夫	2	490920	92.550421
28837	殺手鐧	2	490922	92.550798
28838	毫釐	2	490924	92.551175
28839	氫燃料轉子引擎	2	490926	92.551552
28840	液壓	2	490928	92.551929
28841	淡水河流域	2	490930	92.552306
28842	淡水線	2	490932	92.552683
28843	淡忘	2	490934	92.553060
28844	淡泊	2	490936	92.553437
28845	淡金公路	2	490938	92.553814
28846	淡海	2	490940	92.554191
28847	淡漠	2	490942	92.554568
28848	淡褐色	2	490944	92.554945
28849	淡薄	2	490946	92.555322
28850	淤血	2	490948	92.555699
28851	添丁	2	490950	92.556076
28852	添衣	2	490952	92.556453
28853	淺嚐	2	490954	92.556830
28854	淺薄	2	490956	92.557207
28855	淺藍	2	490958	92.557584
28856	淺議	2	490960	92.557961
28857	清人	2	490962	92.558338
28858	清水隊	2	490964	92.558715
28859	清王朝	2	490966	92.559092
28860	清白招潮	2	490968	92.559469
28861	清官	2	490970	92.559846
28862	清明節	2	490972	92.560223
28863	清初	2	490974	92.560600
28864	清苦	2	490976	92.560977
28865	清軍營盤	2	490978	92.561354
28866	清風明月	2	490980	92.561731
28867	清倉	2	490982	92.562108
28868	清唱	2	490984	92.562485
28869	清淨觀	2	490986	92.562862
28870	清貧	2	490988	92.563239
28871	清寒生	2	490990	92.563616
28872	清華	2	490992	92.563993
28873	清愁	2	490994	92.564370
28874	清運	2	490996	92.564747
28875	清算	2	490998	92.565124
28876	清潔隊	2	491000	92.565501
28877	清潔蝦	2	491002	92.565878
28878	清瘦	2	491004	92.566255
28879	清靜	2	491006	92.566632
28880	淋浴	2	491008	92.567009
28881	淋灕	2	491010	92.567386
28882	混入	2	491012	92.567763
28883	混血兒	2	491014	92.568140
28884	混淆視聽	2	491016	92.568517
28885	淵博	2	491018	92.568894
28886	淚珠	2	491020	92.569271
28887	淚珠形	2	491022	92.569648
28888	淫蕩	2	491024	92.570025
28889	淫穢	2	491026	92.570402
28890	淘金	2	491028	92.570779
28891	淘金客	2	491030	92.571156
28892	淘金夢	2	491032	92.571533
28893	淘金熱	2	491034	92.571910
28894	淪喪	2	491036	92.572287
28895	深入淺出	2	491038	92.572664
28896	深化	2	491040	92.573041
28897	深怕	2	491042	92.573418
28898	深信不疑	2	491044	92.573795
28899	深紅色	2	491046	92.574172
28900	深耕	2	491048	92.574549
28901	深植	2	491050	92.574926
28902	深諳	2	491052	92.575303
28903	深獲	2	491054	92.575680
28904	深藏	2	491056	92.576057
28905	深藍	2	491058	92.576434
28906	深懷	2	491060	92.576811
28907	淨化論	2	491062	92.577188
28908	淨賺	2	491064	92.577565
28909	爽朗	2	491066	92.577942
28910	牽牛	2	491068	92.578319
28911	牽罟	2	491070	92.578696
28912	牽開器	2	491072	92.579073
28913	牽魂	2	491074	92.579450
28914	牽繫	2	491076	92.579827
28915	猛獸	2	491078	92.580204
28916	猖狂	2	491080	92.580581
28917	猖獗	2	491082	92.580958
28918	率性	2	491084	92.581335
28919	率真	2	491086	92.581712
28920	率隊	2	491088	92.582089
28921	球員席	2	491090	92.582466
28922	球棒	2	491092	92.582843
28923	球道	2	491094	92.583220
28924	球藝	2	491096	92.583597
28925	球類	2	491098	92.583974
28926	球籍	2	491100	92.584351
28927	理化	2	491102	92.584728
28928	理出	2	491104	92.585105
28929	理律	2	491106	92.585482
28930	理解力	2	491108	92.585859
28931	理監事	2	491110	92.586236
28932	理髮	2	491112	92.586613
28933	現代白蛇豔譚	2	491114	92.586990
28934	現代版	2	491116	92.587367
28935	現有的	2	491118	92.587744
28936	現役	2	491120	92.588121
28937	現前	2	491122	92.588498
28938	現時	2	491124	92.588875
28939	現貨	2	491126	92.589252
28940	現實面	2	491128	92.589629
28941	瓶瓶罐罐	2	491130	92.590006
28942	甜言蜜語	2	491132	92.590383
28943	甜味	2	491134	92.590760
28944	甜果	2	491136	92.591137
28945	甜度	2	491138	92.591514
28946	甜密	2	491140	92.591891
28947	甜膩	2	491142	92.592268
28948	甜點	2	491144	92.592645
28949	產卵	2	491146	92.593022
28950	產後	2	491148	92.593399
28951	產業工會	2	491150	92.593776
28952	產道	2	491152	92.594153
28953	產險業	2	491154	92.594530
28954	略偏	2	491156	92.594907
28955	略勝一籌	2	491158	92.595284
28956	略遜	2	491160	92.595661
28957	略增	2	491162	92.596038
28958	畢加索	2	491164	92.596415
28959	畢命	2	491166	92.596792
28960	異曲同工	2	491168	92.597169
28961	異形	2	491170	92.597546
28962	異味	2	491172	92.597923
28963	異於	2	491174	92.598300
28964	異軍突起	2	491176	92.598677
28965	異象	2	491178	92.599054
28966	異端	2	491180	92.599431
28967	異獸	2	491182	92.599808
28968	異類	2	491184	92.600185
28969	疏誤	2	491186	92.600562
28970	疏濬	2	491188	92.600939
28971	疏離感	2	491190	92.601316
28972	疏鬆	2	491192	92.601693
28973	盒餐	2	491194	92.602070
28974	盛情	2	491196	92.602447
28975	盛景	2	491198	92.602824
28976	盛滿	2	491200	92.603201
28977	眾所皆知	2	491202	92.603578
28978	眾星	2	491204	92.603955
28979	眾望所歸	2	491206	92.604332
28980	眾議員	2	491208	92.604709
28981	眼下	2	491210	92.605086
28982	眼盲	2	491212	92.605463
28983	眼科	2	491214	92.605840
28984	眼窩	2	491216	92.606217
28985	眼線	2	491218	92.606594
28986	眼鏡族	2	491220	92.606971
28987	眼鏡蛇	2	491222	92.607348
28988	祥符	2	491224	92.607725
28989	票房誘惑力公司	2	491226	92.608102
28990	票數	2	491228	92.608479
28991	祭十二郎文	2	491230	92.608856
28992	祭文	2	491232	92.609233
28993	祭神	2	491234	92.609610
28994	祭儀	2	491236	92.609987
28995	祭禮	2	491238	92.610364
28996	移民地	2	491240	92.610741
28997	移交	2	491242	92.611118
28998	移位	2	491244	92.611495
28999	移送法辦	2	491246	92.611872
29000	移開	2	491248	92.612249
29001	笠智眾	2	491250	92.612626
29002	笨重	2	491252	92.613003
29003	笛子	2	491254	92.613380
29004	第一人	2	491256	92.613757
29005	第一夫人	2	491258	92.614134
29006	第一次世界大戰	2	491260	92.614511
29007	第一位	2	491262	92.614888
29008	第一信託	2	491264	92.615265
29009	第一流	2	491266	92.615642
29010	第一家	2	491268	92.616019
29011	第一眼	2	491270	92.616396
29012	第一類接觸	2	491272	92.616773
29013	第三	2	491274	92.617150
29014	第三隻眼	2	491276	92.617527
29015	第四紀	2	491278	92.617904
29016	第勒尼安海	2	491280	92.618281
29017	符咒	2	491282	92.618658
29018	粗布	2	491284	92.619035
29019	粗劣	2	491286	92.619412
29020	粗略	2	491288	92.619789
29021	粗細	2	491290	92.620166
29022	粗硬	2	491292	92.620543
29023	粗話	2	491294	92.620920
29024	絆倒	2	491296	92.621297
29025	統一投信	2	491298	92.621674
29026	統一獅	2	491300	92.622051
29027	統計學	2	491302	92.622428
29028	統御	2	491304	92.622805
29029	統戰	2	491306	92.623182
29030	統轄	2	491308	92.623559
29031	紹興	2	491310	92.623936
29032	細工	2	491312	92.624313
29033	細白	2	491314	92.624690
29034	細品	2	491316	92.625067
29035	細胞分裂	2	491318	92.625444
29036	細嫩	2	491320	92.625821
29037	細察	2	491322	92.626198
29038	細管	2	491324	92.626575
29039	細說從頭	2	491326	92.626952
29040	細瘦	2	491328	92.627329
29041	組工會	2	491330	92.627706
29042	組屋	2	491332	92.628083
29043	組員	2	491334	92.628460
29044	累壞	2	491336	92.628837
29045	終曲	2	491338	92.629214
29046	終告	2	491340	92.629591
29047	終傳比	2	491342	92.629968
29048	終極美人計	2	491344	92.630345
29049	羞怯	2	491346	92.630722
29050	羞赧	2	491348	92.631099
29051	羚羊	2	491350	92.631476
29052	習習	2	491352	92.631853
29053	習藝	2	491354	92.632230
29054	聊聊	2	491356	92.632607
29055	聊齋花弄月	2	491358	92.632984
29056	聆訊	2	491360	92.633361
29057	聆樂	2	491362	92.633738
29058	脣紅齒白	2	491364	92.634115
29059	脣顎裂	2	491366	92.634492
29060	脣顎裂兒童	2	491368	92.634869
29061	脫口而出	2	491370	92.635246
29062	脫皮	2	491372	92.635623
29063	脫光	2	491374	92.636000
29064	脫胎	2	491376	92.636377
29065	脫逃	2	491378	92.636754
29066	脫舊災	2	491380	92.637131
29067	脫黨	2	491382	92.637508
29068	船桅	2	491384	92.637885
29069	莫少聰	2	491386	92.638262
29070	莫怪	2	491388	92.638639
29071	莫非	2	491390	92.639016
29072	莫春	2	491392	92.639393
29073	莫衷一是	2	491394	92.639770
29074	莫莉生	2	491396	92.640147
29075	莒光號	2	491398	92.640524
29076	莊秀石	2	491400	92.640901
29077	莊稼	2	491402	92.641278
29078	荷鋤	2	491404	92.641655
29079	荻本慶一	2	491406	92.642032
29080	處之泰然	2	491408	92.642409
29081	處身	2	491410	92.642786
29082	彪形大漢	2	491412	92.643163
29083	蛇園	2	491414	92.643540
29084	蚵貝	2	491416	92.643917
29085	蛆蟲	2	491418	92.644294
29086	蛋雞	2	491420	92.644671
29087	被子植物	2	491422	92.645048
29088	被動地	2	491424	92.645425
29089	被單	2	491426	92.645802
29090	袖珍	2	491428	92.646179
29091	袍服	2	491430	92.646556
29092	規制	2	491432	92.646933
29093	規程	2	491434	92.647310
29094	訪日	2	491436	92.647687
29095	訪華	2	491438	92.648064
29096	許月里	2	491440	92.648441
29097	許盛信	2	491442	92.648818
29098	許勝發	2	491444	92.649195
29099	許願池	2	491446	92.649572
29100	設建	2	491448	92.649949
29101	設計圖	2	491450	92.650326
29102	設宴	2	491452	92.650703
29103	設校	2	491454	92.651080
29104	設櫃	2	491456	92.651457
29105	販賣機	2	491458	92.651834
29106	責任險	2	491460	92.652211
29107	貫串	2	491462	92.652588
29108	貫徹始終	2	491464	92.652965
29109	貨架	2	491466	92.653342
29110	貨運業	2	491468	92.653719
29111	貨幣供給額	2	491470	92.654096
29112	貨櫃車	2	491472	92.654473
29113	貪小失大	2	491474	92.654850
29114	貪吃	2	491476	92.655227
29115	貧戶	2	491478	92.655604
29116	軟化	2	491480	92.655981
29117	軟式少棒賽	2	491482	92.656358
29118	軟組織	2	491484	92.656735
29119	軟網	2	491486	92.657112
29120	軟綿綿	2	491488	92.657489
29121	軟篷	2	491490	92.657866
29122	這具	2	491492	92.658243
29123	這會兒	2	491494	92.658620
29124	逍遙法外	2	491496	92.658997
29125	通化街	2	491498	92.659374
29126	通用電氣	2	491500	92.659751
29127	通行證	2	491502	92.660128
29128	通紅	2	491504	92.660505
29129	通宵	2	491506	92.660882
29130	通訊社	2	491508	92.661259
29131	通訊員	2	491510	92.661636
29132	通膨率	2	491512	92.662013
29133	通權達變	2	491514	92.662390
29134	逗笑	2	491516	92.662767
29135	連外道路	2	491518	92.663144
29136	連本帶利	2	491520	92.663521
29137	連玉輝	2	491522	92.663898
29138	連年	2	491524	92.664275
29139	連江縣	2	491526	92.664652
29140	連身	2	491528	92.665029
29141	連夜	2	491530	92.665406
29142	連根拔起	2	491532	92.665783
29143	連記	2	491534	92.666160
29144	連假	2	491536	92.666537
29145	連接線	2	491538	92.666914
29146	連桿	2	491540	92.667291
29147	連結風箏	2	491542	92.667668
29148	連雅堂	2	491544	92.668045
29149	連綴	2	491546	92.668422
29150	連環計	2	491548	92.668799
29151	連環點	2	491550	92.669176
29152	連鎖反應	2	491552	92.669553
29153	連鎖性	2	491554	92.669930
29154	連鎖商店	2	491556	92.670307
29155	連鎖圖	2	491558	92.670684
29156	連續假	2	491560	92.671061
29157	連續數	2	491562	92.671438
29158	連霸	2	491564	92.671815
29159	速克達	2	491566	92.672192
29160	速配	2	491568	92.672569
29161	速寫	2	491570	92.672946
29162	逝水	2	491572	92.673323
29163	逐利	2	491574	92.673700
29164	逐鹿中原	2	491576	92.674077
29165	造句	2	491578	92.674454
29166	造法	2	491580	92.674831
29167	造物主	2	491582	92.675208
29168	造詣	2	491584	92.675585
29169	造橋	2	491586	92.675962
29170	透天厝	2	491588	92.676339
29171	逢迎	2	491590	92.676716
29172	部首	2	491592	92.677093
29173	部族	2	491594	92.677470
29174	郭天佑	2	491596	92.677847
29175	郭俊男	2	491598	92.678224
29176	郭南宏	2	491600	92.678601
29177	郭英聲	2	491602	92.678978
29178	郭倍宏	2	491604	92.679355
29179	郭源治	2	491606	92.679732
29180	都市化	2	491608	92.680109
29181	都市病	2	491610	92.680486
29182	都拉斯港	2	491612	92.680863
29183	都城	2	491614	92.681240
29184	都柏林	2	491616	92.681617
29185	都海德	2	491618	92.681994
29186	都會人	2	491620	92.682371
29187	都督	2	491622	92.682748
29188	野火	2	491624	92.683125
29189	野牛	2	491626	92.683502
29190	野外實習	2	491628	92.683879
29191	野生植物	2	491630	92.684256
29192	野性	2	491632	92.684633
29193	野武士	2	491634	92.685010
29194	野花	2	491636	92.685387
29195	野柳	2	491638	92.685764
29196	野草	2	491640	92.686141
29197	野菊	2	491642	92.686518
29198	野臺戲	2	491644	92.686895
29199	野營	2	491646	92.687272
29200	野蠻	2	491648	92.687649
29201	釣魚竿	2	491650	92.688026
29202	釣蝦場	2	491652	92.688403
29203	閉塞	2	491654	92.688780
29204	閉嘴	2	491656	92.689157
29205	陪葬	2	491658	92.689534
29206	陵夷	2	491660	92.689911
29207	陵園	2	491662	92.690288
29208	陵寢	2	491664	92.690665
29209	陳之藩	2	491666	92.691042
29210	陳文彬	2	491668	92.691419
29211	陳文藝	2	491670	92.691796
29212	陳凸	2	491672	92.692173
29213	陳玉峰	2	491674	92.692550
29214	陳州府	2	491676	92.692927
29215	陳志賢	2	491678	92.693304
29216	陳奇珍	2	491680	92.693681
29217	陳金盈	2	491682	92.694058
29218	陳長文	2	491684	92.694435
29219	陳映真	2	491686	92.694812
29220	陳純昆	2	491688	92.695189
29221	陳國	2	491690	92.695566
29222	陳國勇	2	491692	92.695943
29223	陳國榮	2	491694	92.696320
29224	陳婉真	2	491696	92.696697
29225	陳雲集團	2	491698	92.697074
29226	陳義信	2	491700	92.697451
29227	陳跡	2	491702	92.697828
29228	陳樂波	2	491704	92.698205
29229	陳黎	2	491706	92.698582
29230	陳蕾士	2	491708	92.698959
29231	陳鎮東	2	491710	92.699336
29232	陳茜茜	2	491712	92.699713
29233	陸小芬	2	491714	92.700090
29234	陸塊	2	491716	92.700467
29235	陰沉	2	491718	92.700844
29236	陰脣	2	491720	92.701221
29237	陰晴	2	491722	92.701598
29238	陰森	2	491724	92.701975
29239	陰道炎	2	491726	92.702352
29240	陰曆	2	491728	92.702729
29241	陰謀論	2	491730	92.703106
29242	陶冶	2	491732	92.703483
29243	陶偶	2	491734	92.703860
29244	陶瓷片	2	491736	92.704237
29245	陶壺	2	491738	92.704614
29246	陶盤	2	491740	92.704991
29247	陶質	2	491742	92.705368
29248	陶藝家	2	491744	92.705745
29249	雀巢	2	491746	92.706122
29250	雀巢奶茶	2	491748	92.706499
29251	雀斑	2	491750	92.706876
29252	雀躍	2	491752	92.707253
29253	雪中送炭	2	491754	92.707630
29254	雪水	2	491756	92.708007
29255	雪坡	2	491758	92.708384
29256	雪芙蘭	2	491760	92.708761
29257	雪屋	2	491762	92.709138
29258	雪球	2	491764	92.709515
29259	雪祭	2	491766	92.709892
29260	雪橇	2	491768	92.710269
29261	雪鐵龍車廠	2	491770	92.710646
29262	章啟明	2	491772	92.711023
29263	章程	2	491774	92.711400
29264	章樂綺	2	491776	92.711777
29265	頂好	2	491778	92.712154
29266	頂級車	2	491780	92.712531
29267	頂層	2	491782	92.712908
29268	魚水之歡	2	491784	92.713285
29269	魚貝類	2	491786	92.713662
29270	魚苗	2	491788	92.714039
29271	魚乾	2	491790	92.714416
29272	魚梯	2	491792	92.714793
29273	魚腥	2	491794	92.715170
29274	魚雷	2	491796	92.715547
29275	魚網	2	491798	92.715924
29276	魚與熊掌	2	491800	92.716301
29277	魚礁	2	491802	92.716678
29278	魚醫生	2	491804	92.717055
29279	鳥房	2	491806	92.717432
29280	鳥巢	2	491808	92.717809
29281	鳥族	2	491810	92.718186
29282	鳥頭	2	491812	92.718563
29283	鹿角坑溪	2	491814	92.718940
29284	鹿林山	2	491816	92.719317
29285	鹿野忠雄	2	491818	92.719694
29286	麥可傑克森	2	491820	92.720071
29287	麥哲倫號	2	491822	92.720448
29288	麥酒	2	491824	92.720825
29289	麻布	2	491826	92.721202
29290	麻札	2	491828	92.721579
29291	麻省理工學院	2	491830	92.721956
29292	麻將	2	491832	92.722333
29293	麻雀變鳳凰	2	491834	92.722710
29294	麻醉藥	2	491836	92.723087
29295	傢俱行	2	491838	92.723464
29296	傑士帕國家公園	2	491840	92.723841
29297	傑克李蒙	2	491842	92.724218
29298	傑哈狄巴德厄	2	491844	92.724595
29299	傀儡獎	2	491846	92.724972
29300	最佳女主角獎	2	491848	92.725349
29301	最佳女配角獎	2	491850	92.725726
29302	最佳導演	2	491852	92.726103
29303	凱文克林	2	491854	92.726480
29304	凱文寇斯納	2	491856	92.726857
29305	凱悅	2	491858	92.727234
29306	凱旋	2	491860	92.727611
29307	凱撒獎	2	491862	92.727988
29308	割掉	2	491864	92.728365
29309	割開	2	491866	92.728742
29310	割傷	2	491868	92.729119
29311	割斷	2	491870	92.729496
29312	創口	2	491872	92.729873
29313	創刊號	2	491874	92.730250
29314	創作展	2	491876	92.730627
29315	創始人	2	491878	92.731004
29316	創紀錄	2	491880	92.731381
29317	創校	2	491882	92.731758
29318	創意獎	2	491884	92.732135
29319	創複法	2	491886	92.732512
29320	勞方	2	491888	92.732889
29321	勞役	2	491890	92.733266
29322	勞保局	2	491892	92.733643
29323	勞保單	2	491894	92.734020
29324	勞勃阿特曼	2	491896	92.734397
29325	勞勃瑞福	2	491898	92.734774
29326	勞動人口	2	491900	92.735151
29327	勞動者	2	491902	92.735528
29328	勞累	2	491904	92.735905
29329	勞萊哈臺	2	491906	92.736282
29330	勞頓	2	491908	92.736659
29331	勞賓斯	2	491910	92.737036
29332	勞燕分飛	2	491912	92.737413
29333	勝敗	2	491914	92.737790
29334	勝部	2	491916	92.738167
29335	博覽	2	491918	92.738544
29336	喀拉喀什河	2	491920	92.738921
29337	喊出	2	491922	92.739298
29338	喊叫	2	491924	92.739675
29339	喊停	2	491926	92.740052
29340	喝令	2	491928	92.740429
29341	喝彩	2	491930	92.740806
29342	喜極而泣	2	491932	92.741183
29343	喜餅	2	491934	92.741560
29344	喜憂參半	2	491936	92.741937
29345	喪家	2	491938	92.742314
29346	喋喋不休	2	491940	92.742691
29347	單人房	2	491942	92.743068
29348	單位型信託	2	491944	92.743445
29349	單車營	2	491946	92.743822
29350	單面	2	491948	92.744199
29351	單套卵細胞	2	491950	92.744576
29352	單套精子	2	491952	92.744953
29353	單峰駱駝	2	491954	92.745330
29354	單純化	2	491956	92.745707
29355	單槍匹馬	2	491958	92.746084
29356	單薄	2	491960	92.746461
29357	喟嘆	2	491962	92.746838
29358	唾手可得	2	491964	92.747215
29359	喚回	2	491966	92.747592
29360	喚哨儀式	2	491968	92.747969
29361	喻培倫	2	491970	92.748346
29362	喬木	2	491972	92.748723
29363	喬年	2	491974	92.749100
29364	喬治	2	491976	92.749477
29365	喬治三世	2	491978	92.749854
29366	喬治亞	2	491980	92.750231
29367	喬治亞人壽	2	491982	92.750608
29368	喬治盧卡斯	2	491984	92.750985
29369	喬遷	2	491986	92.751362
29370	喉痛	2	491988	92.751739
29371	喉嚨痛	2	491990	92.752116
29372	圍困	2	491992	92.752493
29373	圍攻	2	491994	92.752870
29374	圍城	2	491996	92.753247
29375	圍棋賽	2	491998	92.753624
29376	堪輿	2	492000	92.754001
29377	報告文學	2	492002	92.754378
29378	報表紙	2	492004	92.754755
29379	報效	2	492006	92.755132
29380	報案	2	492008	92.755509
29381	報章雜誌	2	492010	92.755886
29382	報喜	2	492012	92.756263
29383	報答	2	492014	92.756640
29384	報曉	2	492016	92.757017
29385	報關	2	492018	92.757394
29386	媒材	2	492020	92.757771
29387	寒山	2	492022	92.758148
29388	寒天	2	492024	92.758525
29389	寒毛	2	492026	92.758902
29390	寒假作業	2	492028	92.759279
29391	寒帶	2	492030	92.759656
29392	寒酸	2	492032	92.760033
29393	富士公司	2	492034	92.760410
29394	富而好禮	2	492036	92.760787
29395	富河	2	492038	92.761164
29396	富河文化	2	492040	92.761541
29397	富貴雞	2	492042	92.761918
29398	富鋁紅柱石	2	492044	92.762295
29399	富麗堂皇	2	492046	92.762672
29400	尊師	2	492048	92.763049
29401	尋根熱	2	492050	92.763426
29402	尋尋覓覓	2	492052	92.763803
29403	就任	2	492054	92.764180
29404	就地取材	2	492056	92.764557
29405	就位	2	492058	92.764934
29406	就業率	2	492060	92.765311
29407	就寢	2	492062	92.765688
29408	就範	2	492064	92.766065
29409	就學率	2	492066	92.766442
29410	就餐	2	492068	92.766819
29411	幾何圖形	2	492070	92.767196
29412	幾時	2	492072	92.767573
29413	廊道	2	492074	92.767950
29414	復元	2	492076	92.768327
29415	復古風	2	492078	92.768704
29416	復育	2	492080	92.769081
29417	復活記	2	492082	92.769458
29418	復興劇藝實驗學校	2	492084	92.769835
29419	復職	2	492086	92.770212
29420	循環系統	2	492088	92.770589
29421	惡名	2	492090	92.770966
29422	惡見	2	492092	92.771343
29423	惡質	2	492094	92.771720
29424	悲心	2	492096	92.772097
29425	悲戚	2	492098	92.772474
29426	悲喜	2	492100	92.772851
29427	悲痛欲絕	2	492102	92.773228
29428	悲慟	2	492104	92.773605
29429	悲歌	2	492106	92.773982
29430	惺惺相惜	2	492108	92.774359
29431	慨然	2	492110	92.774736
29432	慨歎	2	492112	92.775113
29433	惱怒	2	492114	92.775490
29434	惱羞成怒	2	492116	92.775867
29435	惶惑	2	492118	92.776244
29436	惶惶終日	2	492120	92.776621
29437	掌舵	2	492122	92.776998
29438	揉和	2	492124	92.777375
29439	插班	2	492126	92.777752
29440	插播	2	492128	92.778129
29441	提卡爾遺址	2	492130	92.778506
29442	提卡爾遺跡	2	492132	92.778883
29443	提列	2	492134	92.779260
29444	提要	2	492136	92.779637
29445	提高警覺	2	492138	92.780014
29446	提琴	2	492140	92.780391
29447	提筆	2	492142	92.780768
29448	提頓山脈	2	492144	92.781145
29449	提親	2	492146	92.781522
29450	握住	2	492148	92.781899
29451	揭穿	2	492150	92.782276
29452	揮軍	2	492152	92.782653
29453	揮動	2	492154	92.783030
29454	揮發油	2	492156	92.783407
29455	援軍	2	492158	92.783784
29456	揪出	2	492160	92.784161
29457	揪住	2	492162	92.784538
29458	換血	2	492164	92.784915
29459	換衣	2	492166	92.785292
29460	換車	2	492168	92.785669
29461	換哨	2	492170	92.786046
29462	換哨儀式	2	492172	92.786423
29463	換氣	2	492174	92.786800
29464	換新	2	492176	92.787177
29465	換裝	2	492178	92.787554
29466	換機	2	492180	92.787931
29467	換錢	2	492182	92.788308
29468	換購	2	492184	92.788685
29469	摒息	2	492186	92.789062
29470	揚帆	2	492188	92.789439
29471	揚威	2	492190	92.789816
29472	揚聲	2	492192	92.790193
29473	敦厚	2	492194	92.790570
29474	散文家	2	492196	92.790947
29475	散去	2	492198	92.791324
29476	散曲	2	492200	92.791701
29477	散場	2	492202	92.792078
29478	散寒	2	492204	92.792455
29479	斑斑點點	2	492206	92.792832
29480	斑駁	2	492208	92.793209
29481	斯文赫定	2	492210	92.793586
29482	斯貝尼克	2	492212	92.793963
29483	斯洛伐克	2	492214	92.794340
29484	斯塔萬格市	2	492216	92.794717
29485	普利安	2	492218	92.795094
29486	普里斯萊	2	492220	92.795471
29487	普通班	2	492222	92.795848
29488	普萊斯	2	492224	92.796225
29489	普照	2	492226	92.796602
29490	普濟禪寺	2	492228	92.796979
29491	晶華酒店	2	492230	92.797356
29492	景美	2	492232	92.797733
29493	景美溪	2	492234	92.798110
29494	景福宮	2	492236	92.798487
29495	暑熱	2	492238	92.798864
29496	智勇急轉彎	2	492240	92.799241
29497	智能	2	492242	92.799618
29498	智能不足	2	492244	92.799995
29499	智得溝通公司	2	492246	92.800372
29500	智慧大樓	2	492248	92.800749
29501	智識	2	492250	92.801126
29502	晾房	2	492252	92.801503
29503	曾百川	2	492254	92.801880
29504	曾為	2	492256	92.802257
29505	曾祖母	2	492258	92.802634
29506	曾國藩	2	492260	92.803011
29507	曾誠惠	2	492262	92.803388
29508	曾履亨	2	492264	92.803765
29509	替代物	2	492266	92.804142
29510	替死鬼	2	492268	92.804519
29511	替身	2	492270	92.804896
29512	期使	2	492272	92.805273
29513	期貨市場	2	492274	92.805650
29514	期貨交易	2	492276	92.806027
29515	期滿	2	492278	92.806404
29516	朝九晚五	2	492280	92.806781
29517	朝天閣	2	492282	92.807158
29518	朝令夕改	2	492284	92.807535
29519	朝臣	2	492286	92.807912
29520	朝拜	2	492288	92.808289
29521	朝集使	2	492290	92.808666
29522	朝聖	2	492292	92.809043
29523	朝顏	2	492294	92.809420
29524	棕紅	2	492296	92.809797
29525	棕櫚	2	492298	92.810174
29526	棕櫚葉	2	492300	92.810551
29527	森丑之助	2	492302	92.810928
29528	森林小學	2	492304	92.811305
29529	森林遊樂區	2	492306	92.811682
29530	棒球場	2	492308	92.812059
29531	棲息地	2	492310	92.812436
29532	棋盤	2	492312	92.812813
29533	棋藝	2	492314	92.813190
29534	棍棒	2	492316	92.813567
29535	植株	2	492318	92.813944
29536	植被	2	492320	92.814321
29537	椒屏	2	492322	92.814698
29538	椎間盤	2	492324	92.815075
29539	椎管	2	492326	92.815452
29540	棉紡	2	492328	92.815829
29541	棉紡業	2	492330	92.816206
29542	棉球	2	492332	92.816583
29543	棉棒	2	492334	92.816960
29544	棉線	2	492336	92.817337
29545	棉襖	2	492338	92.817714
29546	欺人	2	492340	92.818091
29547	欺壓	2	492342	92.818468
29548	欽定四庫全書	2	492344	92.818845
29549	欽差大臣	2	492346	92.819222
29550	欽敬	2	492348	92.819599
29551	欽羨	2	492350	92.819976
29552	欽慕	2	492352	92.820353
29553	欽點	2	492354	92.820730
29554	殘根	2	492356	92.821107
29555	殘破不全	2	492358	92.821484
29556	殘渣	2	492360	92.821861
29557	殘陽	2	492362	92.822238
29558	殘餘	2	492364	92.822615
29559	殘舊	2	492366	92.822992
29560	殖民者	2	492368	92.823369
29561	氯化鉀	2	492370	92.823746
29562	氯黴素	2	492372	92.824123
29563	港人	2	492374	92.824500
29564	港市	2	492376	92.824877
29565	港城	2	492378	92.825254
29566	港商	2	492380	92.825631
29567	港澳協會	2	492382	92.826008
29568	游牧民族	2	492384	92.826385
29569	渡假村	2	492386	92.826762
29570	湧向	2	492388	92.827139
29571	湧來	2	492390	92.827516
29572	湊熱鬧	2	492392	92.827893
29573	減小	2	492394	92.828270
29574	減肥法	2	492396	92.828647
29575	減稅	2	492398	92.829024
29576	減震	2	492400	92.829401
29577	減震阻尼	2	492402	92.829778
29578	減震器	2	492404	92.830155
29579	減壓	2	492406	92.830532
29580	減薪案	2	492408	92.830909
29581	湛藍	2	492410	92.831286
29582	湖北省	2	492412	92.831663
29583	湖光山色	2	492414	92.832040
29584	湖底	2	492416	92.832417
29585	湖沼	2	492418	92.832794
29586	湮沒	2	492420	92.833171
29587	湯臣集團	2	492422	92.833548
29588	湯姆笙	2	492424	92.833925
29589	湯若望	2	492426	92.834302
29590	渴切	2	492428	92.834679
29591	測試車	2	492430	92.835056
29592	測試道	2	492432	92.835433
29593	測驗卷	2	492434	92.835810
29594	渾身解數	2	492436	92.836187
29595	滋擾	2	492438	92.836564
29596	湄峰	2	492440	92.836941
29597	焦仁和	2	492442	92.837318
29598	焦耳	2	492444	92.837695
29599	焦廷標	2	492446	92.838072
29600	焦灼	2	492448	92.838449
29601	焦雄屏	2	492450	92.838826
29602	無水甘油	2	492452	92.839203
29603	無名英雄	2	492454	92.839580
29604	無羊	2	492456	92.839957
29605	無形中	2	492458	92.840334
29606	無依	2	492460	92.840711
29607	無始劫	2	492462	92.841088
29608	無所不能	2	492464	92.841465
29609	無所不談	2	492466	92.841842
29610	無所事事	2	492468	92.842219
29611	無所適從	2	492470	92.842596
29612	無拘無束	2	492472	92.842973
29613	無法自拔	2	492474	92.843350
29614	無花果	2	492476	92.843727
29615	無花果樹	2	492478	92.844104
29616	無垠	2	492480	92.844481
29617	無怨	2	492482	92.844858
29618	無為主義	2	492484	92.845235
29619	無畏	2	492486	92.845612
29620	無相	2	492488	92.845989
29621	無計可施	2	492490	92.846366
29622	無恥	2	492492	92.846743
29623	無悔	2	492494	92.847120
29624	無菌性腦膜炎	2	492496	92.847497
29625	無量劫	2	492498	92.847874
29626	無傷大雅	2	492500	92.848251
29627	無意中	2	492502	92.848628
29628	無愧	2	492504	92.849005
29629	無煙囪工業	2	492506	92.849382
29630	無瑕	2	492508	92.849759
29631	無路可走	2	492510	92.850136
29632	無際	2	492512	92.850513
29633	無價之寶	2	492514	92.850890
29634	無影無蹤	2	492516	92.851267
29635	無憂無慮	2	492518	92.851644
29636	無稽之談	2	492520	92.852021
29637	無線	2	492522	92.852398
29638	無線電視臺	2	492524	92.852775
29639	無憾	2	492526	92.853152
29640	無懈可擊	2	492528	92.853529
29641	無錫	2	492530	92.853906
29642	無償	2	492532	92.854283
29643	無環鳥苷	2	492534	92.854660
29644	無邊	2	492536	92.855037
29645	然則	2	492538	92.855414
29646	煮沸	2	492540	92.855791
29647	煮熟	2	492542	92.856168
29648	牌坊	2	492544	92.856545
29649	牌照稅	2	492546	92.856922
29650	牌價	2	492548	92.857299
29651	猶大	2	492550	92.857676
29652	猶存	2	492552	92.858053
29653	猥褻	2	492554	92.858430
29654	猴祭	2	492556	92.858807
29655	琪艾拉	2	492558	92.859184
29656	琵琶行	2	492560	92.859561
29657	琵鷺	2	492562	92.859938
29658	琴箏	2	492564	92.860315
29659	琴韻	2	492566	92.860692
29660	畫刊	2	492568	92.861069
29661	畫派	2	492570	92.861446
29662	畫師	2	492572	92.861823
29663	畫幅	2	492574	92.862200
29664	畫龍點睛	2	492576	92.862577
29665	番石榴	2	492578	92.862954
29666	痛切	2	492580	92.863331
29667	痛定思痛	2	492582	92.863708
29668	痛風	2	492584	92.864085
29669	痛哭	2	492586	92.864462
29670	痛惜	2	492588	92.864839
29671	痛癢	2	492590	92.865216
29672	登記表	2	492592	92.865593
29673	登機室	2	492594	92.865970
29674	登機證	2	492596	92.866347
29675	登錄證	2	492598	92.866724
29676	發力	2	492600	92.867101
29677	發火	2	492602	92.867478
29678	發刊	2	492604	92.867855
29679	發生學	2	492606	92.868232
29680	發回	2	492608	92.868609
29681	發自	2	492610	92.868986
29682	發牢騷	2	492612	92.869363
29683	發車	2	492614	92.869740
29684	發函	2	492616	92.870117
29685	發青	2	492618	92.870494
29686	發怒	2	492620	92.870871
29687	發疹	2	492622	92.871248
29688	發脾氣	2	492624	92.871625
29689	發黃	2	492626	92.872002
29690	發慌	2	492628	92.872379
29691	發落	2	492630	92.872756
29692	發號施令	2	492632	92.873133
29693	發電站	2	492634	92.873510
29694	發酵槽	2	492636	92.873887
29695	發霉	2	492638	92.874264
29696	發燙	2	492640	92.874641
29697	發願	2	492642	92.875018
29698	發飆	2	492644	92.875395
29699	睏倦	2	492646	92.875772
29700	短波	2	492648	92.876149
29701	短空長多	2	492650	92.876526
29702	短促	2	492652	92.876903
29703	短音	2	492654	92.877280
29704	短期間	2	492656	92.877657
29705	短語	2	492658	92.878034
29706	短篇小說集	2	492660	92.878411
29707	短簡	2	492662	92.878788
29708	硬化症	2	492664	92.879165
29709	硬仗	2	492666	92.879542
29710	硬式少棒賽	2	492668	92.879919
29711	硬軟式	2	492670	92.880296
29712	硬殼	2	492672	92.880673
29713	硬碰硬	2	492674	92.881050
29714	硬質骨	2	492676	92.881427
29715	硬闖	2	492678	92.881804
29716	硯臺	2	492680	92.882181
29717	稅基	2	492682	92.882558
29718	稅費	2	492684	92.882935
29719	稀有動物	2	492686	92.883312
29720	稀客	2	492688	92.883689
29721	稀釋化	2	492690	92.884066
29722	窗花	2	492692	92.884443
29723	窗膜	2	492694	92.884820
29724	窗檯	2	492696	92.885197
29725	童言	2	492698	92.885574
29726	童軍團	2	492700	92.885951
29727	童書	2	492702	92.886328
29728	童稚	2	492704	92.886705
29729	童話世界	2	492706	92.887082
29730	童夢	2	492708	92.887459
29731	童謠	2	492710	92.887836
29732	竣工	2	492712	92.888213
29733	等人	2	492714	92.888590
29734	等式	2	492716	92.888967
29735	等無人	2	492718	92.889344
29736	策動	2	492720	92.889721
29737	筆力	2	492722	92.890098
29738	筆友	2	492724	92.890475
29739	筆尖	2	492726	92.890852
29740	筆式	2	492728	92.891229
29741	筆座	2	492730	92.891606
29742	筆記小說	2	492732	92.891983
29743	筆筒樹	2	492734	92.892360
29744	筆順	2	492736	92.892737
29745	筆劃	2	492738	92.893114
29746	筆誤	2	492740	92.893491
29747	筆鋒	2	492742	92.893868
29748	答詢	2	492744	92.894245
29749	答謝	2	492746	92.894622
29750	絞痛	2	492748	92.894999
29751	結社	2	492750	92.895376
29752	結痂	2	492752	92.895753
29753	結婚照	2	492754	92.896130
29754	結結巴巴	2	492756	92.896507
29755	結集	2	492758	92.896884
29756	結匯	2	492760	92.897261
29757	結節狀	2	492762	92.897638
29758	結構性	2	492764	92.898015
29759	結膜炎	2	492766	92.898392
29760	絨帽	2	492768	92.898769
29761	絕版	2	492770	92.899146
29762	絕後	2	492772	92.899523
29763	紫斑蝶	2	492774	92.899900
29764	紫雲英	2	492776	92.900277
29765	紫微	2	492778	92.900654
29766	紫禁城	2	492780	92.901031
29767	紫羅蘭	2	492782	92.901408
29768	絮語	2	492784	92.901785
29769	絲巾	2	492786	92.902162
29770	絲竹	2	492788	92.902539
29771	絲線	2	492790	92.902916
29772	絲織品	2	492792	92.903293
29773	絲蟲病	2	492794	92.903670
29774	給養車	2	492796	92.904047
29775	絢爛	2	492798	92.904424
29776	善有善報	2	492800	92.904801
29777	善事	2	492802	92.905178
29778	善終	2	492804	92.905555
29779	善惡	2	492806	92.905932
29780	善導寺	2	492808	92.906309
29781	聒噪	2	492810	92.906686
29782	腎切除	2	492812	92.907063
29783	腎炎	2	492814	92.907440
29784	腓腸肌	2	492816	92.907817
29785	舒張	2	492818	92.908194
29786	菩提樹	2	492820	92.908571
29787	菸斗	2	492822	92.908948
29788	菸毒	2	492824	92.909325
29789	菸害	2	492826	92.909702
29790	華人經濟圈	2	492828	92.910079
29791	華文獎	2	492830	92.910456
29792	華沙	2	492832	92.910833
29793	華納公司	2	492834	92.911210
29794	華商	2	492836	92.911587
29795	華國大飯店	2	492838	92.911964
29796	華彩段	2	492840	92.912341
29797	華盛頓大學	2	492842	92.912718
29798	華塑	2	492844	92.913095
29799	華塑集團	2	492846	92.913472
29800	華新麗集團	2	492848	92.913849
29801	華燈	2	492850	92.914226
29802	華嚴經	2	492852	92.914603
29803	菱形	2	492854	92.914980
29804	著色劑	2	492856	92.915357
29805	著作等身	2	492858	92.915734
29806	著床	2	492860	92.916111
29807	著意	2	492862	92.916488
29808	萌生	2	492864	92.916865
29809	菌藻類	2	492866	92.917242
29810	菊壇	2	492868	92.917619
29811	菜刀	2	492870	92.917996
29812	菜心	2	492872	92.918373
29813	虛妄	2	492874	92.918750
29814	虛空	2	492876	92.919127
29815	虛胖	2	492878	92.919504
29816	虛假	2	492880	92.919881
29817	虛擬電話	2	492882	92.920258
29818	蛔蟲病	2	492884	92.920635
29819	街心	2	492886	92.921012
29820	街尾	2	492888	92.921389
29821	街巷	2	492890	92.921766
29822	裁軍	2	492892	92.922143
29823	裂口	2	492894	92.922520
29824	視角	2	492896	92.922897
29825	視差	2	492898	92.923274
29826	視網膜桿	2	492900	92.923651
29827	註解	2	492902	92.924028
29828	評介	2	492904	92.924405
29829	評析	2	492906	92.924782
29830	評等	2	492908	92.925159
29831	評說	2	492910	92.925536
29832	詞彙	2	492912	92.925913
29833	診療費	2	492914	92.926290
29834	象限	2	492916	92.926667
29835	象徵性	2	492918	92.927044
29836	象徵物	2	492920	92.927421
29837	貯蓄	2	492922	92.927798
29838	貯藏	2	492924	92.928175
29839	貼補	2	492926	92.928552
29840	貽誤	2	492928	92.928929
29841	費解	2	492930	92.929306
29842	賀表	2	492932	92.929683
29843	賀喜	2	492934	92.930060
29844	貴庚	2	492936	92.930437
29845	貴賓室	2	492938	92.930814
29846	買力克阿瓦提	2	492940	92.931191
29847	買氣	2	492942	92.931568
29848	買超	2	492944	92.931945
29849	買點	2	492946	92.932322
29850	貶低	2	492948	92.932699
29851	貿協	2	492950	92.933076
29852	貿易抵制	2	492952	92.933453
29853	貿易船	2	492954	92.933830
29854	貸出	2	492956	92.934207
29855	越多	2	492958	92.934584
29856	越洋	2	492960	92.934961
29857	越洋電話	2	492962	92.935338
29858	越高	2	492964	92.935715
29859	越野汽車	2	492966	92.936092
29860	越劇	2	492968	92.936469
29861	超大	2	492970	92.936846
29862	超比檔	2	492972	92.937223
29863	超級車	2	492974	92.937600
29864	超高	2	492976	92.937977
29865	超高速	2	492978	92.938354
29866	超現實空間	2	492980	92.938731
29867	超電導電磁推進	2	492982	92.939108
29868	超電導電磁推進船	2	492984	92.939485
29869	超薄	2	492986	92.939862
29870	超額	2	492988	92.940239
29871	趁便	2	492990	92.940616
29872	跑完	2	492992	92.940993
29873	跑來	2	492994	92.941370
29874	跑者	2	492996	92.941747
29875	跑掉	2	492998	92.942124
29876	跑進	2	493000	92.942501
29877	跌停板	2	493002	92.942878
29878	跌跌撞撞	2	493004	92.943255
29879	軸心	2	493006	92.943632
29880	辜仲諒	2	493008	92.944009
29881	週六	2	493010	92.944386
29882	週全	2	493012	92.944763
29883	週到	2	493014	92.945140
29884	週期性	2	493016	92.945517
29885	週詳	2	493018	92.945894
29886	週轉	2	493020	92.946271
29887	週齡	2	493022	92.946648
29888	進口品	2	493024	92.947025
29889	進口商	2	493026	92.947402
29890	進口國	2	493028	92.947779
29891	進口稅	2	493030	92.948156
29892	進士	2	493032	92.948533
29893	進行曲	2	493034	92.948910
29894	進佔	2	493036	92.949287
29895	進氣口	2	493038	92.949664
29896	進氣孔	2	493040	92.950041
29897	進帳	2	493042	92.950418
29898	進發	2	493044	92.950795
29899	進進出出	2	493046	92.951172
29900	進逼	2	493048	92.951549
29901	進廠	2	493050	92.951926
29902	進餐	2	493052	92.952303
29903	郵包	2	493054	92.952680
29904	郵政局	2	493056	92.953057
29905	郵政儲金	2	493058	92.953434
29906	郵政總局	2	493060	92.953811
29907	郵展	2	493062	92.954188
29908	郵筒	2	493064	92.954565
29909	郵戳	2	493066	92.954942
29910	鄉人	2	493068	92.955319
29911	鄉下人	2	493070	92.955696
29912	鄉土情	2	493072	92.956073
29913	鄉土教學	2	493074	92.956450
29914	鄉土電影	2	493076	92.956827
29915	鄉公所	2	493078	92.957204
29916	鄉村俱樂部	2	493080	92.957581
29917	鄉情	2	493082	92.957958
29918	鄉間小路	2	493084	92.958335
29919	鄉愿	2	493086	92.958712
29920	鄉鎮公所	2	493088	92.959089
29921	量出	2	493090	92.959466
29922	量販	2	493092	92.959843
29923	量測	2	493094	92.960220
29924	量體溫	2	493096	92.960597
29925	鈍形	2	493098	92.960974
29926	開山始祖	2	493100	92.961351
29927	開孔	2	493102	92.961728
29928	開戶	2	493104	92.962105
29929	開火	2	493106	92.962482
29930	開印	2	493108	92.962859
29931	開夜車	2	493110	92.963236
29932	開宗明義	2	493112	92.963613
29933	開放性	2	493114	92.963990
29934	開封城	2	493116	92.964367
29935	開球	2	493118	92.964744
29936	開船	2	493120	92.965121
29937	開通	2	493122	92.965498
29938	開窗	2	493124	92.965875
29939	開黃腔	2	493126	92.966252
29940	開源	2	493128	92.966629
29941	開溜	2	493130	92.967006
29942	開誠布公	2	493132	92.967383
29943	開幕式	2	493134	92.967760
29944	開價	2	493136	92.968137
29945	開標室	2	493138	92.968514
29946	開模	2	493140	92.968891
29947	開燈	2	493142	92.969268
29948	開築	2	493144	92.969645
29949	開講	2	493146	92.970022
29950	開竅	2	493148	92.970399
29951	開疆拓土	2	493150	92.970776
29952	開鏡	2	493152	92.971153
29953	開議	2	493154	92.971530
29954	開鍘	2	493156	92.971907
29955	閑談	2	493158	92.972284
29956	間諜	2	493160	92.972661
29957	閒扯	2	493162	92.973038
29958	閒話	2	493164	92.973415
29959	閒錢	2	493166	92.973792
29960	陽台	2	493168	92.974169
29961	陽光基金會	2	493170	92.974546
29962	陽春	2	493172	92.974923
29963	陽曆	2	493174	92.975300
29964	陽燧足	2	493176	92.975677
29965	陽關	2	493178	92.976054
29966	隆升	2	493180	92.976431
29967	隆冬	2	493182	92.976808
29968	隆隆聲	2	493184	92.977185
29969	雁陣	2	493186	92.977562
29970	雁鴨公園	2	493188	92.977939
29971	雅事	2	493190	92.978316
29972	雅俗共賞	2	493192	92.978693
29973	雅美	2	493194	92.979070
29974	雅美族	2	493196	92.979447
29975	雅致	2	493198	92.979824
29976	雅量	2	493200	92.980201
29977	雅觀	2	493202	92.980578
29978	雄心勃勃	2	493204	92.980955
29979	雄心萬丈	2	493206	92.981332
29980	雄壯	2	493208	92.981709
29981	雄鳥	2	493210	92.982086
29982	雄瘧蚊	2	493212	92.982463
29983	雄蝶	2	493214	92.982840
29984	雄激素	2	493216	92.983217
29985	雄獸	2	493218	92.983594
29986	集中力	2	493220	92.983971
29987	集中地	2	493222	92.984348
29988	集市	2	493224	92.984725
29989	集聚	2	493226	92.985102
29990	集選區制	2	493228	92.985479
29991	雇員	2	493230	92.985856
29992	雲岡石窟	2	493232	92.986233
29993	雲門	2	493234	92.986610
29994	雲端	2	493236	92.986987
29995	韌度	2	493238	92.987364
29996	項城	2	493240	92.987741
29997	順手牽羊	2	493242	92.988118
29998	順水推舟	2	493244	92.988495
29999	順性	2	493246	92.988872
30000	順從	2	493248	92.989249
30001	飯桌	2	493250	92.989626
30002	飯桶	2	493252	92.990003
30003	飯盒	2	493254	92.990380
30004	飯館	2	493256	92.990757
30005	飲恨	2	493258	92.991134
30006	飲宴	2	493260	92.991511
30007	飲彈	2	493262	92.991888
30008	馮玉祥	2	493264	92.992265
30009	馮寶寶	2	493266	92.992642
30010	黃菓樹瀑布	2	493268	92.993019
30011	黃土	2	493270	92.993396
30012	黃子澄	2	493272	92.993773
30013	黃文弼	2	493274	92.994150
30014	黃牛	2	493276	92.994527
30015	黃玉嬌	2	493278	92.994904
30016	黃光男	2	493280	92.995281
30017	黃州	2	493282	92.995658
30018	黃秀玲	2	493284	92.996035
30019	黃豆粉	2	493286	92.996412
30020	黃明堅	2	493288	92.996789
30021	黃油	2	493290	92.997166
30022	黃保賜	2	493292	92.997543
30023	黃南淵	2	493294	92.997920
30024	黃教	2	493296	92.998297
30025	黃雅惠	2	493298	92.998674
30026	黃葉	2	493300	92.999051
30027	黃道十二星座	2	493302	92.999428
30028	黃道帶	2	493304	92.999805
30029	黃壽博	2	493306	93.000182
30030	黃禍	2	493308	93.000559
30031	黃肇松	2	493310	93.000936
30032	黃蜻蜓	2	493312	93.001313
30033	黃澄澄	2	493314	93.001690
30034	黃輝珍	2	493316	93.002067
30035	黃濁	2	493318	93.002444
30036	黃濬	2	493320	93.002821
30037	黃臉婆	2	493322	93.003198
30038	黑刺李漿果	2	493324	93.003575
30039	黑松汽水	2	493326	93.003952
30040	黑珍珠	2	493328	93.004329
30041	黑眼珠	2	493330	93.004706
30042	黑眼圈	2	493332	93.005083
30043	黑袍	2	493334	93.005460
30044	黑陶	2	493336	93.005837
30045	黑幕	2	493338	93.006214
30046	黑影	2	493340	93.006591
30047	黑貓	2	493342	93.006968
30048	黑幫	2	493344	93.007345
30049	黑臉	2	493346	93.007722
30050	亂世英雄傳	2	493348	93.008099
30051	亂世浮生	2	493350	93.008476
30052	亂叫	2	493352	93.008853
30053	亂局	2	493354	93.009230
30054	亂逛	2	493356	93.009607
30055	亂源	2	493358	93.009984
30056	傭人	2	493360	93.010361
30057	債市	2	493362	93.010738
30058	債信	2	493364	93.011115
30059	傲視群雄	2	493366	93.011492
30060	傳人	2	493368	93.011869
30061	傳世	2	493370	93.012246
30062	傳布	2	493372	93.012623
30063	傳自	2	493374	93.013000
30064	傳佈	2	493376	93.013377
30065	傳呼站	2	493378	93.013754
30066	傳宗接代	2	493380	93.014131
30067	傳染力	2	493382	93.014508
30068	傳染源	2	493384	93.014885
30069	傳真機	2	493386	93.015262
30070	傳送帶	2	493388	93.015639
30071	傳統市場	2	493390	93.016016
30072	傳統美	2	493392	93.016393
30073	傳統戲曲	2	493394	93.016770
30074	傳單	2	493396	93.017147
30075	傳給	2	493398	93.017524
30076	傳頌	2	493400	93.017901
30077	傳誦	2	493402	93.018278
30078	傳閱	2	493404	93.018655
30079	僅及	2	493406	93.019032
30080	僅止	2	493408	93.019409
30081	僅次於	2	493410	93.019786
30082	傾全力	2	493412	93.020163
30083	傾注	2	493414	93.020540
30084	傾城之戀	2	493416	93.020917
30085	傾盆大雨	2	493418	93.021294
30086	傾慕	2	493420	93.021671
30087	傾頹	2	493422	93.022048
30088	傾覆	2	493424	93.022425
30089	傷眼	2	493426	93.022802
30090	募捐	2	493428	93.023179
30091	勤奮不懈	2	493430	93.023556
30092	勢力範圍	2	493432	93.023933
30093	勢不可擋	2	493434	93.024310
30094	匯出	2	493436	93.024687
30095	匯注	2	493438	93.025064
30096	匯豐汽車	2	493440	93.025441
30097	嗜食	2	493442	93.025818
30098	嗜酒	2	493444	93.026195
30099	嗤之以鼻	2	493446	93.026572
30100	嗚呼	2	493448	93.026949
30101	嗆死	2	493450	93.027326
30102	園長	2	493452	93.027703
30103	圓心	2	493454	93.028080
30104	圓目族	2	493456	93.028457
30105	圓明園	2	493458	93.028834
30106	圓寂	2	493460	93.029211
30107	圓球	2	493462	93.029588
30108	圓筒	2	493464	93.029965
30109	圓鈍形	2	493466	93.030342
30110	圓環	2	493468	93.030719
30111	塞尚	2	493470	93.031096
30112	塞班	2	493472	93.031473
30113	塞班島	2	493474	93.031850
30114	塞翁失馬，焉知非福	2	493476	93.032227
30115	塑立	2	493478	93.032604
30116	塑料	2	493480	93.032981
30117	塔吉克	2	493482	93.033358
30118	塔吉克人	2	493484	93.033735
30119	塔克拉瑪干大沙漠	2	493486	93.034112
30120	塔形	2	493488	93.034489
30121	塔斯馬尼亞	2	493490	93.034866
30122	塔霍森林醫院	2	493492	93.035243
30123	填塞	2	493494	93.035620
30124	填飽	2	493496	93.035997
30125	填滿	2	493498	93.036374
30126	填鴨	2	493500	93.036751
30127	塌陷	2	493502	93.037128
30128	塊頭	2	493504	93.037505
30129	奧克蘭	2	493506	93.037882
30130	奧秘主義	2	493508	93.038259
30131	嫁妝	2	493510	93.038636
30132	嫌棄	2	493512	93.039013
30133	嫌貧愛富	2	493514	93.039390
30134	嫌惡	2	493516	93.039767
30135	媽祖婆	2	493518	93.040144
30136	嫂嫂	2	493520	93.040521
30137	幹活	2	493522	93.040898
30138	幹道	2	493524	93.041275
30139	幹嘛	2	493526	93.041652
30140	廉政公署	2	493528	93.042029
30141	彙整	2	493530	93.042406
30142	微粒	2	493532	93.042783
30143	微處理器	2	493534	93.043160
30144	微幅	2	493536	93.043537
30145	微塵	2	493538	93.043914
30146	愚不可及	2	493540	93.044291
30147	愚弄	2	493542	93.044668
30148	意料之外	2	493544	93.045045
30149	意氣	2	493546	93.045422
30150	意氣風發	2	493548	93.045799
30151	意會	2	493550	93.046176
30152	意境	2	493552	93.046553
30153	意識形態廣告公司	2	493554	93.046930
30154	意識型態公司	2	493556	93.047307
30155	慈父	2	493558	93.047684
30156	慈母	2	493560	93.048061
30157	慈湖	2	493562	93.048438
30158	感化	2	493564	93.048815
30159	感受器	2	493566	93.049192
30160	感染力	2	493568	93.049569
30161	感慨萬千	2	493570	93.049946
30162	感溫	2	493572	93.050323
30163	感激涕零	2	493574	93.050700
30164	感懷	2	493576	93.051077
30165	想不開	2	493578	93.051454
30166	想來	2	493580	93.051831
30167	想家	2	493582	93.052208
30168	愛才	2	493584	93.052585
30169	愛用者	2	493586	93.052962
30170	愛別離	2	493588	93.053339
30171	愛花者	2	493590	93.053716
30172	愛恨情仇	2	493592	93.054093
30173	愛國情操	2	493594	93.054470
30174	愛滋病毒消耗性症候群	2	493596	93.054847
30175	愛奧尼亞海	2	493598	93.055224
30176	愛德華	2	493600	93.055601
30177	愛憎	2	493602	93.055978
30178	愛樂合唱團	2	493604	93.056355
30179	愛樂管弦樂團	2	493606	93.056732
30180	惹麻煩	2	493608	93.057109
30181	惹禍	2	493610	93.057486
30182	愁眉不展	2	493612	93.057863
30183	愁雲慘霧	2	493614	93.058240
30184	慎重其事	2	493616	93.058617
30185	慌忙	2	493618	93.058994
30186	愧疚	2	493620	93.059371
30187	搓掉	2	493622	93.059748
30188	搞不好	2	493624	93.060125
30189	搭公車	2	493626	93.060502
30190	搭扣	2	493628	93.060879
30191	搭車	2	493630	93.061256
30192	搭宿	2	493632	93.061633
30193	搭調	2	493634	93.062010
30194	搬移	2	493636	93.062387
30195	搜刮	2	493638	93.062764
30196	搔首弄姿	2	493640	93.063141
30197	損友	2	493642	93.063518
30198	搶走	2	493644	93.063895
30199	搶修	2	493646	93.064272
30200	搶球	2	493648	93.064649
30201	搶菰	2	493650	93.065026
30202	搶照	2	493652	93.065403
30203	搖身	2	493654	93.065780
30204	搖動	2	493656	93.066157
30205	搖控	2	493658	93.066534
30206	搖椅	2	493660	93.066911
30207	搖搖晃晃	2	493662	93.067288
30208	搖撼	2	493664	93.067665
30209	搖盪	2	493666	93.068042
30210	搖臂	2	493668	93.068419
30211	搖籃	2	493670	93.068796
30212	搖籃曲	2	493672	93.069173
30213	敬神	2	493674	93.069550
30214	敬詞	2	493676	93.069927
30215	敬業與樂業	2	493678	93.070304
30216	敬禮	2	493680	93.070681
30217	新中橫	2	493682	93.071058
30218	新文化	2	493684	93.071435
30219	新加坡人	2	493686	93.071812
30220	新石器	2	493688	93.072189
30221	新石器文化	2	493690	93.072566
30222	新局	2	493692	93.072943
30223	新局面	2	493694	93.073320
30224	新咆哮山莊	2	493696	93.073697
30225	新奇	2	493698	93.074074
30226	新的	2	493700	93.074451
30227	新城電臺	2	493702	93.074828
30228	新科技	2	493704	93.075205
30229	新紀元	2	493706	93.075582
30230	新紀元運動	2	493708	93.075959
30231	新約	2	493710	93.076336
30232	新頁	2	493712	93.076713
30233	新埔	2	493714	93.077090
30234	新高	2	493716	93.077467
30235	新象	2	493718	93.077844
30236	新新人類	2	493720	93.078221
30237	新新聞	2	493722	93.078598
30238	新艇摋	2	493724	93.078975
30239	新詩	2	493726	93.079352
30240	新嘉坡	2	493728	93.079729
30241	新綠	2	493730	93.080106
30242	新聞處	2	493732	93.080483
30243	新聞媒體	2	493734	93.080860
30244	新聞週刊	2	493736	93.081237
30245	新聞感	2	493738	93.081614
30246	新聞節目	2	493740	93.081991
30247	新聞觀	2	493742	93.082368
30248	新臺五線	2	493744	93.082745
30249	新貌	2	493746	93.083122
30250	新劇	2	493748	93.083499
30251	新銳導演	2	493750	93.083876
30252	新館	2	493752	93.084253
30253	新鮮派	2	493754	93.084630
30254	新舊任	2	493756	93.085007
30255	新疆省	2	493758	93.085384
30256	暗地	2	493760	93.085761
30257	暗忖	2	493762	93.086138
30258	暗算	2	493764	93.086515
30259	暗潮洶湧	2	493766	93.086892
30260	暗礁	2	493768	93.087269
30261	暈倒	2	493770	93.087646
30262	暖暖	2	493772	93.088023
30263	暖爐	2	493774	93.088400
30264	會友	2	493776	93.088777
30265	會心	2	493778	93.089154
30266	會計年度	2	493780	93.089531
30267	會計成本	2	493782	93.089908
30268	會計學	2	493784	93.090285
30269	會員制	2	493786	93.090662
30270	會師	2	493788	93.091039
30271	會陰部	2	493790	93.091416
30272	會意	2	493792	93.091793
30273	會聚	2	493794	93.092170
30274	會錢	2	493796	93.092547
30275	會議廳	2	493798	93.092924
30276	業已	2	493800	93.093301
30277	業務量	2	493802	93.093678
30278	楚雄	2	493804	93.094055
30279	楚楚可憐	2	493806	93.094432
30280	楷書	2	493808	93.094809
30281	楠梓	2	493810	93.095186
30282	極至	2	493812	93.095563
30283	概念股	2	493814	93.095940
30284	概括性	2	493816	93.096317
30285	楊文卿	2	493818	93.096694
30286	楊世緘	2	493820	93.097071
30287	楊尚昆	2	493822	93.097448
30288	楊延昭	2	493824	93.097825
30289	楊明德	2	493826	93.098202
30290	楊柳青	2	493828	93.098579
30291	楊柳條	2	493830	93.098956
30292	楊重信	2	493832	93.099333
30293	楊桃汁	2	493834	93.099710
30294	楊國忠	2	493836	93.100087
30295	楊榮吉	2	493838	93.100464
30296	楊穎洲	2	493840	93.100841
30297	楓樹	2	493842	93.101218
30298	歇斯底里	2	493844	93.101595
30299	歲計	2	493846	93.101972
30300	歲首	2	493848	93.102349
30301	毀約	2	493850	93.102726
30302	殿庭	2	493852	93.103103
30303	毽球	2	493854	93.103480
30304	溶石	2	493856	93.103857
30305	溶合	2	493858	93.104234
30306	源源	2	493860	93.104611
30307	溝圳	2	493862	93.104988
30308	溝痕	2	493864	93.105365
30309	滅蚊	2	493866	93.105742
30310	溼疹	2	493868	93.106119
30311	溼透	2	493870	93.106496
30312	溼熱	2	493872	93.106873
30313	溫水游泳池	2	493874	93.107250
30314	溫伯格	2	493876	93.107627
30315	溫順	2	493878	93.108004
30316	溫煦	2	493880	93.108381
30317	溫馴	2	493882	93.108758
30318	溫翠蘋	2	493884	93.109135
30319	溫熱	2	493886	93.109512
30320	溫馨赤子情	2	493888	93.109889
30321	滑行	2	493890	93.110266
30322	滑梯	2	493892	93.110643
30323	滑開	2	493894	93.111020
30324	滑鼠	2	493896	93.111397
30325	滑縣	2	493898	93.111774
30326	滑鐵盧	2	493900	93.112151
30327	準備法	2	493902	93.112528
30328	準備金	2	493904	93.112905
30329	準確度	2	493906	93.113282
30330	溜冰鞋	2	493908	93.113659
30331	溜回家	2	493910	93.114036
30332	溜走	2	493912	93.114413
30333	滔滔	2	493914	93.114790
30334	溪水	2	493916	93.115167
30335	溪床	2	493918	93.115544
30336	溪谷	2	493920	93.115921
30337	溪畔	2	493922	93.116298
30338	溪澗	2	493924	93.116675
30339	煎魚	2	493926	93.117052
30340	煎煮	2	493928	93.117429
30341	煙民	2	493930	93.117806
30342	煙囪	2	493932	93.118183
30343	煙消雲散	2	493934	93.118560
30344	煙浴	2	493936	93.118937
30345	煙神	2	493938	93.119314
30346	煙盒	2	493940	93.119691
30347	煩人	2	493942	93.120068
30348	煩惱平息	2	493944	93.120445
30349	煩擾	2	493946	93.120822
30350	煤山雀	2	493948	93.121199
30351	煤油	2	493950	93.121576
30352	煉焦廠	2	493952	93.121953
30353	煉製	2	493954	93.122330
30354	照明彈	2	493956	93.122707
30355	照後鏡	2	493958	93.123084
30356	照相館	2	493960	93.123461
30357	照壁	2	493962	93.123838
30358	照辦	2	493964	93.124215
30359	煞尾	2	493966	93.124592
30360	煞車燈	2	493968	93.124969
30361	獅子山	2	493970	93.125346
30362	獅王	2	493972	93.125723
30363	獅甲國小	2	493974	93.126100
30364	獅皮	2	493976	93.126477
30365	瑯琊寺	2	493978	93.126854
30366	瑞士刀	2	493980	93.127231
30367	瑞麗市	2	493982	93.127608
30368	當地語	2	493984	93.127985
30369	當政	2	493986	93.128362
30370	當是	2	493988	93.128739
30371	當機立斷	2	493990	93.129116
30372	當頭	2	493992	93.129493
30373	當頭棒喝	2	493994	93.129870
30374	當權派	2	493996	93.130247
30375	畸零月	2	493998	93.130624
30376	畸零地	2	494000	93.131001
30377	瘀血	2	494002	93.131378
30378	痲疹	2	494004	93.131755
30379	痴人說夢	2	494006	93.132132
30380	痴肥	2	494008	93.132509
30381	痴情	2	494010	93.132886
30382	痴戀	2	494012	93.133263
30383	睪丸炎	2	494014	93.133640
30384	睪丸素	2	494016	93.134017
30385	睜眼	2	494018	93.134394
30386	矮子	2	494020	93.134771
30387	碎石	2	494022	93.135148
30388	碎石路	2	494024	93.135525
30389	碰釘子	2	494026	93.135902
30390	碰觸	2	494028	93.136279
30391	碗狀	2	494030	93.136656
30392	碗盤	2	494032	93.137033
30393	碑刻	2	494034	93.137410
30394	禁地	2	494036	93.137787
30395	禁毒	2	494038	93.138164
30396	禁核	2	494040	93.138541
30397	禁核條約	2	494042	93.138918
30398	禁酒	2	494044	93.139295
30399	禁區	2	494046	93.139672
30400	禁售	2	494048	93.140049
30401	禁絕	2	494050	93.140426
30402	禁煙	2	494052	93.140803
30403	禁運	2	494054	93.141180
30404	萬人迷	2	494056	93.141557
30405	萬民	2	494058	93.141934
30406	萬全	2	494060	93.142311
30407	萬法	2	494062	93.142688
30408	萬般	2	494064	93.143065
30409	萬馬奔騰	2	494066	93.143442
30410	萬頃	2	494068	93.143819
30411	萬華區	2	494070	93.144196
30412	萬萬	2	494072	93.144573
30413	萬壽山	2	494074	93.144950
30414	萬靈丹	2	494076	93.145327
30415	禽獸	2	494078	93.145704
30416	稚嫩	2	494080	93.146081
30417	稚齡	2	494082	93.146458
30418	稟告	2	494084	93.146835
30419	節水	2	494086	93.147212
30420	節約能源	2	494088	93.147589
30421	節氣	2	494090	93.147966
30422	經文	2	494092	93.148343
30423	經史	2	494094	93.148720
30424	經典之作	2	494096	93.149097
30425	經典作	2	494098	93.149474
30426	經建	2	494100	93.149851
30427	經常性	2	494102	93.150228
30428	經廠	2	494104	93.150605
30429	經緯	2	494106	93.150982
30430	經線	2	494108	93.151359
30431	經學家	2	494110	93.151736
30432	經辦	2	494112	93.152113
30433	經濟化	2	494114	93.152490
30434	經濟犯罪行為	2	494116	93.152867
30435	經濟自由化政策	2	494118	93.153244
30436	經濟研究院	2	494120	93.153621
30437	經濟復甦	2	494122	93.153998
30438	經濟艙	2	494124	93.154375
30439	絹印	2	494126	93.154752
30440	絹花	2	494128	93.155129
30441	綑綁	2	494130	93.155506
30442	綁手綁腳	2	494132	93.155883
30443	綁標	2	494134	93.156260
30444	置身事外	2	494136	93.156637
30445	置物	2	494138	93.157014
30446	置物箱	2	494140	93.157391
30447	置喙	2	494142	93.157768
30448	罪過	2	494144	93.158145
30449	義大利半島	2	494146	93.158522
30450	義理	2	494148	93.158899
30451	義學	2	494150	93.159276
30452	義賽	2	494152	93.159653
30453	群生	2	494154	93.160030
30454	群架	2	494156	93.160407
30455	群倫	2	494158	93.160784
30456	群落	2	494160	93.161161
30457	群舞	2	494162	93.161538
30458	聖文生	2	494164	93.161915
30459	聖旨	2	494166	93.162292
30460	聖佛蘭南度山谷	2	494168	93.162669
30461	聖泉	2	494170	93.163046
30462	聖裁	2	494172	93.163423
30463	聖殿	2	494174	93.163800
30464	聖瑪麗亞	2	494176	93.164177
30465	聖樂	2	494178	93.164554
30466	聖誕老公公	2	494180	93.164931
30467	聖賢	2	494182	93.165308
30468	聖駕	2	494184	93.165685
30469	聘雇	2	494186	93.166062
30470	腰突症	2	494188	93.166439
30471	腰際	2	494190	93.166816
30472	腰線	2	494192	93.167193
30473	腸胃炎	2	494194	93.167570
30474	腸胃科	2	494196	93.167947
30475	腸壁	2	494198	93.168324
30476	腸癌	2	494200	93.168701
30477	腳趾頭	2	494202	93.169078
30478	腳踝	2	494204	93.169455
30479	腳鐐	2	494206	93.169832
30480	腫起來	2	494208	93.170209
30481	腫瘤學	2	494210	93.170586
30482	腹膜炎	2	494212	93.170963
30483	腺三磷	2	494214	93.171340
30484	腦性麻痺	2	494216	93.171717
30485	腦狗	2	494218	93.172094
30486	腦室	2	494220	93.172471
30487	腦組織	2	494222	93.172848
30488	腦溢血	2	494224	93.173225
30489	腦電圖	2	494226	93.173602
30490	腦震盪	2	494228	93.173979
30491	艇長	2	494230	93.174356
30492	落井下石	2	494232	93.174733
30493	落日在何處	2	494234	93.175110
30494	落石	2	494236	93.175487
30495	落居	2	494238	93.175864
30496	落筆	2	494240	93.176241
30497	落塵	2	494242	93.176618
30498	落漈	2	494244	93.176995
30499	葵花	2	494246	93.177372
30500	葫蘆笙	2	494248	93.177749
30501	葉柄	2	494250	93.178126
30502	葉桑	2	494252	93.178503
30503	葉酸	2	494254	93.178880
30504	葉劍英	2	494256	93.179257
30505	葉緣	2	494258	93.179634
30506	葬在	2	494260	93.180011
30507	葛拉芙	2	494262	93.180388
30508	葛羅夫	2	494264	93.180765
30509	葡萄架	2	494266	93.181142
30510	葡萄柚	2	494268	93.181519
30511	葡萄宴	2	494270	93.181896
30512	葡萄紫	2	494272	93.182273
30513	葡萄街	2	494274	93.182650
30514	葡萄樹	2	494276	93.183027
30515	葡萄藤	2	494278	93.183404
30516	董氏基金會	2	494280	93.183781
30517	虞有澄	2	494282	93.184158
30518	號誌燈	2	494284	93.184535
30519	蛾摩拉	2	494286	93.184912
30520	蜂起	2	494288	93.185289
30521	蜂擁而至	2	494290	93.185666
30522	蜂蠟	2	494292	93.186043
30523	衙門	2	494294	93.186420
30524	補牙	2	494296	93.186797
30525	補破網	2	494298	93.187174
30526	補註	2	494300	93.187551
30527	補陽	2	494302	93.187928
30528	裝水	2	494304	93.188305
30529	裝卸	2	494306	93.188682
30530	裝配線	2	494308	93.189059
30531	裝進	2	494310	93.189436
30532	裝飾性	2	494312	93.189813
30533	裝箱	2	494314	93.190190
30534	裝點	2	494316	93.190567
30535	裡子	2	494318	93.190944
30536	裡外	2	494320	93.191321
30537	裊裊	2	494322	93.191698
30538	解放報	2	494324	93.192075
30539	解凍	2	494326	93.192452
30540	解剖學	2	494328	93.192829
30541	解惑	2	494330	93.193206
30542	解聘	2	494332	93.193583
30543	解碼器	2	494334	93.193960
30544	解謎	2	494336	93.194337
30545	詳加	2	494338	93.194714
30546	試吃	2	494340	93.195091
30547	試行	2	494342	93.195468
30548	試飛	2	494344	93.195845
30549	試務	2	494346	93.196222
30550	試場	2	494348	93.196599
30551	試想	2	494350	93.196976
30552	詩畫	2	494352	93.197353
30553	詰難	2	494354	93.197730
30554	誇示	2	494356	93.198107
30555	誇稱	2	494358	93.198484
30556	誇耀	2	494360	93.198861
30557	誇讚	2	494362	93.199238
30558	話別	2	494364	93.199615
30559	話鋒	2	494366	93.199992
30560	誅殺	2	494368	93.200369
30561	資料中心	2	494370	93.200746
30562	資訊工業	2	494372	93.201123
30563	資訊月	2	494374	93.201500
30564	資訊界	2	494376	93.201877
30565	資淺	2	494378	93.202254
30566	資源班	2	494380	93.202631
30567	賈木許	2	494382	93.203008
30568	賈紫紅	2	494384	93.203385
30569	跟前	2	494386	93.203762
30570	跟班	2	494388	93.204139
30571	跨區	2	494390	93.204516
30572	跨國性	2	494392	93.204893
30573	路竹	2	494394	93.205270
30574	路見不平	2	494396	93.205647
30575	路隊	2	494398	93.206024
30576	路跡	2	494400	93.206401
30577	路遙知馬力，日久見人心	2	494402	93.206778
30578	路標	2	494404	93.207155
30579	路邊攤	2	494406	93.207532
30580	跳到	2	494408	93.207909
30581	跳房子	2	494410	93.208286
30582	跳起來	2	494412	93.208663
30583	跳崖	2	494414	93.209040
30584	跳傘	2	494416	93.209417
30585	跳遠	2	494418	93.209794
30586	跳蟲	2	494420	93.210171
30587	跪拜	2	494422	93.210548
30588	躲閃	2	494424	93.210925
30589	躲開	2	494426	93.211302
30590	載走	2	494428	93.211679
30591	載歌載舞	2	494430	93.212056
30592	載滿	2	494432	93.212433
30593	農民年金	2	494434	93.212810
30594	農林公司	2	494436	93.213187
30595	農林廳	2	494438	93.213564
30596	農舍	2	494440	93.213941
30597	農產公司	2	494442	93.214318
30598	農閒	2	494444	93.214695
30599	運弓	2	494446	93.215072
30600	運來	2	494448	93.215449
30601	運動性	2	494450	93.215826
30602	運通	2	494452	93.216203
30603	運轉聲	2	494454	93.216580
30604	遊刃	2	494456	93.216957
30605	遊園會	2	494458	93.217334
30606	遊說團	2	494460	93.217711
30607	遊蹤	2	494462	93.218088
30608	遊藝博覽會	2	494464	93.218465
30609	遊藝會	2	494466	93.218842
30610	道元禪師	2	494468	93.219219
30611	道白	2	494470	93.219596
30612	道場	2	494472	93.219973
30613	道瓊指數	2	494474	93.220350
30614	道聽塗說	2	494476	93.220727
30615	達成率	2	494478	93.221104
30616	達觀	2	494480	93.221481
30617	違約	2	494482	93.221858
30618	違逆	2	494484	93.222235
30619	違憲	2	494486	93.222612
30620	遐思	2	494488	93.222989
30621	遐想	2	494490	93.223366
30622	遇事	2	494492	93.223743
30623	遇刺	2	494494	93.224120
30624	遇害	2	494496	93.224497
30625	過久	2	494498	93.224874
30626	過化存神碑	2	494500	93.225251
30627	過火	2	494502	93.225628
30628	過目不忘	2	494504	93.226005
30629	過份	2	494506	93.226382
30630	過低	2	494508	93.226759
30631	過河	2	494510	93.227136
30632	過重	2	494512	93.227513
30633	過氣	2	494514	93.227890
30634	過問	2	494516	93.228267
30635	過敏性鼻炎	2	494518	93.228644
30636	過眼雲煙	2	494520	93.229021
30637	過路人	2	494522	93.229398
30638	過橋	2	494524	93.229775
30639	過關斬將	2	494526	93.230152
30640	遍野	2	494528	93.230529
30641	遍尋	2	494530	93.230906
30642	遍滿	2	494532	93.231283
30643	遑論	2	494534	93.231660
30644	遁入空門	2	494536	93.232037
30645	鄒美儀	2	494538	93.232414
30646	釉彩	2	494540	93.232791
30647	鉗腳	2	494542	93.233168
30648	鈴噹	2	494544	93.233545
30649	鈴聲	2	494546	93.233922
30650	鈴鐺	2	494548	93.234299
30651	鉅大	2	494550	93.234676
30652	鉅資	2	494552	93.235053
30653	隔成	2	494554	93.235430
30654	隔音牆	2	494556	93.235807
30655	隔海	2	494558	93.236184
30656	隔間	2	494560	93.236561
30657	隔熱	2	494562	93.236938
30658	隔鄰	2	494564	93.237315
30659	雍容	2	494566	93.237692
30660	雍容華貴	2	494568	93.238069
30661	雷亞德	2	494570	93.238446
30662	雷電華	2	494572	93.238823
30663	雷德利史考特	2	494574	93.239200
30664	雷龍	2	494576	93.239577
30665	雷擊	2	494578	93.239954
30666	電子工業	2	494580	93.240331
30667	電子四速自動變速箱	2	494582	93.240708
30668	電子花車	2	494584	93.241085
30669	電子恆溫空調	2	494586	93.241462
30670	電子控制系統	2	494588	93.241839
30671	電工	2	494590	93.242216
30672	電化實驗住宅	2	494592	93.242593
30673	電吉他	2	494594	93.242970
30674	電信總局	2	494596	93.243347
30675	電能	2	494598	93.243724
30676	電訊號	2	494600	93.244101
30677	電動天線	2	494602	93.244478
30678	電動牙刷	2	494604	93.244855
30679	電動玩具店	2	494606	93.245232
30680	電視長片	2	494608	93.245609
30681	電視媒體	2	494610	93.245986
30682	電視新聞	2	494612	93.246363
30683	電視網	2	494614	93.246740
30684	電視廣告	2	494616	93.247117
30685	電傳	2	494618	93.247494
30686	電極	2	494620	93.247871
30687	電腦系統	2	494622	93.248248
30688	電腦病毒	2	494624	93.248625
30689	電腦商	2	494626	93.249002
30690	電腦網路	2	494628	93.249379
30691	電腦輔助教學	2	494630	93.249756
30692	電腦營	2	494632	93.250133
30693	電話卡	2	494634	93.250510
30694	電話保安器	2	494636	93.250887
30695	電話費	2	494638	93.251264
30696	電影系	2	494640	93.251641
30697	電影街	2	494642	93.252018
30698	電影街懷舊之旅	2	494644	93.252395
30699	電影廠	2	494646	93.252772
30700	電影獎	2	494648	93.253149
30701	電機系	2	494650	93.253526
30702	電機師	2	494652	93.253903
30703	電機業	2	494654	93.254280
30704	電檢	2	494656	93.254657
30705	電檢制	2	494658	93.255034
30706	電鍍	2	494660	93.255411
30707	零和關係	2	494662	93.255788
30708	零配件	2	494664	93.256165
30709	零售點	2	494666	93.256542
30710	零碎	2	494668	93.256919
30711	靖難	2	494670	93.257296
30712	預告片	2	494672	93.257673
30713	預官	2	494674	93.258050
30714	預標	2	494676	93.258427
30715	頑石	2	494678	93.258804
30716	頑強	2	494680	93.259181
30717	頌讚	2	494682	93.259558
30718	飼料盤	2	494684	93.259935
30719	飽和狀態	2	494686	93.260312
30720	飽暖思淫慾	2	494688	93.260689
30721	馴鹿	2	494690	93.261066
30722	鼎力	2	494692	93.261443
30723	鼎立	2	494694	93.261820
30724	鼓手	2	494696	93.262197
30725	鼠疫	2	494698	93.262574
30726	鼠蹊	2	494700	93.262951
30727	僧人	2	494702	93.263328
30728	僧多粥少	2	494704	93.263705
30729	僕射	2	494706	93.264082
30730	僑社	2	494708	93.264459
30731	僑校	2	494710	93.264836
30732	僑匯	2	494712	93.265213
30733	僱主	2	494714	93.265590
30734	劃撥	2	494716	93.265967
30735	嘗鮮	2	494718	93.266344
30736	嘆服	2	494720	93.266721
30737	嘆息	2	494722	93.267098
30738	嘉年華會	2	494724	93.267475
30739	嘉惠	2	494726	93.267852
30740	嘉裕紡織	2	494728	93.268229
30741	嘈吵	2	494730	93.268606
30742	團主	2	494732	93.268983
30743	團拜	2	494734	93.269360
30744	團隊戰	2	494736	93.269737
30745	團塊	2	494738	93.270114
30746	團體賽	2	494740	93.270491
30747	圖文	2	494742	93.270868
30748	圖案設計	2	494744	93.271245
30749	圖章	2	494746	93.271622
30750	圖畫書	2	494748	93.271999
30751	圖繪	2	494750	93.272376
30752	塵灰	2	494752	93.272753
30753	境況	2	494754	93.273130
30754	墓葬	2	494756	93.273507
30755	墊板	2	494758	93.273884
30756	墊高	2	494760	93.274261
30757	壽禮	2	494762	93.274638
30758	夢公園	2	494764	93.275015
30759	夢羽集	2	494766	93.275392
30760	夢見	2	494768	93.275769
30761	夢寐以求	2	494770	93.276146
30762	夢粱錄	2	494772	93.276523
30763	奪目	2	494774	93.276900
30764	嫡系	2	494776	93.277277
30765	嫩芽	2	494778	93.277654
30766	嫖妓	2	494780	93.278031
30767	孵蛋	2	494782	93.278408
30768	寧夏	2	494784	93.278785
30769	寧壽宮	2	494786	93.279162
30770	寡人	2	494788	93.279539
30771	寡母	2	494790	93.279916
30772	寡佔	2	494792	93.280293
30773	實景	2	494794	93.280670
30774	實感	2	494796	93.281047
30775	實價	2	494798	93.281424
30776	實踐家	2	494800	93.281801
30777	實戰經驗	2	494802	93.282178
30778	實證	2	494804	93.282555
30779	實驗林場	2	494806	93.282932
30780	對牛彈琴	2	494808	93.283309
30781	對打	2	494810	93.283686
30782	對生	2	494812	93.284063
30783	對折	2	494814	93.284440
30784	對角線	2	494816	93.284817
30785	對味	2	494818	93.285194
30786	對帳	2	494820	93.285571
30787	對望	2	494822	93.285948
30788	對準	2	494824	93.286325
30789	對對碰	2	494826	93.286702
30790	對壘	2	494828	93.287079
30791	對襯	2	494830	93.287456
30792	幕後	2	494832	93.287833
30793	幕後英雄	2	494834	93.288210
30794	廖了以	2	494836	93.288587
30795	廖仲愷	2	494838	93.288964
30796	廖繼誠	2	494840	93.289341
30797	彰化市	2	494842	93.289718
30798	彰化永興海埔新生地	2	494844	93.290095
30799	徹悟	2	494846	93.290472
30800	慷慨激昂	2	494848	93.290849
30801	慢半拍	2	494850	93.291226
30802	慢走	2	494852	93.291603
30803	慢性咽炎	2	494854	93.291980
30804	慢性疾病	2	494856	93.292357
30805	慢速	2	494858	93.292734
30806	慢慢來	2	494860	93.293111
30807	慣性	2	494862	93.293488
30808	慚愧	2	494864	93.293865
30809	慘事	2	494866	93.294242
30810	慘淡	2	494868	93.294619
30811	慘綠少年	2	494870	93.294996
30812	慘遭	2	494872	93.295373
30813	撇清	2	494874	93.295750
30814	撤出	2	494876	93.296127
30815	撤除	2	494878	93.296504
30816	撤銷	2	494880	93.296881
30817	摸到	2	494882	93.297258
30818	摸清	2	494884	93.297635
30819	摻雜	2	494886	93.298012
30820	敲打	2	494888	93.298389
30821	敲竹槓	2	494890	93.298766
30822	敲破	2	494892	93.299143
30823	旗手	2	494894	93.299520
30824	旗魚	2	494896	93.299897
30825	旗艦	2	494898	93.300274
30826	暢所欲言	2	494900	93.300651
30827	暢旺	2	494902	93.301028
30828	榨取	2	494904	93.301405
30829	榮工處	2	494906	93.301782
30830	榮光	2	494908	93.302159
30831	榮成	2	494910	93.302536
30832	榮景	2	494912	93.302913
30833	榮華富貴	2	494914	93.303290
30834	榮譽感	2	494916	93.303667
30835	榮譽學位	2	494918	93.304044
30836	槍手	2	494920	93.304421
30837	槍決	2	494922	93.304798
30838	槍枝	2	494924	93.305175
30839	槍桿子	2	494926	93.305552
30840	槍膛	2	494928	93.305929
30841	槌子	2	494930	93.306306
30842	歌功頌德	2	494932	93.306683
30843	歌名	2	494934	93.307060
30844	歌利亞	2	494936	93.307437
30845	歌喉	2	494938	93.307814
30846	歌壇	2	494940	93.308191
30847	漳州	2	494942	93.308568
30848	演化史	2	494944	93.308945
30849	演劇界	2	494946	93.309322
30850	演講會	2	494948	93.309699
30851	演講稿	2	494950	93.310076
30852	演藝人員	2	494952	93.310453
30853	滾落	2	494954	93.310830
30854	滾熱	2	494956	93.311207
30855	漩渦星系	2	494958	93.311584
30856	漏斗狀	2	494960	93.311961
30857	漏氣	2	494962	93.312338
30858	漂流	2	494964	93.312715
30859	漢式	2	494966	93.313092
30860	漢成帝	2	494968	93.313469
30861	漢宮花	2	494970	93.313846
30862	漢書	2	494972	93.314223
30863	漢普頓宮	2	494974	93.314600
30864	滿手	2	494976	93.314977
30865	滿城	2	494978	93.315354
30866	滿室	2	494980	93.315731
30867	滿面	2	494982	93.316108
30868	滿面春風	2	494984	93.316485
30869	滿眼	2	494986	93.316862
30870	滿意度	2	494988	93.317239
30871	滿溢	2	494990	93.317616
30872	滿臉通紅	2	494992	93.317993
30873	滿覆	2	494994	93.318370
30874	漸入佳境	2	494996	93.318747
30875	漸近	2	494998	93.319124
30876	漲停	2	495000	93.319501
30877	漁翁得利	2	495002	93.319878
30878	漁業	2	495004	93.320255
30879	漁撈	2	495006	93.320632
30880	滲濾	2	495008	93.321009
30881	熔解	2	495010	93.321386
30882	熔融	2	495012	93.321763
30883	熊貓	2	495014	93.322140
30884	熄火	2	495016	93.322517
30885	熄燈	2	495018	93.322894
30886	熄燈號	2	495020	93.323271
30887	爾馬提亞	2	495022	93.323648
30888	爾雅	2	495024	93.324025
30889	獄友	2	495026	93.324402
30890	瑪休卡黛德美	2	495028	93.324779
30891	瑪麗畢克馥	2	495030	93.325156
30892	瑰麗	2	495032	93.325533
30893	疑似	2	495034	93.325910
30894	疑神疑鬼	2	495036	93.326287
30895	疑雲	2	495038	93.326664
30896	盡失	2	495040	93.327041
30897	盡用	2	495042	93.327418
30898	盡忠報國	2	495044	93.327795
30899	盡義務	2	495046	93.328172
30900	盡職	2	495048	93.328549
30901	監理人	2	495050	93.328926
30902	監票	2	495052	93.329303
30903	監察委員	2	495054	93.329680
30904	監察官	2	495056	93.330057
30905	監聽	2	495058	93.330434
30906	睡袍	2	495060	93.330811
30907	睡袋	2	495062	93.331188
30908	睡鄉	2	495064	93.331565
30909	睡意	2	495066	93.331942
30910	睡獅	2	495068	93.332319
30911	睡熟	2	495070	93.332696
30912	睡鏡	2	495072	93.333073
30913	磁力	2	495074	93.333450
30914	磁力線	2	495076	93.333827
30915	磁片	2	495078	93.334204
30916	磁性	2	495080	93.334581
30917	磁氣	2	495082	93.334958
30918	碟子	2	495084	93.335335
30919	碧姬芭杜	2	495086	93.335712
30920	碧姬芭鐸	2	495088	93.336089
30921	碧眼	2	495090	93.336466
30922	碳水化合物	2	495092	93.336843
30923	碳酸	2	495094	93.337220
30924	碳纖維煞車碟	2	495096	93.337597
30925	福地	2	495098	93.337974
30926	福利機構	2	495100	93.338351
30927	福相	2	495102	93.338728
30928	福特六和	2	495104	93.339105
30929	福特公司	2	495106	93.339482
30930	福祿貝爾	2	495108	93.339859
30931	福爾摩莎	2	495110	93.340236
30932	福德宮	2	495112	93.340613
30933	禍源	2	495114	93.340990
30934	禍福與共	2	495116	93.341367
30935	種子無明	2	495118	93.341744
30936	種茶	2	495120	93.342121
30937	種族歧視	2	495122	93.342498
30938	種雞	2	495124	93.342875
30939	稱心如意	2	495126	93.343252
30940	稱作	2	495128	93.343629
30941	稱冠	2	495130	93.344006
30942	稱帝	2	495132	93.344383
30943	稱賀	2	495134	93.344760
30944	稱頌	2	495136	93.345137
30945	窪地	2	495138	93.345514
30946	窩心	2	495140	93.345891
30947	竭誠	2	495142	93.346268
30948	端坐	2	495144	93.346645
30949	端看	2	495146	93.347022
30950	端罩	2	495148	93.347399
30951	管他的	2	495150	93.347776
30952	管理人	2	495152	93.348153
30953	管理系統	2	495154	93.348530
30954	管理委員會	2	495156	93.348907
30955	管理法	2	495158	93.349284
30956	管理者	2	495160	93.349661
30957	管理費	2	495162	93.350038
30958	管樂隊	2	495164	93.350415
30959	筵宴	2	495166	93.350792
30960	算什麼	2	495168	93.351169
30961	算法	2	495170	93.351546
30962	算起	2	495172	93.351923
30963	算帳	2	495174	93.352300
30964	算賬	2	495176	93.352677
30965	箝制	2	495178	93.353054
30966	精光	2	495180	93.353431
30967	精品店	2	495182	93.353808
30968	精悍	2	495184	93.354185
30969	精氣	2	495186	93.354562
30970	精疲力竭	2	495188	93.354939
30971	精神性陽萎	2	495190	93.355316
30972	精神科醫師	2	495192	93.355693
30973	精彩絕倫	2	495194	93.356070
30974	精深	2	495196	93.356447
30975	精減	2	495198	93.356824
30976	精裝	2	495200	93.357201
30977	精緻度	2	495202	93.357578
30978	精選集	2	495204	93.357955
30979	精雕細琢	2	495206	93.358332
30980	綜合意外險	2	495208	93.358709
30981	綜述	2	495210	93.359086
30982	綜藝	2	495212	93.359463
30983	綜藝報	2	495214	93.359840
30984	綠野	2	495216	93.360217
30985	綠葉	2	495218	93.360594
30986	緊守	2	495220	93.360971
30987	緊扣	2	495222	93.361348
30988	緊盯	2	495224	93.361725
30989	緊俏	2	495226	93.362102
30990	緊急指示燈	2	495228	93.362479
30991	緊追	2	495230	93.362856
30992	緊跟	2	495232	93.363233
30993	緊臨	2	495234	93.363610
30994	緊箍咒	2	495236	93.363987
30995	網狀	2	495238	93.364364
30996	網球隊	2	495240	93.364741
30997	網膜	2	495242	93.365118
30998	網膜炎	2	495244	93.365495
30999	綱球	2	495246	93.365872
31000	維列比特	2	495248	93.366249
31001	維吾爾	2	495250	93.366626
31002	維納斯	2	495252	93.367003
31003	維斯康堤	2	495254	93.367380
31004	維新	2	495256	93.367757
31005	聞人	2	495258	93.368134
31006	聞之色變	2	495260	93.368511
31007	聞名於世	2	495262	93.368888
31008	聞名遐邇	2	495264	93.369265
31009	聞味	2	495266	93.369642
31010	聞起來	2	495268	93.370019
31011	聞雞起舞	2	495270	93.370396
31012	聚成	2	495272	93.370773
31013	聚居地	2	495274	93.371150
31014	聚財	2	495276	93.371527
31015	聚賭	2	495278	93.371904
31016	聚積	2	495280	93.372281
31017	聚寶盆	2	495282	93.372658
31018	膀胱炎	2	495284	93.373035
31019	腿法	2	495286	93.373412
31020	臺大醫院	2	495288	93.373789
31021	臺大醫學院	2	495290	93.374166
31022	臺中一中	2	495292	93.374543
31023	臺中師院	2	495294	93.374920
31024	臺中區	2	495296	93.375297
31025	臺化	2	495298	93.375674
31026	臺巴子	2	495300	93.376051
31027	臺方	2	495302	93.376428
31028	臺北市立美術館	2	495304	93.376805
31029	臺北市立療養院	2	495306	93.377182
31030	臺北市議會	2	495308	93.377559
31031	臺北府	2	495310	93.377936
31032	臺北師院	2	495312	93.378313
31033	臺北護專	2	495314	93.378690
31034	臺江	2	495316	93.379067
31035	臺江縣	2	495318	93.379444
31036	臺東縣	2	495320	93.379821
31037	臺風	2	495322	93.380198
31038	臺壽	2	495324	93.380575
31039	臺語片	2	495326	93.380952
31040	臺銀	2	495328	93.381329
31041	臺數	2	495330	93.381706
31042	臺聯會	2	495332	93.382083
31043	臺灣人壽	2	495334	93.382460
31044	臺灣小吃	2	495336	93.382837
31045	臺灣日立公司	2	495338	93.383214
31046	臺灣史	2	495340	93.383591
31047	臺灣厚蟹	2	495342	93.383968
31048	臺灣省政府	2	495344	93.384345
31049	臺灣通史	2	495346	93.384722
31050	臺灣電視公司	2	495348	93.385099
31051	臺灣藍鵲	2	495350	93.385476
31052	臺灣獼猴	2	495352	93.385853
31053	與世隔絕	2	495354	93.386230
31054	與有榮焉	2	495356	93.386607
31055	與時俱進	2	495358	93.386984
31056	舞曲	2	495360	93.387361
31057	舞池	2	495362	93.387738
31058	舞衣	2	495364	93.388115
31059	舞臺監督	2	495366	93.388492
31060	舞鞋	2	495368	93.388869
31061	舞龍舞獅	2	495370	93.389246
31062	舞蹈節	2	495372	93.389623
31063	舞藝	2	495374	93.390000
31064	蓆棚	2	495376	93.390377
31065	蓄水量	2	495378	93.390754
31066	蒙地卡羅	2	495380	93.391131
31067	蒙受	2	495382	93.391508
31068	蒙特婁	2	495384	93.391885
31069	蒙特梭利	2	495386	93.392262
31070	蒙語	2	495388	93.392639
31071	蒙德里安	2	495390	93.393016
31072	蓋茲	2	495392	93.393393
31073	蓋茨堡演說	2	495394	93.393770
31074	蒸散	2	495396	93.394147
31075	蒸發量	2	495398	93.394524
31076	蒸蒸日上	2	495400	93.394901
31077	蒼老	2	495402	93.395278
31078	蒼勁	2	495404	93.395655
31079	蜘蛛網	2	495406	93.396032
31080	裸照	2	495408	93.396409
31081	製片人	2	495410	93.396786
31082	製片家	2	495412	93.397163
31083	製出	2	495414	93.397540
31084	製成品	2	495416	93.397917
31085	製版	2	495418	93.398294
31086	製陶	2	495420	93.398671
31087	製壺	2	495422	93.399048
31088	製裁	2	495424	93.399425
31089	製播	2	495426	93.399802
31090	製藥	2	495428	93.400179
31091	語句	2	495430	93.400556
31092	語助詞	2	495432	93.400933
31093	語言學家	2	495434	93.401310
31094	語音卡	2	495436	93.401687
31095	語詞	2	495438	93.402064
31096	誣衊	2	495440	93.402441
31097	認字	2	495442	93.402818
31098	認助	2	495444	93.403195
31099	認命	2	495446	93.403572
31100	認知度	2	495448	93.403949
31101	認股權證	2	495450	93.404326
31102	認祖歸宗	2	495452	93.404703
31103	認輔制度	2	495454	93.405080
31104	認領	2	495456	93.405457
31105	認輸	2	495458	93.405834
31106	誓死	2	495460	93.406211
31107	誓約	2	495462	93.406588
31108	誤打誤撞	2	495464	93.406965
31109	誤植	2	495466	93.407342
31110	誤認	2	495468	93.407719
31111	誤點	2	495470	93.408096
31112	說到	2	495472	93.408473
31113	說穿	2	495474	93.408850
31114	說起來	2	495476	93.409227
31115	說教者	2	495478	93.409604
31116	說學逗唱	2	495480	93.409981
31117	說錯話	2	495482	93.410358
31118	誘捕	2	495484	93.410735
31119	誘僧	2	495486	93.411112
31120	誘騙	2	495488	93.411489
31121	豪放	2	495490	93.411866
31122	豪門	2	495492	93.412243
31123	豪氣	2	495494	93.412620
31124	豪情	2	495496	93.412997
31125	豪語	2	495498	93.413374
31126	貌不驚人	2	495500	93.413751
31127	貌美	2	495502	93.414128
31128	賓州	2	495504	93.414505
31129	賓至如歸	2	495506	93.414882
31130	赫伯分類法	2	495508	93.415259
31131	赫克斯特	2	495510	93.415636
31132	赫利俄斯	2	495512	93.416013
31133	赫協爾	2	495514	93.416390
31134	赫拉克勒斯	2	495516	93.416767
31135	趙守博	2	495518	93.417144
31136	趙昌	2	495520	93.417521
31137	趙無極	2	495522	93.417898
31138	趙靖	2	495524	93.418275
31139	趙蔭華	2	495526	93.418652
31140	趙樸初	2	495528	93.419029
31141	趕工	2	495530	93.419406
31142	趕去	2	495532	93.419783
31143	趕回來	2	495534	93.420160
31144	趕回家	2	495536	93.420537
31145	趕時間	2	495538	93.420914
31146	趕場	2	495540	93.421291
31147	趕進	2	495542	93.421668
31148	趕搭	2	495544	93.422045
31149	趕盡殺絕	2	495546	93.422422
31150	輔仁大學	2	495548	93.422799
31151	輔臣	2	495550	93.423176
31152	輔佐	2	495552	93.423553
31153	輔助性	2	495554	93.423930
31154	輔導人員	2	495556	93.424307
31155	輔導課	2	495558	93.424684
31156	輕工業	2	495560	93.425061
31157	輕心大意	2	495562	93.425438
31158	輕舟	2	495564	93.425815
31159	輕言放棄	2	495566	93.426192
31160	輕油裂解廠	2	495568	93.426569
31161	輕浮	2	495570	93.426946
31162	輕粉紅	2	495572	93.427323
31163	輕紗	2	495574	93.427700
31164	輕舉妄動	2	495576	93.428077
31165	輕薄短小	2	495578	93.428454
31166	輕鬆自如	2	495580	93.428831
31167	輕綃	2	495582	93.429208
31168	辣椒	2	495584	93.429585
31169	遠大於	2	495586	93.429962
31170	遠山	2	495588	93.430339
31171	遠古時代	2	495590	93.430716
31172	遠走他鄉	2	495592	93.431093
31173	遠房	2	495594	93.431470
31174	遠門	2	495596	93.431847
31175	遠赴	2	495598	93.432224
31176	遠渡重洋	2	495600	93.432601
31177	遠程	2	495602	93.432978
31178	遠道	2	495604	93.433355
31179	遠憂	2	495606	93.433732
31180	遠親	2	495608	93.434109
31181	遞增	2	495610	93.434486
31182	酸辣湯	2	495612	93.434863
31183	銀耳	2	495614	93.435240
31184	銀色獵物	2	495616	93.435617
31185	銀行法	2	495618	93.435994
31186	銀行業	2	495620	93.436371
31187	銀帶	2	495622	93.436748
31188	銀絲	2	495624	93.437125
31189	銀器	2	495626	93.437502
31190	銅像	2	495628	93.437879
31191	閨女	2	495630	93.438256
31192	閨秀	2	495632	93.438633
31193	閩南	2	495634	93.439010
31194	閩南話	2	495636	93.439387
31195	閩浙總督	2	495638	93.439764
31196	閣樓	2	495640	93.440141
31197	障眼法	2	495642	93.440518
31198	雌性	2	495644	93.440895
31199	雌黃	2	495646	93.441272
31200	雌蝶	2	495648	93.441649
31201	需求面	2	495650	93.442026
31202	需要量	2	495652	93.442403
31203	頗大	2	495654	93.442780
31204	頗有	2	495656	93.443157
31205	頗為	2	495658	93.443534
31206	領巾	2	495660	93.443911
31207	領先群倫	2	495662	93.444288
31208	領事	2	495664	93.444665
31209	領受	2	495666	93.445042
31210	領風騷	2	495668	93.445419
31211	餃子	2	495670	93.445796
31212	駁船	2	495672	93.446173
31213	鳴槍	2	495674	93.446550
31214	鳳山市	2	495676	93.446927
31215	鳳毛麟角	2	495678	93.447304
31216	鳳姐	2	495680	93.447681
31217	鼻毛	2	495682	93.448058
31218	鼻煙壺	2	495684	93.448435
31219	鼻竇炎	2	495686	93.448812
31220	鼻粘膜	2	495688	93.449189
31221	齊心	2	495690	93.449566
31222	齊平	2	495692	93.449943
31223	齊白石	2	495694	93.450320
31224	齊備	2	495696	93.450697
31225	齊鳴	2	495698	93.451074
31226	齊諾米爾丁	2	495700	93.451451
31227	齊聲	2	495702	93.451828
31228	儀隊	2	495704	93.452205
31229	僻靜	2	495706	93.452582
31230	價金	2	495708	93.452959
31231	價值性	2	495710	93.453336
31232	儉樸	2	495712	93.453713
31233	劇人	2	495714	93.454090
31234	劇目	2	495716	93.454467
31235	劇評	2	495718	93.454844
31236	劇照	2	495720	93.455221
31237	劉民和	2	495722	93.455598
31238	劉秀珍	2	495724	93.455975
31239	劉邦	2	495726	93.456352
31240	劉邦友	2	495728	93.456729
31241	劉姥姥	2	495730	93.457106
31242	劉茂生	2	495732	93.457483
31243	劉萍	2	495734	93.457860
31244	劉榮隆	2	495736	93.458237
31245	劉翠溶	2	495738	93.458614
31246	劉驁	2	495740	93.458991
31247	劍舞	2	495742	93.459368
31248	劍潭	2	495744	93.459745
31249	劍器舞	2	495746	93.460122
31250	劍橋大學	2	495748	93.460499
31251	厲聲	2	495750	93.460876
31252	嘩啦	2	495752	93.461253
31253	噴水池	2	495754	93.461630
31254	噴火	2	495756	93.462007
31255	噴出型火山	2	495758	93.462384
31256	噴射狀	2	495760	93.462761
31257	噴射流	2	495762	93.463138
31258	噴氣孔	2	495764	93.463515
31259	噴畫	2	495766	93.463892
31260	嘶吼	2	495768	93.464269
31261	增肥	2	495770	93.464646
31262	增建	2	495772	93.465023
31263	增胖	2	495774	93.465400
31264	增修	2	495776	93.465777
31265	增產	2	495778	93.466154
31266	增幅	2	495780	93.466531
31267	增聘	2	495782	93.466908
31268	增廣	2	495784	93.467285
31269	增闢	2	495786	93.467662
31270	墳地	2	495788	93.468039
31271	墳頭	2	495790	93.468416
31272	墜入	2	495792	93.468793
31273	墜海	2	495794	93.469170
31274	墜崖	2	495796	93.469547
31275	墜毀	2	495798	93.469924
31276	嬉皮笑臉	2	495800	93.470301
31277	嬌美	2	495802	93.470678
31278	嬌嫩	2	495804	93.471055
31279	寬窄	2	495806	93.471432
31280	寬綽	2	495808	93.471809
31281	寬嘴	2	495810	93.472186
31282	審查員	2	495812	93.472563
31283	審查會	2	495814	93.472940
31284	審計長	2	495816	93.473317
31285	審計部	2	495818	93.473694
31286	審問	2	495820	93.474071
31287	寫作營	2	495822	93.474448
31288	寫真集	2	495824	93.474825
31289	寫錯	2	495826	93.475202
31290	層次感	2	495828	93.475579
31291	層峰	2	495830	93.475956
31292	履新	2	495832	93.476333
31293	幢幢	2	495834	93.476710
31294	廢土	2	495836	93.477087
31295	廢紙簍	2	495838	93.477464
31296	廢耕	2	495840	93.477841
31297	廢置	2	495842	93.478218
31298	廢寢忘食	2	495844	93.478595
31299	廢鐵	2	495846	93.478972
31300	廚具	2	495848	93.479349
31301	廚餘	2	495850	93.479726
31302	廝守	2	495852	93.480103
31303	廣州市	2	495854	93.480480
31304	廣告商	2	495856	93.480857
31305	廣告設計	2	495858	93.481234
31306	廣受好評	2	495860	93.481611
31307	廣度	2	495862	93.481988
31308	廣植	2	495864	93.482365
31309	廣播網	2	495866	93.482742
31310	廠地	2	495868	93.483119
31311	彈劾	2	495870	93.483496
31312	彈指神功	2	495872	93.483873
31313	彈起	2	495874	93.484250
31314	彈幅	2	495876	93.484627
31315	影后	2	495878	93.485004
31316	影音	2	495880	93.485381
31317	德干高原	2	495882	93.485758
31318	德文	2	495884	93.486135
31319	德行	2	495886	93.486512
31320	德性	2	495888	93.486889
31321	德意志聯邦	2	495890	93.487266
31322	德蕾莎修女	2	495892	93.487643
31323	徵人	2	495894	93.488020
31324	徵召	2	495896	93.488397
31325	徵用	2	495898	93.488774
31326	徵兵	2	495900	93.489151
31327	徵信	2	495902	93.489528
31328	徵婚	2	495904	93.489905
31329	徵集	2	495906	93.490282
31330	慶祝會	2	495908	93.490659
31331	慕斯丹王國	2	495910	93.491036
31332	憂惱	2	495912	93.491413
31333	慰問金	2	495914	93.491790
31334	慰藉	2	495916	93.492167
31335	憎惡	2	495918	93.492544
31336	憤世嫉俗	2	495920	93.492921
31337	憤恨	2	495922	93.493298
31338	憤憤不平	2	495924	93.493675
31339	摩天輪	2	495926	93.494052
31340	摩擦係數	2	495928	93.494429
31341	摯友	2	495930	93.494806
31342	撞到	2	495932	93.495183
31343	撞球室	2	495934	93.495560
31344	撞開	2	495936	93.495937
31345	撲克臉	2	495938	93.496314
31346	撲通	2	495940	93.496691
31347	撐傘	2	495942	93.497068
31348	撥冗	2	495944	93.497445
31349	撥付	2	495946	93.497822
31350	撥動	2	495948	93.498199
31351	撥開	2	495950	93.498576
31352	撕掉	2	495952	93.498953
31353	撩動	2	495954	93.499330
31354	撒手不管	2	495956	93.499707
31355	撒播	2	495958	93.500084
31356	播映權	2	495960	93.500461
31357	播報員	2	495962	93.500838
31358	播報臺	2	495964	93.501215
31359	撫卹	2	495966	93.501592
31360	撫近門	2	495968	93.501969
31361	撫愛	2	495970	93.502346
31362	敷愉	2	495972	93.502723
31363	數以百計	2	495974	93.503100
31364	數以萬計	2	495976	93.503477
31365	數位信號	2	495978	93.503854
31366	數理	2	495980	93.504231
31367	數量化	2	495982	93.504608
31368	數學系	2	495984	93.504985
31369	暮氣	2	495986	93.505362
31370	暫且	2	495988	93.505739
31371	暫告	2	495990	93.506116
31372	暫放	2	495992	93.506493
31373	暴力者	2	495994	93.506870
31374	暴卒	2	495996	93.507247
31375	暴戾之氣	2	495998	93.507624
31376	暴烈	2	496000	93.508001
31377	暴發戶	2	496002	93.508378
31378	暴亂	2	496004	93.508755
31379	暴殄天物	2	496006	93.509132
31380	樣板	2	496008	93.509509
31381	樣品	2	496010	93.509886
31382	樟腦	2	496012	93.510263
31383	標明	2	496014	93.510640
31384	標的物	2	496016	93.511017
31385	標度	2	496018	93.511394
31386	標高	2	496020	93.511771
31387	標售	2	496022	93.512148
31388	標點	2	496024	93.512525
31389	標識	2	496026	93.512902
31390	槽湖	2	496028	93.513279
31391	模子	2	496030	93.513656
31392	模仿秀	2	496032	93.514033
31393	模型車	2	496034	93.514410
31394	模態	2	496036	93.514787
31395	模擬考	2	496038	93.515164
31396	樓下	2	496040	93.515541
31397	樓中樓	2	496042	93.515918
31398	樓高	2	496044	93.516295
31399	樓頂	2	496046	93.516672
31400	樊增祥	2	496048	93.517049
31401	樂子	2	496050	93.517426
31402	樂不可支	2	496052	93.517803
31403	樂句	2	496054	93.518180
31404	樂施	2	496056	93.518557
31405	樂聲	2	496058	93.518934
31406	歐系	2	496060	93.519311
31407	歐洲化	2	496062	93.519688
31408	歐風	2	496064	93.520065
31409	歐陽公	2	496066	93.520442
31410	歐陽菲菲	2	496068	93.520819
31411	歐椋鳥	2	496070	93.521196
31412	歎息	2	496072	93.521573
31413	歎氣	2	496074	93.521950
31414	澄明	2	496076	93.522327
31415	澄社	2	496078	93.522704
31416	潑辣	2	496080	93.523081
31417	澆花	2	496082	93.523458
31418	潛在性需求	2	496084	93.523835
31419	潛逃	2	496086	93.524212
31420	潛艇	2	496088	93.524589
31421	潮汐力	2	496090	93.524966
31422	潮熱	2	496092	93.525343
31423	澎恰恰	2	496094	93.525720
31424	潤滑	2	496096	93.526097
31425	潤飾	2	496098	93.526474
31426	潘希真	2	496100	93.526851
31427	潘金蓮	2	496102	93.527228
31428	熟稔	2	496104	93.527605
31429	熬到	2	496106	93.527982
31430	熬夜	2	496108	93.528359
31431	熱瓦克	2	496110	93.528736
31432	熱季	2	496112	93.529113
31433	熱昏	2	496114	93.529490
31434	熱河	2	496116	93.529867
31435	熱炕	2	496118	93.530244
31436	熱氣騰騰	2	496120	93.530621
31437	熱浪	2	496122	93.530998
31438	熱茶	2	496124	93.531375
31439	熱帶雨林區	2	496126	93.531752
31440	熱飲	2	496128	93.532129
31441	熱熱鬧鬧	2	496130	93.532506
31442	熱錢	2	496132	93.532883
31443	獎助學金	2	496134	93.533260
31444	獎狀	2	496136	93.533637
31445	獎盃	2	496138	93.534014
31446	瘟神	2	496140	93.534391
31447	瘦子	2	496142	93.534768
31448	瘦身	2	496144	93.535145
31449	瘦弱	2	496146	93.535522
31450	瘡疤	2	496148	93.535899
31451	瘡痍滿目	2	496150	93.536276
31452	皺眉	2	496152	93.536653
31453	皺眉頭	2	496154	93.537030
31454	盤口器	2	496156	93.537407
31455	盤桓	2	496158	93.537784
31456	瞌睡	2	496160	93.538161
31457	瞋恨	2	496162	93.538538
31458	確定感	2	496164	93.538915
31459	磊落	2	496166	93.539292
31460	磐基	2	496168	93.539669
31461	稿費	2	496170	93.540046
31462	穀類	2	496172	93.540423
31463	稻根	2	496174	93.540800
31464	稻穗	2	496176	93.541177
31465	窮困	2	496178	93.541554
31466	箭竹	2	496180	93.541931
31467	箭靶	2	496182	93.542308
31468	箱中	2	496184	93.542685
31469	箱型操作	2	496186	93.543062
31470	箱體	2	496188	93.543439
31471	箴言	2	496190	93.543816
31472	篇目	2	496192	93.544193
31473	糊裡糊塗	2	496194	93.544570
31474	締結	2	496196	93.544947
31475	練唱	2	496198	93.545324
31476	練習生	2	496200	93.545701
31477	緘默	2	496202	93.546078
31478	編入	2	496204	93.546455
31479	編出	2	496206	93.546832
31480	編作	2	496208	93.547209
31481	編派	2	496210	93.547586
31482	編輯室	2	496212	93.547963
31483	線上	2	496214	93.548340
31484	線型	2	496216	93.548717
31485	線纜	2	496218	93.549094
31486	緩坡	2	496220	93.549471
31487	緩緩地	2	496222	93.549848
31488	罷手	2	496224	93.550225
31489	罷逐	2	496226	93.550602
31490	膠布	2	496228	93.550979
31491	膠質	2	496230	93.551356
31492	蔚然	2	496232	93.551733
31493	蓮藕	2	496234	93.552110
31494	蔬菜店	2	496236	93.552487
31495	蔑視	2	496238	93.552864
31496	蔣介石紀念機場	2	496240	93.553241
31497	蔣夢麟	2	496242	93.553618
31498	蔣勳	2	496244	93.553995
31499	蔡宏圖	2	496246	93.554372
31500	蔡佩志	2	496248	93.554749
31501	蔡勝邦	2	496250	93.555126
31502	蔡祺文	2	496252	93.555503
31503	蔡萬霖	2	496254	93.555880
31504	蓬萊	2	496256	93.556257
31505	蓬亂	2	496258	93.556634
31506	蝴蝶君	2	496260	93.557011
31507	蝦子	2	496262	93.557388
31508	蝦米	2	496264	93.557765
31509	蝙蝠俠	2	496266	93.558142
31510	蝙蝠俠大顯神威	2	496268	93.558519
31511	衛生研究所	2	496270	93.558896
31512	衛生處	2	496272	93.559273
31513	衛生部	2	496274	93.559650
31514	衛國	2	496276	93.560027
31515	衝入	2	496278	93.560404
31516	衝鋒槍	2	496280	93.560781
31517	複合症	2	496282	93.561158
31518	複述	2	496284	93.561535
31519	複檢	2	496286	93.561912
31520	複雜化	2	496288	93.562289
31521	褒貶	2	496290	93.562666
31522	談天說地	2	496292	93.563043
31523	談何容易	2	496294	93.563420
31524	談笑風生	2	496296	93.563797
31525	談情	2	496298	93.564174
31526	諄諄教誨	2	496300	93.564551
31527	誕辰	2	496302	93.564928
31528	請住	2	496304	93.565305
31529	請來	2	496306	93.565682
31530	請調	2	496308	93.566059
31531	諸位	2	496310	93.566436
31532	諸侯國	2	496312	93.566813
31533	課後活動	2	496314	93.567190
31534	諂媚	2	496316	93.567567
31535	調出	2	496318	93.567944
31536	調合	2	496320	93.568321
31537	調味乳	2	496322	93.568698
31538	調味品	2	496324	93.569075
31539	調查表	2	496326	93.569452
31540	調查隊	2	496328	93.569829
31541	調派	2	496330	93.570206
31542	調氣	2	496332	93.570583
31543	調酒	2	496334	93.570960
31544	調停	2	496336	93.571337
31545	調情	2	496338	93.571714
31546	調教	2	496340	93.572091
31547	調號	2	496342	93.572468
31548	調解	2	496344	93.572845
31549	調增	2	496346	93.573222
31550	調撥	2	496348	93.573599
31551	調頻	2	496350	93.573976
31552	調頭	2	496352	93.574353
31553	誰知道	2	496354	93.574730
31554	論功行賞	2	496356	93.575107
31555	論語	2	496358	93.575484
31556	論說	2	496360	93.575861
31557	誹謗	2	496362	93.576238
31558	豌豆	2	496364	93.576615
31559	豬腦	2	496366	93.576992
31560	賠款	2	496368	93.577369
31561	賠償費	2	496370	93.577746
31562	賠禮	2	496372	93.578123
31563	賞梅	2	496374	93.578500
31564	賞景	2	496376	93.578877
31565	賞畫	2	496378	93.579254
31566	賞楓	2	496380	93.579631
31567	賞蝶	2	496382	93.580008
31568	賞賜	2	496384	93.580385
31569	賤賣	2	496386	93.580762
31570	賭徒	2	496388	93.581139
31571	賢伉儷	2	496390	93.581516
31572	賣命	2	496392	93.581893
31573	賣春	2	496394	93.582270
31574	賣票	2	496396	93.582647
31575	賣報	2	496398	93.583024
31576	賣菜	2	496400	93.583401
31577	賣藥	2	496402	93.583778
31578	賜予	2	496404	93.584155
31579	賜給	2	496406	93.584532
31580	質材	2	496408	93.584909
31581	質孫	2	496410	93.585286
31582	赭紅色	2	496412	93.585663
31583	趣味性	2	496414	93.586040
31584	趣談	2	496416	93.586417
31585	踢球	2	496418	93.586794
31586	踢腿	2	496420	93.587171
31587	踏步	2	496422	93.587548
31588	踏青	2	496424	93.587925
31589	踩出	2	496426	93.588302
31590	踩油門	2	496428	93.588679
31591	輝煌時代	2	496430	93.589056
31592	輪班	2	496432	93.589433
31593	輪番上陣	2	496434	93.589810
31594	輪盤	2	496436	93.590187
31595	適任	2	496438	93.590564
31596	遮住	2	496440	93.590941
31597	遮音罩	2	496442	93.591318
31598	遮風避雨	2	496444	93.591695
31599	遮陽	2	496446	93.592072
31600	遨翔	2	496448	93.592449
31601	遨遊車	2	496450	93.592826
31602	遷到	2	496452	93.593203
31603	遷就	2	496454	93.593580
31604	遷調	2	496456	93.593957
31605	鄰人	2	496458	93.594334
31606	鄰邦	2	496460	93.594711
31607	鄭正秋	2	496462	93.595088
31608	鄭再傳	2	496464	93.595465
31609	鄭州	2	496466	93.595842
31610	鄭和	2	496468	93.596219
31611	鄭雅易	2	496470	93.596596
31612	鄭瓊	2	496472	93.596973
31613	鄭顯榮	2	496474	93.597350
31614	鄧公國小	2	496476	93.597727
31615	醇厚	2	496478	93.598104
31616	醉翁九景	2	496480	93.598481
31617	醉酒	2	496482	93.598858
31618	醉漬	2	496484	93.599235
31619	銷售案	2	496486	93.599612
31620	銷魂	2	496488	93.599989
31621	銷聲匿跡	2	496490	93.600366
31622	鋪子	2	496492	93.600743
31623	鋪張	2	496494	93.601120
31624	鋪貨	2	496496	93.601497
31625	鋁合金卡鉗	2	496498	93.601874
31626	鋁製	2	496500	93.602251
31627	銳力	2	496502	93.602628
31628	銳角	2	496504	93.603005
31629	鋒芒	2	496506	93.603382
31630	銲槍	2	496508	93.603759
31631	閭丘胤	2	496510	93.604136
31632	閱報	2	496512	93.604513
31633	震天價響	2	496514	93.604890
31634	震災	2	496516	93.605267
31635	震怒	2	496518	93.605644
31636	震懾	2	496520	93.606021
31637	靠人	2	496522	93.606398
31638	靠椅	2	496524	93.606775
31639	鞋店	2	496526	93.607152
31640	鞋帶	2	496528	93.607529
31641	鞋墊	2	496530	93.607906
31642	颳風	2	496532	93.608283
31643	養工處	2	496534	93.608660
31644	養心殿	2	496536	93.609037
31645	養父母	2	496538	93.609414
31646	養老院	2	496540	93.609791
31647	養老險	2	496542	93.610168
31648	養育者	2	496544	93.610545
31649	養兒防老	2	496546	93.610922
31650	養狗	2	496548	93.611299
31651	養珠	2	496550	93.611676
31652	養魚	2	496552	93.612053
31653	養雞場	2	496554	93.612430
31654	養護	2	496556	93.612807
31655	餓鬼	2	496558	93.613184
31656	餘波	2	496560	93.613561
31657	餘毒	2	496562	93.613938
31658	餘款	2	496564	93.614315
31659	餘燼	2	496566	93.614692
31660	餘糧	2	496568	93.615069
31661	餘韻	2	496570	93.615446
31662	駐在	2	496572	93.615823
31663	駐防	2	496574	93.616200
31664	駐臺代表	2	496576	93.616577
31665	駛出	2	496578	93.616954
31666	駕控	2	496580	93.617331
31667	駕輕就熟	2	496582	93.617708
31668	駕駛執照	2	496584	93.618085
31669	駕臨	2	496586	93.618462
31670	骷髏	2	496588	93.618839
31671	髮梢	2	496590	93.619216
31672	髮菜	2	496592	93.619593
31673	髮膠	2	496594	93.619970
31674	髮髻	2	496596	93.620347
31675	髮鬢	2	496598	93.620724
31676	鬧雙胞	2	496600	93.621101
31677	魯莽	2	496602	93.621478
31678	黎巴嫩	2	496604	93.621855
31679	墨汁	2	496606	93.622232
31680	墨痕	2	496608	93.622609
31681	墨爾本	2	496610	93.622986
31682	墨鏡	2	496612	93.623363
31683	齒齦	2	496614	93.623740
31684	凝重	2	496616	93.624117
31685	噩夢	2	496618	93.624494
31686	器重	2	496620	93.624871
31687	壁球	2	496622	93.625248
31688	壁報紙	2	496624	93.625625
31689	壁飾	2	496626	93.626002
31690	壁壘	2	496628	93.626379
31691	墾丁公園	2	496630	93.626756
31692	奮不顧身	2	496632	93.627133
31693	奮起	2	496634	93.627510
31694	奮鬥不懈	2	496636	93.627887
31695	奮發	2	496638	93.628264
31696	學分制	2	496640	93.628641
31697	學生族	2	496642	93.629018
31698	學生組	2	496644	93.629395
31699	學成歸國	2	496646	93.629772
31700	學有專長	2	496648	93.630149
31701	學系	2	496650	93.630526
31702	學來	2	496652	93.630903
31703	學制	2	496654	93.631280
31704	學理	2	496656	93.631657
31705	學術史	2	496658	93.632034
31706	學術研討會	2	496660	93.632411
31707	學畫	2	496662	93.632788
31708	學經歷	2	496664	93.633165
31709	學禪	2	496666	93.633542
31710	學雜費用	2	496668	93.633919
31711	寰宇	2	496670	93.634296
31712	導報	2	496672	93.634673
31713	導源	2	496674	93.635050
31714	導熱	2	496676	93.635427
31715	憲改	2	496678	93.635804
31716	憑什麼	2	496680	93.636181
31717	憑弔	2	496682	93.636558
31718	憑依	2	496684	93.636935
31719	憶起	2	496686	93.637312
31720	懊悔	2	496688	93.637689
31721	戰局	2	496690	93.638066
31722	戰事	2	496692	93.638443
31723	戰果	2	496694	93.638820
31724	戰神	2	496696	93.639197
31725	戰鬥力	2	496698	93.639574
31726	戰鬥營	2	496700	93.639951
31727	戰區	2	496702	93.640328
31728	戰國時代	2	496704	93.640705
31729	戰情	2	496706	93.641082
31730	戰備	2	496708	93.641459
31731	戰慄情謀	2	496710	93.641836
31732	據為己有	2	496712	93.642213
31733	據悉	2	496714	93.642590
31734	操刀	2	496716	93.642967
31735	操作員	2	496718	93.643344
31736	擔子	2	496720	93.643721
31737	整件	2	496722	93.644098
31738	整年	2	496724	93.644475
31739	整型	2	496726	93.644852
31740	整棟	2	496728	93.645229
31741	整飭	2	496730	93.645606
31742	整數	2	496732	93.645983
31743	整體化	2	496734	93.646360
31744	整體行銷傳播	2	496736	93.646737
31745	整體感	2	496738	93.647114
31746	樸實無華	2	496740	93.647491
31747	樺樹	2	496742	93.647868
31748	橫亙	2	496744	93.648245
31749	橫列	2	496746	93.648622
31750	橫財	2	496748	93.648999
31751	橫帶尖鼻魨	2	496750	93.649376
31752	橫幅	2	496752	93.649753
31753	橫置	2	496754	93.650130
31754	橫隔膜	2	496756	93.650507
31755	橫濱	2	496758	93.650884
31756	樹大招風	2	496760	93.651261
31757	樹仁殘障基金會	2	496762	93.651638
31758	樹汁	2	496764	93.652015
31759	樹狀	2	496766	93.652392
31760	樹屋	2	496768	93.652769
31761	樹根	2	496770	93.653146
31762	樹蛙	2	496772	93.653523
31763	樹敵	2	496774	93.653900
31764	樹鵲	2	496776	93.654277
31765	橄欖油	2	496778	93.654654
31766	橡皮帶	2	496780	93.655031
31767	橋頭堡	2	496782	93.655408
31768	機件	2	496784	93.655785
31769	機車業	2	496786	93.656162
31770	機長	2	496788	93.656539
31771	機要祕書	2	496790	93.656916
31772	機能體	2	496792	93.657293
31773	機動車	2	496794	93.657670
31774	機動性	2	496796	93.658047
31775	機敏	2	496798	93.658424
31776	機械人	2	496800	93.658801
31777	機械化	2	496802	93.659178
31778	機隊	2	496804	93.659555
31779	機群	2	496806	93.659932
31780	機運	2	496808	93.660309
31781	機槍	2	496810	93.660686
31782	橈動脈	2	496812	93.661063
31783	歷史界	2	496814	93.661440
31784	歷屆	2	496816	93.661817
31785	歷盡滄桑	2	496818	93.662194
31786	歷歷在目	2	496820	93.662571
31787	歷險	2	496822	93.662948
31788	濃眉	2	496824	93.663325
31789	濃聚	2	496826	93.663702
31790	濁水	2	496828	93.664079
31791	激化	2	496830	93.664456
31792	激怒	2	496832	93.664833
31793	激活	2	496834	93.665210
31794	激情佳人	2	496836	93.665587
31795	激發性	2	496838	93.665964
31796	激越	2	496840	93.666341
31797	熾烈	2	496842	93.666718
31798	燒死	2	496844	93.667095
31799	燒紅	2	496846	93.667472
31800	燒香	2	496848	93.667849
31801	燒香拜佛	2	496850	93.668226
31802	燒釉	2	496852	93.668603
31803	燒壞	2	496854	93.668980
31804	燈火通明	2	496856	93.669357
31805	燈火闌珊	2	496858	93.669734
31806	燈紅酒綠	2	496860	93.670111
31807	燈號	2	496862	93.670488
31808	燈飾	2	496864	93.670865
31809	燙頭髮	2	496866	93.671242
31810	燃放	2	496868	93.671619
31811	燃起	2	496870	93.671996
31812	獨占	2	496872	93.672373
31813	獨占性	2	496874	93.672750
31814	獨立宣言	2	496876	93.673127
31815	獨立採算制	2	496878	93.673504
31816	獨立製片	2	496880	93.673881
31817	獨行	2	496882	93.674258
31818	獨身	2	496884	93.674635
31819	獨來獨往	2	496886	93.675012
31820	獨具慧眼	2	496888	93.675389
31821	獨創	2	496890	93.675766
31822	獨當一面	2	496892	93.676143
31823	獨舞	2	496894	93.676520
31824	獨領	2	496896	93.676897
31825	獨領風潮	2	496898	93.677274
31826	獨樹一格	2	496900	93.677651
31827	獨獨	2	496902	93.678028
31828	獨鍾	2	496904	93.678405
31829	獨霸	2	496906	93.678782
31830	璞石閣	2	496908	93.679159
31831	盧修一	2	496910	93.679536
31832	瞠目結舌	2	496912	93.679913
31833	瞞天過海	2	496914	93.680290
31834	磨人	2	496916	93.680667
31835	磨利	2	496918	93.681044
31836	磨製	2	496920	93.681421
31837	磨菇	2	496922	93.681798
31838	磚瓦	2	496924	93.682175
31839	積少成多	2	496926	93.682552
31840	積存	2	496928	93.682929
31841	積善	2	496930	93.683306
31842	積壓	2	496932	93.683683
31843	穆瑙	2	496934	93.684060
31844	窺伺	2	496936	93.684437
31845	窺探	2	496938	93.684814
31846	窺視	2	496940	93.685191
31847	築城	2	496942	93.685568
31848	築洞	2	496944	93.685945
31849	築夢	2	496946	93.686322
31850	篤行國小	2	496948	93.686699
31851	糕點	2	496950	93.687076
31852	糖衣	2	496952	93.687453
31853	糖廠	2	496954	93.687830
31854	縣令	2	496956	93.688207
31855	罹病	2	496958	93.688584
31856	罹難	2	496960	93.688961
31857	翰林院	2	496962	93.689338
31858	翱翔	2	496964	93.689715
31859	膳食	2	496966	93.690092
31860	膩稱	2	496968	93.690469
31861	興匆匆	2	496970	93.690846
31862	興味	2	496972	93.691223
31863	興高彩烈	2	496974	93.691600
31864	興隆窪文化	2	496976	93.691977
31865	興業	2	496978	93.692354
31866	興慶宮	2	496980	93.692731
31867	興緻	2	496982	93.693108
31868	興緻勃勃	2	496984	93.693485
31869	興奮劑	2	496986	93.693862
31870	興築	2	496988	93.694239
31871	興辦	2	496990	93.694616
31872	蕙質	2	496992	93.694993
31873	蕩然無存	2	496994	93.695370
31874	蕩漾	2	496996	93.695747
31875	螞蝗	2	496998	93.696124
31876	融券	2	497000	93.696501
31877	融匯	2	497002	93.696878
31878	融會貫通	2	497004	93.697255
31879	衡平法	2	497006	93.697632
31880	褲袋	2	497008	93.698009
31881	親子團	2	497010	93.698386
31882	親炙	2	497012	93.698763
31883	親家	2	497014	93.699140
31884	親族	2	497016	93.699517
31885	親筆	2	497018	93.699894
31886	親熱	2	497020	93.700271
31887	親親	2	497022	93.700648
31888	諦聽	2	497024	93.701025
31889	謀取	2	497026	93.701402
31890	諧仿	2	497028	93.701779
31891	諾貝爾	2	497030	93.702156
31892	諾貝爾文學獎	2	497032	93.702533
31893	諾貝爾醫學獎	2	497034	93.702910
31894	諾曼人	2	497036	93.703287
31895	謁見	2	497038	93.703664
31896	謁者	2	497040	93.704041
31897	諷喻	2	497042	93.704418
31898	豫園	2	497044	93.704795
31899	貓科	2	497046	93.705172
31900	賴大衛	2	497048	93.705549
31901	賴瑟珍	2	497050	93.705926
31902	賴鴻標	2	497052	93.706303
31903	輻射網	2	497054	93.706680
31904	輻射線	2	497056	93.707057
31905	輸去	2	497058	93.707434
31906	輸往	2	497060	93.707811
31907	輸液	2	497062	93.708188
31908	辦公費	2	497064	93.708565
31909	辦好	2	497066	93.708942
31910	辦成	2	497068	93.709319
31911	辦事不力	2	497070	93.709696
31912	辦事員	2	497072	93.710073
31913	辦喜事	2	497074	93.710450
31914	遵行	2	497076	93.710827
31915	選人	2	497078	93.711204
31916	選中	2	497080	93.711581
31917	選曲	2	497082	93.711958
31918	選育	2	497084	93.712335
31919	選委會	2	497086	93.712712
31920	選商會	2	497088	93.713089
31921	選集	2	497090	93.713466
31922	選項	2	497092	93.713843
31923	選課	2	497094	93.714220
31924	選讀	2	497096	93.714597
31925	遲至	2	497098	93.714974
31926	遼國	2	497100	93.715351
31927	遺作	2	497102	93.715728
31928	遺風	2	497104	93.716105
31929	遺訓	2	497106	93.716482
31930	遺傳性疾病	2	497108	93.716859
31931	遺愛堂	2	497110	93.717236
31932	遺骸	2	497112	93.717613
31933	遺孀	2	497114	93.717990
31934	醒覺	2	497116	93.718367
31935	鋸末	2	497118	93.718744
31936	錯身	2	497120	93.719121
31937	錯置	2	497122	93.719498
31938	錯落	2	497124	93.719875
31939	錢包	2	497126	93.720252
31940	錢兩	2	497128	93.720629
31941	錢金利	2	497130	93.721006
31942	錢惟演	2	497132	93.721383
31943	錢雜誌	2	497134	93.721760
31944	鋼骨	2	497136	93.722137
31945	鋼管	2	497138	93.722514
31946	鋼鐵廠	2	497140	93.722891
31947	錄音師	2	497142	93.723268
31948	錄像帶	2	497144	93.723645
31949	錙銖必較	2	497146	93.724022
31950	隨之而來	2	497148	93.724399
31951	隨同	2	497150	93.724776
31952	隨風搖曳	2	497152	93.725153
31953	隨筆	2	497154	93.725530
31954	險峰	2	497156	93.725907
31955	雕刻匠	2	497158	93.726284
31956	雕蟲小技	2	497160	93.726661
31957	霖園	2	497162	93.727038
31958	霍伯時間	2	497164	93.727415
31959	霍伯常數	2	497166	93.727792
31960	霍金遜	2	497168	93.728169
31961	霍榮齡	2	497170	93.728546
31962	霓虹	2	497172	93.728923
31963	靜物畫	2	497174	93.729300
31964	靜置	2	497176	93.729677
31965	靜養	2	497178	93.730054
31966	靜謐	2	497180	93.730431
31967	靜聽	2	497182	93.730808
31968	頸椎	2	497184	93.731185
31969	頻仍	2	497186	93.731562
31970	頻臨	2	497188	93.731939
31971	頭昏	2	497190	93.732316
31972	頭昏眼花	2	497192	93.732693
31973	頭套	2	497194	93.733070
31974	頭疼	2	497196	93.733447
31975	頭期款	2	497198	93.733824
31976	頭痛藥	2	497200	93.734201
31977	頹廢	2	497202	93.734578
31978	餐巾	2	497204	93.734955
31979	餐室	2	497206	93.735332
31980	餐敘	2	497208	93.735709
31981	駢文	2	497210	93.736086
31982	骸骨	2	497212	93.736463
31983	鮑河	2	497214	93.736840
31984	鮑魚	2	497216	93.737217
31985	龍山文化	2	497218	93.737594
31986	龍井	2	497220	93.737971
31987	龍虎榜	2	497222	93.738348
31988	龍捲風	2	497224	93.738725
31989	龍鳳	2	497226	93.739102
31990	龍頭老大	2	497228	93.739479
31991	龜兒子	2	497230	93.739856
31992	優缺點	2	497232	93.740233
31993	優渥	2	497234	93.740610
31994	優等生	2	497236	93.740987
31995	優詩美地	2	497238	93.741364
31996	優質蛋白質	2	497240	93.741741
31997	儲金	2	497242	93.742118
31998	儲藏	2	497244	93.742495
31999	嚐試	2	497246	93.742872
32000	嚇唬	2	497248	93.743249
32001	壓克力	2	497250	93.743626
32002	壓垮	2	497252	93.744003
32003	壓迫者	2	497254	93.744380
32004	壓倒性	2	497256	93.744757
32005	壓陣	2	497258	93.745134
32006	壓痛	2	497260	93.745511
32007	壓歲果	2	497262	93.745888
32008	壓境	2	497264	93.746265
32009	嬰兒帽	2	497266	93.746642
32010	嬰孩	2	497268	93.747019
32011	孺子可教	2	497270	93.747396
32012	嶺南	2	497272	93.747773
32013	幫幫忙	2	497274	93.748150
32014	彌留	2	497276	93.748527
32015	彌勒佛	2	497278	93.748904
32016	徽宗	2	497280	93.749281
32017	徽誌	2	497282	93.749658
32018	應用展	2	497284	93.750035
32019	應收帳款	2	497286	93.750412
32020	應否	2	497288	93.750789
32021	應和	2	497290	93.751166
32022	應時	2	497292	93.751543
32023	應訊	2	497294	93.751920
32024	應得	2	497296	93.752297
32025	應聘	2	497298	93.752674
32026	應變力	2	497300	93.753051
32027	懇親	2	497302	93.753428
32028	戲弄	2	497304	93.753805
32029	戲班	2	497306	93.754182
32030	戲劇性	2	497308	93.754559
32031	戲館	2	497310	93.754936
32032	戴憑	2	497312	93.755313
32033	擠破頭	2	497314	93.755690
32034	擦乾	2	497316	93.756067
32035	曙鳳蝶	2	497318	93.756444
32036	檀霸市	2	497320	93.756821
32037	檔案室	2	497322	93.757198
32038	檔期	2	497324	93.757575
32039	檢附	2	497326	93.757952
32040	檢疫制度	2	497328	93.758329
32041	檢索	2	497330	93.758706
32042	檢討會	2	497332	93.759083
32043	檢察長	2	497334	93.759460
32044	檢調	2	497336	93.759837
32045	檢點	2	497338	93.760214
32046	檢驗所	2	497340	93.760591
32047	檢驗法	2	497342	93.760968
32048	櫛比鱗次	2	497344	93.761345
32049	氈房	2	497346	93.761722
32050	濟公	2	497348	93.762099
32051	濫交	2	497350	93.762476
32052	濕氣	2	497352	93.762853
32053	營地	2	497354	93.763230
32054	營建界	2	497356	93.763607
32055	營建署長	2	497358	93.763984
32056	營造業	2	497360	93.764361
32057	營業毛利	2	497362	93.764738
32058	營銷	2	497364	93.765115
32059	營養品	2	497366	93.765492
32060	營養學家	2	497368	93.765869
32061	燭火	2	497370	93.766246
32062	燭臺	2	497372	93.766623
32063	爵士樂團	2	497374	93.767000
32064	牆洞	2	497376	93.767377
32065	牆面	2	497378	93.767754
32066	獲知	2	497380	93.768131
32067	獲益匪淺	2	497382	93.768508
32068	環伺	2	497384	93.768885
32069	環保分子	2	497386	93.769262
32070	環保處	2	497388	93.769639
32071	環島	2	497390	93.770016
32072	環視	2	497392	93.770393
32073	環遊	2	497394	93.770770
32074	環環相扣	2	497396	93.771147
32075	療程	2	497398	93.771524
32076	療養院	2	497400	93.771901
32077	癌病	2	497402	93.772278
32078	癌細胞	2	497404	93.772655
32079	癌腫	2	497406	93.773032
32080	瞳孔	2	497408	93.773409
32081	瞭望臺	2	497410	93.773786
32082	禪悅	2	497412	93.774163
32083	禪意	2	497414	93.774540
32084	簇擁	2	497416	93.774917
32085	篷車	2	497418	93.775294
32086	糞土	2	497420	93.775671
32087	縮衣節食	2	497422	93.776048
32088	縮編	2	497424	93.776425
32089	縫匠肌	2	497426	93.776802
32090	縫紉機	2	497428	93.777179
32091	總工會	2	497430	93.777556
32092	總市場	2	497432	93.777933
32093	總成本	2	497434	93.778310
32094	總產量	2	497436	93.778687
32095	總統套房	2	497438	93.779064
32096	總評	2	497440	93.779441
32097	總經銷	2	497442	93.779818
32098	總管	2	497444	93.780195
32099	總廠	2	497446	93.780572
32100	總質量	2	497448	93.780949
32101	總機	2	497450	93.781326
32102	總顧問	2	497452	93.781703
32103	縱走	2	497454	93.782080
32104	縱波	2	497456	93.782457
32105	縱情聲色	2	497458	93.782834
32106	縱貫線	2	497460	93.783211
32107	縱慾	2	497462	93.783588
32108	縱橫交錯	2	497464	93.783965
32109	繁花盛開	2	497466	93.784342
32110	聲名	2	497468	93.784719
32111	聲色	2	497470	93.785096
32112	聲言	2	497472	93.785473
32113	聲量	2	497474	93.785850
32114	聲嘶力竭	2	497476	93.786227
32115	聲請	2	497478	93.786604
32116	聰明才智	2	497480	93.786981
32117	聰明過人	2	497482	93.787358
32118	聰穎	2	497484	93.787735
32119	聯名	2	497486	93.788112
32120	聯合國教科文組織	2	497488	93.788489
32121	聯合會	2	497490	93.788866
32122	聯邦調查局	2	497492	93.789243
32123	聯絡人	2	497494	93.789620
32124	聯貸	2	497496	93.789997
32125	聯貸案	2	497498	93.790374
32126	聯會	2	497500	93.790751
32127	聯演	2	497502	93.791128
32128	聯歡會	2	497504	93.791505
32129	聳肩	2	497506	93.791882
32130	臀骨	2	497508	93.792259
32131	膿疱	2	497510	93.792636
32132	膽大	2	497512	93.793013
32133	膽寒	2	497514	93.793390
32134	膽量	2	497516	93.793767
32135	膽道	2	497518	93.794144
32136	膽囊炎	2	497520	93.794521
32137	臉皮	2	497522	93.794898
32138	臉模	2	497524	93.795275
32139	臨界	2	497526	93.795652
32140	臨界量	2	497528	93.796029
32141	臨海	2	497530	93.796406
32142	臨終	2	497532	93.796783
32143	舉手之勞	2	497534	93.797160
32144	舉世無雙	2	497536	93.797537
32145	舉世矚目	2	497538	93.797914
32146	舉目	2	497540	93.798291
32147	舉棋不定	2	497542	93.798668
32148	舉債	2	497544	93.799045
32149	艱巨	2	497546	93.799422
32150	艱深	2	497548	93.799799
32151	薪火相傳	2	497550	93.800176
32152	薄水層	2	497552	93.800553
32153	薄紗	2	497554	93.800930
32154	薄荷油	2	497556	93.801307
32155	薄荷腦	2	497558	93.801684
32156	蕾絲	2	497560	93.802061
32157	薛君度	2	497562	93.802438
32158	薛寶釵	2	497564	93.802815
32159	虧本	2	497566	93.803192
32160	螳螂	2	497568	93.803569
32161	螺栓	2	497570	93.803946
32162	螺旋形	2	497572	93.804323
32163	螺螄	2	497574	93.804700
32164	褶痕相手蟹	2	497576	93.805077
32165	襄助	2	497578	93.805454
32166	襄陽路	2	497580	93.805831
32167	謎底	2	497582	93.806208
32168	謙遜	2	497584	93.806585
32169	講好	2	497586	93.806962
32170	講師	2	497588	93.807339
32171	講習會	2	497590	93.807716
32172	講評	2	497592	93.808093
32173	謠傳	2	497594	93.808470
32174	謝式穀	2	497596	93.808847
32175	謝國成	2	497598	93.809224
32176	謝通運	2	497600	93.809601
32177	謝聰敏	2	497602	93.809978
32178	謝瀛春	2	497604	93.810355
32179	謝靈運	2	497606	93.810732
32180	謝旻	2	497608	93.811109
32181	賺到	2	497610	93.811486
32182	賽沖阿	2	497612	93.811863
32183	賽事	2	497614	93.812240
32184	蹉跎	2	497616	93.812617
32185	避孕套	2	497618	93.812994
32186	避重就輕	2	497620	93.813371
32187	避寒	2	497622	93.813748
32188	避暑屋	2	497624	93.814125
32189	避嫌	2	497626	93.814502
32190	避談	2	497628	93.814879
32191	避震	2	497630	93.815256
32192	還本	2	497632	93.815633
32193	還未	2	497634	93.816010
32194	還清	2	497636	93.816387
32195	還給	2	497638	93.816764
32196	還錢	2	497640	93.817141
32197	還擊	2	497642	93.817518
32198	邁克道格拉斯	2	497644	93.817895
32199	邁錫尼	2	497646	93.818272
32200	邂逅	2	497648	93.818649
32201	醜事	2	497650	93.819026
32202	鍋子	2	497652	93.819403
32203	鍋蓋	2	497654	93.819780
32204	闊葉樹	2	497656	93.820157
32205	隱翅蟲	2	497658	93.820534
32206	隱情	2	497660	93.820911
32207	隱球菌症	2	497662	93.821288
32208	隱痛	2	497664	93.821665
32209	隱賢堂	2	497666	93.822042
32210	隱隱約約	2	497668	93.822419
32211	隱鞭孢子蟲症	2	497670	93.822796
32212	隸書	2	497672	93.823173
32213	霜雪	2	497674	93.823550
32214	霞光	2	497676	93.823927
32215	鞠躬盡瘁	2	497678	93.824304
32216	韓森	2	497680	93.824681
32217	韓愈	2	497682	93.825058
32218	韓德爾	2	497684	93.825435
32219	餵飽	2	497686	93.825812
32220	騁馳	2	497688	93.826189
32221	駿馬	2	497690	93.826566
32222	鮮為人知	2	497692	93.826943
32223	鮮紅	2	497694	93.827320
32224	鮮紅色	2	497696	93.827697
32225	鮮黃	2	497698	93.828074
32226	鮮綠	2	497700	93.828451
32227	鴻圖	2	497702	93.828828
32228	鴻禧大溪高爾夫俱樂部	2	497704	93.829205
32229	麋鹿	2	497706	93.829582
32230	黏人	2	497708	93.829959
32231	黏貼	2	497710	93.830336
32232	點土成金	2	497712	93.830713
32233	點石成金	2	497714	93.831090
32234	點狀	2	497716	93.831467
32235	點亮	2	497718	93.831844
32236	點菜	2	497720	93.832221
32237	黛安娜	2	497722	93.832598
32238	黛德美	2	497724	93.832975
32239	擴辦	2	497726	93.833352
32240	擲地有聲	2	497728	93.833729
32241	擺平	2	497730	93.834106
32242	擺在	2	497732	93.834483
32243	擺佈	2	497734	93.834860
32244	擺長	2	497736	93.835237
32245	擺姿勢	2	497738	93.835614
32246	擺烏龍	2	497740	93.835991
32247	擺滿	2	497742	93.836368
32248	斷奶	2	497744	93.836745
32249	斷眠	2	497746	93.837122
32250	斷送	2	497748	93.837499
32251	檳榔汁	2	497750	93.837876
32252	檳榔嶼	2	497752	93.838253
32253	檯燈	2	497754	93.838630
32254	歸之於	2	497756	93.839007
32255	歸去	2	497758	93.839384
32256	歸去來兮	2	497760	93.839761
32257	歸位	2	497762	93.840138
32258	歸亞蕾	2	497764	93.840515
32259	歸根	2	497766	93.840892
32260	歸隱	2	497768	93.841269
32261	濾光器	2	497770	93.841646
32262	濾嘴	2	497772	93.842023
32263	濺起	2	497774	93.842400
32264	獵取	2	497776	93.842777
32265	獵路	2	497778	93.843154
32266	瞻前顧後	2	497780	93.843531
32267	禮制	2	497782	93.843908
32268	禮尚往來	2	497784	93.844285
32269	禮堂	2	497786	93.844662
32270	禮部	2	497788	93.845039
32271	禮義	2	497790	93.845416
32272	禮儀志	2	497792	93.845793
32273	禮讚	2	497794	93.846170
32274	竄改	2	497796	93.846547
32275	竄紅	2	497798	93.846924
32276	簡訊	2	497800	93.847301
32277	簡報室	2	497802	93.847678
32278	簡寫	2	497804	93.848055
32279	簡練	2	497806	93.848432
32280	簡簡單單	2	497808	93.848809
32281	織物	2	497810	93.849186
32282	織辦	2	497812	93.849563
32283	繞城	2	497814	93.849940
32284	繡品	2	497816	93.850317
32285	繡像	2	497818	93.850694
32286	翹起	2	497820	93.851071
32287	翻山越嶺	2	497822	93.851448
32288	翻升	2	497824	93.851825
32289	翻出	2	497826	93.852202
32290	翻臉	2	497828	93.852579
32291	職前訓練	2	497830	93.852956
32292	職訓中心	2	497832	93.853333
32293	職訓局	2	497834	93.853710
32294	職教	2	497836	93.854087
32295	職棒隊	2	497838	93.854464
32296	職棒聯盟	2	497840	93.854841
32297	職等	2	497842	93.855218
32298	職業病	2	497844	93.855595
32299	職業訓練	2	497846	93.855972
32300	職業學校	2	497848	93.856349
32301	職業觀	2	497850	93.856726
32302	職銜	2	497852	93.857103
32303	職籃	2	497854	93.857480
32304	舊石器	2	497856	93.857857
32305	舊地	2	497858	93.858234
32306	舊車	2	497860	93.858611
32307	舊約	2	497862	93.858988
32308	舊園	2	497864	93.859365
32309	舊跡	2	497866	93.859742
32310	舊稱	2	497868	93.860119
32311	舊調	2	497870	93.860496
32312	藏起來	2	497872	93.860873
32313	藍面亞馬遜鸚鵡	2	497874	93.861250
32314	藍帶裂脣鯛	2	497876	93.861627
32315	藍調	2	497878	93.862004
32316	藍鯨	2	497880	93.862381
32317	藐視	2	497882	93.862758
32318	藉故	2	497884	93.863135
32319	蟲蛋	2	497886	93.863512
32320	蟠龍	2	497888	93.863889
32321	謬誤	2	497890	93.864266
32322	豐干	2	497892	93.864643
32323	豐功偉業	2	497894	93.865020
32324	豐功偉績	2	497896	93.865397
32325	豐田車廠	2	497898	93.865774
32326	豐衣足食	2	497900	93.866151
32327	豐足	2	497902	93.866528
32328	豐洋興業	2	497904	93.866905
32329	豐盈	2	497906	93.867282
32330	豐美	2	497908	93.867659
32331	豐饒	2	497910	93.868036
32332	蹙眉	2	497912	93.868413
32333	蹣跚	2	497914	93.868790
32334	軀幹	2	497916	93.869167
32335	轉入	2	497918	93.869544
32336	轉口貿易	2	497920	93.869921
32337	轉代	2	497922	93.870298
32338	轉作	2	497924	93.870675
32339	轉走	2	497926	93.871052
32340	轉往	2	497928	93.871429
32341	轉班	2	497930	93.871806
32342	轉租	2	497932	93.872183
32343	轉售	2	497934	93.872560
32344	轉圈	2	497936	93.872937
32345	轉帳	2	497938	93.873314
32346	轉速域	2	497940	93.873691
32347	轉速錶	2	497942	93.874068
32348	轉殖	2	497944	93.874445
32349	轉鈕	2	497946	93.874822
32350	轉業	2	497948	93.875199
32351	轉學	2	497950	93.875576
32352	醫家	2	497952	93.875953
32353	醫書	2	497954	93.876330
32354	醫業	2	497956	93.876707
32355	醫學系	2	497958	93.877084
32356	醫學會	2	497960	93.877461
32357	醫療中心	2	497962	93.877838
32358	醫療事故鑒定委員會	2	497964	93.878215
32359	醫療網	2	497966	93.878592
32360	醫療險	2	497968	93.878969
32361	鎮住	2	497970	93.879346
32362	鎮痛	2	497972	93.879723
32363	鎚頭	2	497974	93.880100
32364	鎗神	2	497976	93.880477
32365	闖入	2	497978	93.880854
32366	闖入者	2	497980	93.881231
32367	闖出	2	497982	93.881608
32368	闖進	2	497984	93.881985
32369	離心	2	497986	93.882362
32370	離岸	2	497988	93.882739
32371	離巢	2	497990	93.883116
32372	離情依依	2	497992	93.883493
32373	離異	2	497994	93.883870
32374	雜交	2	497996	93.884247
32375	雜貨鋪	2	497998	93.884624
32376	雜亂無章	2	498000	93.885001
32377	雜誌社	2	498002	93.885378
32378	雜戲	2	498004	93.885755
32379	雙十國慶	2	498006	93.886132
32380	雙十節	2	498008	93.886509
32381	雙冬檳榔	2	498010	93.886886
32382	雙冠王	2	498012	93.887263
32383	雙胞	2	498014	93.887640
32384	雙倍	2	498016	93.888017
32385	雙套卵細胞	2	498018	93.888394
32386	雙套受精卵	2	498020	93.888771
32387	雙峰	2	498022	93.889148
32388	雙峰國小	2	498024	93.889525
32389	雙料	2	498026	93.889902
32390	雙料冠軍	2	498028	93.890279
32391	雙脣	2	498030	93.890656
32392	雙渦輪增壓引擎	2	498032	93.891033
32393	雙筒望遠鏡	2	498034	93.891410
32394	雙陽汽車	2	498036	93.891787
32395	雙語	2	498038	93.892164
32396	雙模式	2	498040	93.892541
32397	雙頰	2	498042	93.892918
32398	雙龍會	2	498044	93.893295
32399	雙薪家庭	2	498046	93.893672
32400	雙關語	2	498048	93.894049
32401	雙贏	2	498050	93.894426
32402	雛鳥	2	498052	93.894803
32403	雞片	2	498054	93.895180
32404	雞尾酒會	2	498056	93.895557
32405	雞兔同籠	2	498058	93.895934
32406	雞隻	2	498060	93.896311
32407	雞婆	2	498062	93.896688
32408	雞啼	2	498064	93.897065
32409	雞塊	2	498066	93.897442
32410	雞精	2	498068	93.897819
32411	雞腿	2	498070	93.898196
32412	雞鳴	2	498072	93.898573
32413	雞鴨魚肉	2	498074	93.898950
32414	雞籠	2	498076	93.899327
32415	雞籠山	2	498078	93.899704
32416	顏世錫	2	498080	93.900081
32417	餿水	2	498082	93.900458
32418	騎乘	2	498084	93.900835
32419	騎牆	2	498086	93.901212
32420	鬆軟	2	498088	93.901589
32421	鬆懈	2	498090	93.901966
32422	鯉魚	2	498092	93.902343
32423	鵝掌	2	498094	93.902720
32424	壞男孩	2	498096	93.903097
32425	壞掉	2	498098	93.903474
32426	壞話	2	498100	93.903851
32427	寵臣	2	498102	93.904228
32428	寵幸	2	498104	93.904605
32429	龐克族	2	498106	93.904982
32430	龐然大物	2	498108	93.905359
32431	龐雜	2	498110	93.905736
32432	懲戒權	2	498112	93.906113
32433	懲處	2	498114	93.906490
32434	懲貪	2	498116	93.906867
32435	懷山藥	2	498118	93.907244
32436	懷古	2	498120	93.907621
32437	懶懶	2	498122	93.907998
32438	攀岩	2	498124	93.908375
32439	攀登法	2	498126	93.908752
32440	攀越	2	498128	93.909129
32441	攀談	2	498130	93.909506
32442	曝光率	2	498132	93.909883
32443	曝露	2	498134	93.910260
32444	櫥櫃	2	498136	93.910637
32445	瀟酒	2	498138	93.911014
32446	瀝青	2	498140	93.911391
32447	瀕死	2	498142	93.911768
32448	爆裂	2	498144	93.912145
32449	獸頭	2	498146	93.912522
32450	瓊考琳絲	2	498148	93.912899
32451	瓊林里	2	498150	93.913276
32452	疆場	2	498152	93.913653
32453	礙事	2	498154	93.914030
32454	礙於	2	498156	93.914407
32455	穩住	2	498158	93.914784
32456	穩定桿	2	498160	93.915161
32457	簽立	2	498162	93.915538
32458	簽字	2	498164	93.915915
32459	繪畫史	2	498166	93.916292
32460	繪畫展	2	498168	93.916669
32461	羅丹與卡蜜兒	2	498170	93.917046
32462	羅西尼	2	498172	93.917423
32463	羅曼波蘭斯基	2	498174	93.917800
32464	羅曼菲	2	498176	93.918177
32465	繳械	2	498178	93.918554
32466	藩王	2	498180	93.918931
32467	藝文活動	2	498182	93.919308
32468	藝名	2	498184	93.919685
32469	藝能	2	498186	93.920062
32470	藝專	2	498188	93.920439
32471	藝術大學	2	498190	93.920816
32472	藝術教育館	2	498192	93.921193
32473	藝術週	2	498194	93.921570
32474	藝術館	2	498196	93.921947
32475	藤椅	2	498198	93.922324
32476	藥水	2	498200	93.922701
32477	藥名	2	498202	93.923078
32478	藥味	2	498204	93.923455
32479	藥袋	2	498206	93.923832
32480	藥學	2	498208	93.924209
32481	藥錢	2	498210	93.924586
32482	蟾蜍	2	498212	93.924963
32483	譁眾取寵	2	498214	93.925340
32484	譜系	2	498216	93.925717
32485	識時務	2	498218	93.926094
32486	識破	2	498220	93.926471
32487	證供	2	498222	93.926848
32488	證券交易稅	2	498224	93.927225
32489	證券業	2	498226	93.927602
32490	證明書	2	498228	93.927979
32491	證偽論	2	498230	93.928356
32492	譏笑	2	498232	93.928733
32493	譏評	2	498234	93.929110
32494	贈閱	2	498236	93.929487
32495	贊普	2	498238	93.929864
32496	贊禮官	2	498240	93.930241
32497	邊際差異	2	498242	93.930618
32498	邊際效用	2	498244	93.930995
32499	邊緣人	2	498246	93.931372
32500	邊疆	2	498248	93.931749
32501	鏡框	2	498250	93.932126
32502	鏡像	2	498252	93.932503
32503	關山	2	498254	93.932880
32504	關仔嶺	2	498256	93.933257
32505	隴垂	2	498258	93.933634
32506	隴磚	2	498260	93.934011
32507	難行	2	498262	93.934388
32508	難找	2	498264	93.934765
32509	難防	2	498266	93.935142
32510	難易適中	2	498268	93.935519
32511	難逃	2	498270	93.935896
32512	難望	2	498272	93.936273
32513	難處	2	498274	93.936650
32514	難測	2	498276	93.937027
32515	難纏	2	498278	93.937404
32516	靡爛	2	498280	93.937781
32517	類股	2	498282	93.938158
32518	類脂醇	2	498284	93.938535
32519	騙局	2	498286	93.938912
32520	騙取	2	498288	93.939289
32521	騙徒	2	498290	93.939666
32522	鯨肉	2	498292	93.940043
32523	鯨油	2	498294	93.940420
32524	鯨魚肉	2	498296	93.940797
32525	鯨種	2	498298	93.941174
32526	鵪鶉	2	498300	93.941551
32527	麒麟	2	498302	93.941928
32528	麗正	2	498304	93.942305
32529	勸說	2	498306	93.942682
32530	勸勸	2	498308	93.943059
32531	嚴刑	2	498310	93.943436
32532	嚴師	2	498312	93.943813
32533	嚴陣以待	2	498314	93.944190
32534	嚴雲京	2	498316	93.944567
32535	寶石店	2	498318	93.944944
32536	寶祥實業	2	498320	93.945321
32537	寶莉	2	498322	93.945698
32538	寶貨	2	498324	93.946075
32539	懸而未決	2	498326	93.946452
32540	懸岩	2	498328	93.946829
32541	懸浮	2	498330	93.947206
32542	攔河壩	2	498332	93.947583
32543	攔阻	2	498334	93.947960
32544	攔路	2	498336	93.948337
32545	攔截者	2	498338	93.948714
32546	爐火	2	498340	93.949091
32547	爐床	2	498342	93.949468
32548	獻吻	2	498344	93.949845
32549	獻花	2	498346	93.950222
32550	獻壽	2	498348	93.950599
32551	礦長	2	498350	93.950976
32552	礦場	2	498352	93.951353
32553	競標	2	498354	93.951730
32554	競銷	2	498356	93.952107
32555	籌拍	2	498358	93.952484
32556	籌備會	2	498360	93.952861
32557	籌款	2	498362	93.953238
32558	籌集	2	498364	93.953615
32559	籃隊	2	498366	93.953992
32560	繼發	2	498368	93.954369
32561	藻井	2	498370	93.954746
32562	藻場	2	498372	93.955123
32563	蘑菇	2	498374	93.955500
32564	蘆竹	2	498376	93.955877
32565	蘆竹鄉	2	498378	93.956254
32566	蘆笙堂	2	498380	93.956631
32567	蘆筍	2	498382	93.957008
32568	蘆葦	2	498384	93.957385
32569	蘆薈	2	498386	93.957762
32570	蘇丹王	2	498388	93.958139
32571	蘇巴什遺址	2	498390	93.958516
32572	蘇比克灣	2	498392	93.958893
32573	蘇打水	2	498394	93.959270
32574	蘇伊士運河	2	498396	93.959647
32575	蘇有朋	2	498398	93.960024
32576	蘇南成	2	498400	93.960401
32577	蘇軾	2	498402	93.960778
32578	蘇維埃	2	498404	93.961155
32579	蘇燕輝	2	498406	93.961532
32580	蘊育	2	498408	93.961909
32581	蘊涵	2	498410	93.962286
32582	覺知	2	498412	93.962663
32583	覺察力	2	498414	93.963040
32584	觸目驚心	2	498416	93.963417
32585	議案	2	498418	93.963794
32586	警世	2	498420	93.964171
32587	警局	2	498422	93.964548
32588	警戒線	2	498424	93.964925
32589	警長	2	498426	93.965302
32590	警匪電影	2	498428	93.965679
32591	警笛	2	498430	93.966056
32592	警鈴	2	498432	93.966433
32593	警總	2	498434	93.966810
32594	警鐘	2	498436	93.967187
32595	譯名	2	498438	93.967564
32596	譯成	2	498440	93.967941
32597	躁進	2	498442	93.968318
32598	躁鬱症	2	498444	93.968695
32599	釋入	2	498446	93.969072
32600	釋名	2	498448	93.969449
32601	鐘乳石洞	2	498450	93.969826
32602	鐘點	2	498452	93.970203
32603	鏽病	2	498454	93.970580
32604	飄來	2	498456	93.970957
32605	飄忽	2	498458	93.971334
32606	飄起	2	498460	93.971711
32607	飄盪	2	498462	93.972088
32608	飄飄然	2	498464	93.972465
32609	饒舌	2	498466	93.972842
32610	饒恕	2	498468	93.973219
32611	饒富	2	498470	93.973596
32612	饒穎奇	2	498472	93.973973
32613	馨香	2	498474	93.974350
32614	騰空	2	498476	93.974727
32615	騰雲駕霧	2	498478	93.975104
32616	鹹水	2	498480	93.975481
32617	鹹味	2	498482	93.975858
32618	鹹海	2	498484	93.976235
32619	鹹魚翻身	2	498486	93.976612
32620	麵包店	2	498488	93.976989
32621	麵食	2	498490	93.977366
32622	麵攤	2	498492	93.977743
32623	黨委	2	498494	93.978120
32624	黨軍	2	498496	93.978497
32625	黨章	2	498498	93.978874
32626	黨費	2	498500	93.979251
32627	黨意	2	498502	93.979628
32628	黨禁	2	498504	93.980005
32629	黨資	2	498506	93.980382
32630	黨營事業管理委員會	2	498508	93.980759
32631	黨鞭	2	498510	93.981136
32632	囂張	2	498512	93.981513
32633	屬蛇	2	498514	93.981890
32634	懾人	2	498516	93.982267
32635	懾人心魄	2	498518	93.982644
32636	攝錄器材	2	498520	93.983021
32637	攝護腺	2	498522	93.983398
32638	攝護腺癌	2	498524	93.983775
32639	攜幼	2	498526	93.984152
32640	攜兒法	2	498528	93.984529
32641	櫻花	2	498530	93.984906
32642	灌注	2	498532	93.985283
32643	灌籃	2	498534	93.985660
32644	犧牲者	2	498536	93.986037
32645	犧牲品	2	498538	93.986414
32646	纏鬥	2	498540	93.986791
32647	續任	2	498542	93.987168
32648	續保	2	498544	93.987545
32649	續約	2	498546	93.987922
32650	續降	2	498548	93.988299
32651	續繳	2	498550	93.988676
32652	蘭陽溪	2	498552	93.989053
32653	蘭嶼人	2	498554	93.989430
32654	蠢材	2	498556	93.989807
32655	蠢事	2	498558	93.990184
32656	蠢蠢欲動	2	498560	93.990561
32657	蠟染	2	498562	93.990938
32658	蠟筆	2	498564	93.991315
32659	蠟筆畫	2	498566	93.991692
32660	蠟質	2	498568	93.992069
32661	護主	2	498570	93.992446
32662	護住	2	498572	93.992823
32663	護城河	2	498574	93.993200
32664	護盤	2	498576	93.993577
32665	護衛犬	2	498578	93.993954
32666	譽為	2	498580	93.994331
32667	躍出	2	498582	93.994708
32668	躍身	2	498584	93.995085
32669	躍然紙上	2	498586	93.995462
32670	躍登	2	498588	93.995839
32671	躍進	2	498590	93.996216
32672	轟炸	2	498592	93.996593
32673	轟轟烈烈	2	498594	93.996970
32674	辯才無礙	2	498596	93.997347
32675	鐳射	2	498598	93.997724
32676	鐳射唱片	2	498600	93.998101
32677	鐵三角	2	498602	93.998478
32678	鐵口直斷	2	498604	93.998855
32679	鐵牢	2	498606	93.999232
32680	鐵拐李	2	498608	93.999609
32681	鐵柵欄	2	498610	93.999986
32682	鐵娘子	2	498612	94.000363
32683	鐵勒	2	498614	94.000740
32684	鐵票	2	498616	94.001117
32685	鐵殼	2	498618	94.001494
32686	鐵窗	2	498620	94.001871
32687	鐵腕	2	498622	94.002248
32688	鐵飯碗	2	498624	94.002625
32689	鐵質	2	498626	94.003002
32690	鐵樹	2	498628	94.003379
32691	鐵樹開花	2	498630	94.003756
32692	鐵橋	2	498632	94.004133
32693	鐵鍊	2	498634	94.004510
32694	鐵鍋	2	498636	94.004887
32695	鐵錘	2	498638	94.005264
32696	鐵觀音	2	498640	94.005641
32697	闢出	2	498642	94.006018
32698	闢地	2	498644	94.006395
32699	霸占	2	498646	94.006772
32700	露天電影	2	498648	94.007149
32701	露出馬腳	2	498650	94.007526
32702	露臺	2	498652	94.007903
32703	響板	2	498654	94.008280
32704	顧此失彼	2	498656	94.008657
32705	顧城	2	498658	94.009034
32706	顧家	2	498660	94.009411
32707	顧問公司	2	498662	94.009788
32708	驅動系統	2	498664	94.010165
32709	驀然	2	498666	94.010542
32710	魔島	2	498668	94.010919
32711	魔鬼教父	2	498670	94.011296
32712	魔鬼終結者	2	498672	94.011673
32713	魔鬼毀滅者	2	498674	94.012050
32714	魔術方塊	2	498676	94.012427
32715	魔羯座	2	498678	94.012804
32716	鶴嘴鋤	2	498680	94.013181
32717	鶴髮童顏	2	498682	94.013558
32718	囊膜	2	498684	94.013935
32719	彎肘	2	498686	94.014312
32720	彎彎曲曲	2	498688	94.014689
32721	攤牌	2	498690	94.015066
32722	權宜	2	498692	94.015443
32723	權柄	2	498694	94.015820
32724	權盛一時	2	498696	94.016197
32725	權術	2	498698	94.016574
32726	權貴	2	498700	94.016951
32727	歡快	2	498702	94.017328
32728	歡聲雷動	2	498704	94.017705
32729	歡顏	2	498706	94.018082
32730	歡騰	2	498708	94.018459
32731	灑水器	2	498710	94.018836
32732	灑脫	2	498712	94.019213
32733	籠中鳥	2	498714	94.019590
32734	籠統	2	498716	94.019967
32735	聽力	2	498718	94.020344
32736	聽命	2	498720	94.020721
32737	聽候	2	498722	94.021098
32738	聽神經瘤	2	498724	94.021475
32739	聽訓	2	498726	94.021852
32740	聽筒	2	498728	94.022229
32741	鑑別	2	498730	94.022606
32742	鑒定	2	498732	94.022983
32743	鑒定委員會	2	498734	94.023360
32744	鑒於	2	498736	94.023737
32745	顫慄	2	498738	94.024114
32746	髒水	2	498740	94.024491
32747	髒話	2	498742	94.024868
32748	鬚髮	2	498744	94.025245
32749	鷓鴣	2	498746	94.025622
32750	鷗翼式	2	498748	94.025999
32751	攫取	2	498750	94.026376
32752	攪局	2	498752	94.026753
32753	攪和	2	498754	94.027130
32754	竊佔	2	498756	94.027507
32755	竊賊	2	498758	94.027884
32756	竊聽	2	498760	94.028261
32757	纖弱	2	498762	94.028638
32758	纖維素	2	498764	94.029015
32759	蘿拉	2	498766	94.029392
32760	變小	2	498768	94.029769
32761	變化多端	2	498770	94.030146
32762	變化球	2	498772	94.030523
32763	變天	2	498774	94.030900
32764	變本加厲	2	498776	94.031277
32765	變光	2	498778	94.031654
32766	變冷	2	498780	94.032031
32767	變快	2	498782	94.032408
32768	變法	2	498784	94.032785
32769	變速器	2	498786	94.033162
32770	變黃	2	498788	94.033539
32771	變溫動物	2	498790	94.033916
32772	變貌	2	498792	94.034293
32773	變薄	2	498794	94.034670
32774	變醜	2	498796	94.035047
32775	顯示幕	2	498798	94.035424
32776	驚天追殺令	2	498800	94.035801
32777	驚心動魄	2	498802	94.036178
32778	驚愕	2	498804	94.036555
32779	驚詫	2	498806	94.036932
32780	驚嘆聲	2	498808	94.037309
32781	驚疑	2	498810	94.037686
32782	驚魂未定	2	498812	94.038063
32783	驚鴻一瞥	2	498814	94.038440
32784	驛站	2	498816	94.038817
32785	體弱	2	498818	94.039194
32786	體液	2	498820	94.039571
32787	體腔	2	498822	94.039948
32788	體裁	2	498824	94.040325
32789	體溫表	2	498826	94.040702
32790	體察	2	498828	94.041079
32791	體熱邊緣	2	498830	94.041456
32792	體膚	2	498832	94.041833
32793	體魄	2	498834	94.042210
32794	體壇	2	498836	94.042587
32795	體操館	2	498838	94.042964
32796	鱔魚	2	498840	94.043341
32797	攬勝	2	498842	94.043718
32798	罐裝	2	498844	94.044095
32799	羈押	2	498846	94.044472
32800	羈絆	2	498848	94.044849
32801	羈縻	2	498850	94.045226
32802	蠶豆	2	498852	94.045603
32803	釀成	2	498854	94.045980
32804	靈物	2	498856	94.046357
32805	靈修	2	498858	94.046734
32806	靈骨樓	2	498860	94.047111
32807	靈魂人物	2	498862	94.047488
32808	靈鷲	2	498864	94.047865
32809	鷺鷥	2	498866	94.048242
32810	鹼性	2	498868	94.048619
32811	鹼粽	2	498870	94.048996
32812	鹽分	2	498872	94.049373
32813	鹽化	2	498874	94.049750
32814	鹽巴	2	498876	94.050127
32815	鹽水	2	498878	94.050504
32816	鹽湖	2	498880	94.050881
32817	鹽湖城	2	498882	94.051258
32818	廳長	2	498884	94.051635
32819	灣仔	2	498886	94.052012
32820	蠻族	2	498888	94.052389
32821	觀光飯店	2	498890	94.052766
32822	觀光資源	2	498892	94.053143
32823	觀光點	2	498894	94.053520
32824	觀星	2	498896	94.053897
32825	觀星大法	2	498898	94.054274
32826	觀眾緣	2	498900	94.054651
32827	觀景窗	2	498902	94.055028
32828	觀葉植物	2	498904	94.055405
32829	觀察力	2	498906	94.055782
32830	觀戰	2	498908	94.056159
32831	觀護所	2	498910	94.056536
32832	鑰匙孔的愛	2	498912	94.056913
32833	讚頌	2	498914	94.057290
32834	驢子	2	498916	94.057667
32835	鑼鼓	2	498918	94.058044
32836	鑼鼓喧天	2	498920	94.058421
32837	鱷魚皮	2	498922	94.058798
32838	豔羨	2	498924	94.059175
32839	鬱鬱不樂	2	498926	94.059552
32840	伎倆	2	498928	94.059929
32841	忐忑不安	2	498930	94.060306
32842	怦然心動	2	498932	94.060683
32843	芮登巴克	2	498934	94.061060
32844	侲子	2	498936	94.061437
32845	峇里人	2	498938	94.061814
32846	氡氣	2	498940	94.062191
32847	洄游	2	498942	94.062568
32848	洄瀾	2	498944	94.062945
32849	涂為霖	2	498946	94.063322
32850	祛寒	2	498948	94.063699
32851	紓緩	2	498950	94.064076
32852	茯苓	2	498952	94.064453
32853	猝然	2	498954	94.064830
32854	袓業	2	498956	94.065207
32855	袷朝服	2	498958	94.065584
32856	詎料	2	498960	94.065961
32857	搧風	2	498962	94.066338
32858	椿象	2	498964	94.066715
32859	痼疾	2	498966	94.067092
32860	蛺蝶	2	498968	94.067469
32861	慓悍	2	498970	94.067846
32862	緋紅	2	498972	94.068223
32863	蒴果	2	498974	94.068600
32864	踉踉蹌蹌	2	498976	94.068977
32865	蓽路藍縷	2	498978	94.069354
32866	鄯善	2	498980	94.069731
32867	憨厚	2	498982	94.070108
32868	燁隆集團	2	498984	94.070485
32869	閹割	2	498986	94.070862
32870	鴟吻	2	498988	94.071239
32871	薈萃	2	498990	94.071616
32872	蟳廣澳	2	498992	94.071993
32873	鬈毛	2	498994	94.072370
32874	鬈髮	2	498996	94.072747
32875	鎩羽而歸	2	498998	94.073124
32876	蘄春縣	2	499000	94.073501
32877	儺舞	2	499002	94.073878
32878	苷類	1	499003	94.074067
32879	凃主席	1	499004	94.074256
32880	凃家	1	499005	94.074445
32881	瘂弦	1	499006	94.074634
32882	一人一元運動	1	499007	94.074823
32883	一刀	1	499008	94.075012
32884	一刀兩斷	1	499009	94.075201
32885	一刀傾城	1	499010	94.075390
32886	一千零一夜	1	499011	94.075579
32887	一口	1	499012	94.075768
32888	一夕成名	1	499013	94.075957
32889	一夕間	1	499014	94.076146
32890	一大半	1	499015	94.076335
32891	一大串	1	499016	94.076524
32892	一大批	1	499017	94.076713
32893	一大段	1	499018	94.076902
32894	一大截	1	499019	94.077091
32895	一寸寸	1	499020	94.077280
32896	一不小心	1	499021	94.077469
32897	一中全	1	499022	94.077658
32898	一五一十	1	499023	94.077847
32899	一元	1	499024	94.078036
32900	一元化	1	499025	94.078225
32901	一分一毫	1	499026	94.078414
32902	一分力	1	499027	94.078603
32903	一巴掌	1	499028	94.078792
32904	一心一意	1	499029	94.078981
32905	一心一德	1	499030	94.079170
32906	一手交錢，一手交貨	1	499031	94.079359
32907	一支	1	499032	94.079548
32908	一文不剩	1	499033	94.079737
32909	一毛不取	1	499034	94.079926
32910	一毛錢	1	499035	94.080115
32911	一丘之貉	1	499036	94.080304
32912	一以貫之	1	499037	94.080493
32913	一仗	1	499038	94.080682
32914	一代天皇	1	499039	94.080871
32915	一代代	1	499040	94.081060
32916	一代情聖	1	499041	94.081249
32917	一代梟雄之唯我獨尊	1	499042	94.081438
32918	一代劍王	1	499043	94.081627
32919	一去不回	1	499044	94.081816
32920	一句	1	499045	94.082005
32921	一本	1	499046	94.082194
32922	一生一世	1	499047	94.082383
32923	一石二鳥	1	499048	94.082572
32924	一件事	1	499049	94.082761
32925	一任	1	499050	94.082950
32926	一仰而盡	1	499051	94.083139
32927	一字不漏	1	499052	94.083328
32928	一字形	1	499053	94.083517
32929	一字虻蝶	1	499054	94.083706
32930	一年到頭	1	499055	94.083895
32931	一成	1	499056	94.084084
32932	一曲	1	499057	94.084273
32933	一朵	1	499058	94.084462
32934	一死了之	1	499059	94.084651
32935	一百分	1	499060	94.084840
32936	一而再	1	499061	94.085029
32937	一而再，再而三	1	499062	94.085218
32938	一兵一卒	1	499063	94.085407
32939	一匣匣	1	499064	94.085596
32940	一坏	1	499065	94.085785
32941	一杆	1	499066	94.085974
32942	一決雌雄	1	499067	94.086163
32943	一男半女	1	499068	94.086352
32944	一言	1	499069	94.086541
32945	一言不合	1	499070	94.086730
32946	一言可決	1	499071	94.086919
32947	一並	1	499072	94.087108
32948	一些些	1	499073	94.087297
32949	一味藥	1	499074	94.087486
32950	一周	1	499075	94.087675
32951	一夜成名	1	499076	94.087864
32952	一夜致富	1	499077	94.088053
32953	一官半職	1	499078	94.088242
32954	一帖	1	499079	94.088431
32955	一抹	1	499080	94.088620
32956	一拍即合	1	499081	94.088809
32957	一枚	1	499082	94.088998
32958	一波多折	1	499083	94.089187
32959	一股作氣	1	499084	94.089376
32960	一股腦	1	499085	94.089565
32961	一門	1	499086	94.089754
32962	一品	1	499087	94.089943
32963	一哄而散	1	499088	94.090132
32964	一度空間	1	499089	94.090321
32965	一怒之下	1	499090	94.090510
32966	一急之下	1	499091	94.090699
32967	一指神功	1	499092	94.090888
32968	一派	1	499093	94.091077
32969	一致化	1	499094	94.091266
32970	一面之緣	1	499095	94.091455
32971	一飛衝天	1	499096	94.091644
32972	一倍	1	499097	94.091833
32973	一個樣	1	499098	94.092022
32974	一員	1	499099	94.092211
32975	一家親	1	499100	94.092400
32976	一席	1	499101	94.092589
32977	一座座	1	499102	94.092778
32978	一捆	1	499103	94.092967
32979	一時之選	1	499104	94.093156
32980	一根	1	499105	94.093345
32981	一株	1	499106	94.093534
32982	一氣之下	1	499107	94.093723
32983	一氧化氮	1	499108	94.093912
32984	一班	1	499109	94.094101
32985	一病不起	1	499110	94.094290
32986	一砲而紅	1	499111	94.094479
32987	一笑置之	1	499112	94.094668
32988	一級	1	499113	94.094857
32989	一級方程式賽車	1	499114	94.095046
32990	一級古蹟	1	499115	94.095235
32991	一級親人	1	499116	94.095424
32992	一脈承傳	1	499117	94.095613
32993	一脈相傳	1	499118	94.095802
32994	一般化	1	499119	94.095991
32995	一記	1	499120	94.096180
32996	一閃而逝	1	499121	94.096369
32997	一閃神	1	499122	94.096558
32998	一馬當先	1	499123	94.096747
32999	一動不動	1	499124	94.096936
33000	一動還不如一靜	1	499125	94.097125
33001	一唱一搭	1	499126	94.097314
33002	一問三不知	1	499127	94.097503
33003	一國兩制	1	499128	94.097692
33004	一張	1	499129	94.097881
33005	一張張	1	499130	94.098070
33006	一捧	1	499131	94.098259
33007	一排	1	499132	94.098448
33008	一晚	1	499133	94.098637
33009	一望千里	1	499134	94.098826
33010	一望無涯	1	499135	94.099015
33011	一望無際	1	499136	94.099204
33012	一條心	1	499137	94.099393
33013	一條鞭	1	499138	94.099582
33014	一條鞭法	1	499139	94.099771
33015	一清	1	499140	94.099960
33016	一清如水	1	499141	94.100149
33017	一票	1	499142	94.100338
33018	一統	1	499143	94.100527
33019	一組組	1	499144	94.100716
33020	一貧如洗	1	499145	94.100905
33021	一逕	1	499146	94.101094
33022	一勞永逸	1	499147	94.101283
33023	一愣	1	499148	94.101472
33024	一朝	1	499149	94.101661
33025	一朝一夕	1	499150	94.101850
33026	一無是處	1	499151	94.102039
33027	一絕	1	499152	94.102228
33028	一絲不苟	1	499153	94.102417
33029	一絲不漏	1	499154	94.102606
33030	一隅	1	499155	94.102795
33031	一新耳目	1	499156	94.102984
33032	一概而論	1	499157	94.103173
33033	一溜	1	499158	94.103362
33034	一盞	1	499159	94.103551
33035	一睹為快	1	499160	94.103740
33036	一葉知秋	1	499161	94.103929
33037	一號	1	499162	94.104118
33038	一路發	1	499163	94.104307
33039	一跪三叩頭禮	1	499164	94.104496
33040	一較長短	1	499165	94.104685
33041	一較高下	1	499166	94.104874
33042	一頓	1	499167	94.105063
33043	一鼓作氣	1	499168	94.105252
33044	一團謎	1	499169	94.105441
33045	一慣	1	499170	94.105630
33046	一窩	1	499171	94.105819
33047	一語成讖	1	499172	94.106008
33048	一銀	1	499173	94.106197
33049	一樁樁	1	499174	94.106386
33050	一窮兩白	1	499175	94.106575
33051	一箭之仇	1	499176	94.106764
33052	一箭雙鵰	1	499177	94.106953
33053	一輪	1	499178	94.107142
33054	一震	1	499179	94.107331
33055	一擁而上	1	499180	94.107520
33056	一窺	1	499181	94.107709
33057	一窺究竟	1	499182	94.107898
33058	一窺堂奧	1	499183	94.108087
33059	一艘	1	499184	94.108276
33060	一頭	1	499185	94.108465
33061	一應俱無	1	499186	94.108654
33062	一縷	1	499187	94.108843
33063	一舉一動	1	499188	94.109032
33064	一舉數得	1	499189	94.109221
33065	一點也不為過	1	499190	94.109410
33066	一點就通	1	499191	94.109599
33067	一蹴即成	1	499192	94.109788
33068	一蹴即就	1	499193	94.109977
33069	一襲	1	499194	94.110166
33070	一讀	1	499195	94.110355
33071	一體成形	1	499196	94.110544
33072	一顰一笑	1	499197	94.110733
33073	一垛垛	1	499198	94.110922
33074	一翦梅	1	499199	94.111111
33075	乙型肝炎	1	499200	94.111300
33076	乙瑛碑	1	499201	94.111489
33077	乙菧酚	1	499202	94.111678
33078	丁二烯	1	499203	94.111867
33079	丁口	1	499204	94.112056
33080	丁字形	1	499205	94.112245
33081	丁字街	1	499206	94.112434
33082	丁伯駪	1	499207	94.112623
33083	丁級廢棄物清理業	1	499208	94.112812
33084	丁善璽	1	499209	94.113001
33085	丁福保	1	499210	94.113190
33086	丁錫鏞	1	499211	94.113379
33087	丁懋時	1	499212	94.113568
33088	丁寶臣	1	499213	94.113757
33089	七寸	1	499214	94.113946
33090	七屯	1	499215	94.114135
33091	七屯城	1	499216	94.114324
33092	七手八腳	1	499217	94.114513
33093	七月分	1	499218	94.114702
33094	七月份	1	499219	94.114891
33095	七代	1	499220	94.115080
33096	七仙草	1	499221	94.115269
33097	七色光	1	499222	94.115458
33098	七色橋	1	499223	94.115647
33099	七里香	1	499224	94.115836
33100	七佳村	1	499225	94.116025
33101	七美	1	499226	94.116214
33102	七個畢業生	1	499227	94.116403
33103	七國高峰會議	1	499228	94.116592
33104	七堵	1	499229	94.116781
33105	七雄	1	499230	94.116970
33106	七矮人	1	499231	94.117159
33107	七賢國小	1	499232	94.117348
33108	七燈塔	1	499233	94.117537
33109	七曜	1	499234	94.117726
33110	七寶	1	499235	94.117915
33111	乃木希典	1	499236	94.118104
33112	九七	1	499237	94.118293
33113	九七大限	1	499238	94.118482
33114	九七問題	1	499239	94.118671
33115	九二應召女郎	1	499240	94.118860
33116	九五之尊	1	499241	94.119049
33117	九月份	1	499242	94.119238
33118	九牛二虎	1	499243	94.119427
33119	九甲	1	499244	94.119616
33120	九州	1	499245	94.119805
33121	九曲溪	1	499246	94.119994
33122	九重葛	1	499247	94.120183
33123	九宮	1	499248	94.120372
33124	九執曆	1	499249	94.120561
33125	九華山	1	499250	94.120750
33126	九層嶺花園	1	499251	94.120939
33127	九霄雲外	1	499252	94.121128
33128	九壁	1	499253	94.121317
33129	九點到五點	1	499254	94.121506
33130	了卻	1	499255	94.121695
33131	了悟	1	499256	94.121884
33132	二〇〇一年太空漫遊	1	499257	94.122073
33133	二二八紀念碑委員會	1	499258	94.122262
33134	二十八宿	1	499259	94.122451
33135	二小戲	1	499260	94.122640
33136	二中全會	1	499261	94.122829
33137	二手	1	499262	94.123018
33138	二手貨	1	499263	94.123207
33139	二水	1	499264	94.123396
33140	二全大會	1	499265	94.123585
33141	二回羽狀複葉	1	499266	94.123774
33142	二年級	1	499267	94.123963
33143	二成	1	499268	94.124152
33144	二次汙染	1	499269	94.124341
33145	二行程引擎	1	499270	94.124530
33146	二弦琴	1	499271	94.124719
33147	二房	1	499272	94.124908
33148	二者	1	499273	94.125097
33149	二門三廂式	1	499274	94.125286
33150	二門硬頂式	1	499275	94.125475
33151	二度	1	499276	94.125664
33152	二度就業	1	499277	94.125853
33153	二度蜜月	1	499278	94.126042
33154	二流	1	499279	94.126231
33155	二郎神	1	499280	94.126420
33156	二郎腿	1	499281	94.126609
33157	二重唱	1	499282	94.126798
33158	二氧化錳	1	499283	94.126987
33159	二級品	1	499284	94.127176
33160	二級親人	1	499285	94.127365
33161	二側	1	499286	94.127554
33162	二副	1	499287	94.127743
33163	二部制	1	499288	94.127932
33164	二部制教學	1	499289	94.128121
33165	二等星	1	499290	94.128310
33166	二進宮	1	499291	94.128499
33167	二葉松	1	499292	94.128688
33168	二維時空	1	499293	94.128877
33169	二賢祠	1	499294	94.129066
33170	二頭肌	1	499295	94.129255
33171	二轉子	1	499296	94.129444
33172	二鎮鄉	1	499297	94.129633
33173	二續金陵瑣事	1	499298	94.129822
33174	二疊紀	1	499299	94.130011
33175	人丁	1	499300	94.130200
33176	人力三輪車	1	499301	94.130389
33177	人力市場	1	499302	94.130578
33178	人力資源發展學會	1	499303	94.130767
33179	人口政策	1	499304	94.130956
33180	人口問題	1	499305	94.131145
33181	人口論	1	499306	94.131334
33182	人口學	1	499307	94.131523
33183	人工呼吸	1	499308	94.131712
33184	人工流產	1	499309	94.131901
33185	人工湖	1	499310	94.132090
33186	人工電子耳	1	499311	94.132279
33187	人工轉接電話	1	499312	94.132468
33188	人工聽覺	1	499313	94.132657
33189	人才成就獎	1	499314	94.132846
33190	人才培訓中心	1	499315	94.133035
33191	人之常情	1	499316	94.133224
33192	人云亦云	1	499317	94.133413
33193	人心思漢	1	499318	94.133602
33194	人文主義	1	499319	94.133791
33195	人文科學	1	499320	94.133980
33196	人文處	1	499321	94.134169
33197	人文精神	1	499322	94.134358
33198	人父	1	499323	94.134547
33199	人去樓空	1	499324	94.134736
33200	人奶	1	499325	94.134925
33201	人本	1	499326	94.135114
33202	人本主義	1	499327	94.135303
33203	人本教育	1	499328	94.135492
33204	人母	1	499329	94.135681
33205	人民公社化運動	1	499330	94.135870
33206	人民解放戰線事件	1	499331	94.136059
33207	人民黨	1	499332	94.136248
33208	人生如夢	1	499333	94.136437
33209	人生如戲	1	499334	94.136626
33210	人仰馬翻	1	499335	94.136815
33211	人各有志	1	499336	94.137004
33212	人多勢眾	1	499337	94.137193
33213	人字形	1	499338	94.137382
33214	人老珠黃	1	499339	94.137571
33215	人肉	1	499340	94.137760
33216	人臣	1	499341	94.137949
33217	人形偶	1	499342	94.138138
33218	人肝	1	499343	94.138327
33219	人言人殊	1	499344	94.138516
33220	人言可畏	1	499345	94.138705
33221	人事大地震	1	499346	94.138894
33222	人事已非	1	499347	94.139083
33223	人事全非	1	499348	94.139272
33224	人事行政局	1	499349	94.139461
33225	人事行政費	1	499350	94.139650
33226	人事局	1	499351	94.139839
33227	人事案	1	499352	94.140028
33228	人事部	1	499353	94.140217
33229	人事費	1	499354	94.140406
33230	人事課	1	499355	94.140595
33231	人事權	1	499356	94.140784
33232	人和	1	499357	94.140973
33233	人和為貴	1	499358	94.141162
33234	人性尊嚴	1	499359	94.141351
33235	人物畫	1	499360	94.141540
33236	人前	1	499361	94.141729
33237	人咬狗	1	499362	94.141918
33238	人流	1	499363	94.142107
33239	人面獅身	1	499364	94.142296
33240	人格教育	1	499365	94.142485
33241	人海	1	499366	94.142674
33242	人海戰術	1	499367	94.142863
33243	人浮於事	1	499368	94.143052
33244	人畜	1	499369	94.143241
33245	人神	1	499370	94.143430
33246	人馬宮	1	499371	94.143619
33247	人情磽薄	1	499372	94.143808
33248	人造奶油	1	499373	94.143997
33249	人造林	1	499374	94.144186
33250	人造花	1	499375	94.144375
33251	人部	1	499376	94.144564
33252	人渣	1	499377	94.144753
33253	人絨毛膜	1	499378	94.144942
33254	人絨毛膜促性腺激素	1	499379	94.145131
33255	人溺己溺	1	499380	94.145320
33256	人煙	1	499381	94.145509
33257	人煙稀少	1	499382	94.145698
33258	人猿	1	499383	94.145887
33259	人瑞	1	499384	94.146076
33260	人跡渺渺	1	499385	94.146265
33261	人像畫	1	499386	94.146454
33262	人壽	1	499387	94.146643
33263	人壽保險	1	499388	94.146832
33264	人禍	1	499389	94.147021
33265	人算不如天算	1	499390	94.147210
33266	人與性	1	499391	94.147399
33267	人語	1	499392	94.147588
33268	人際網路	1	499393	94.147777
33269	人窮志短	1	499394	94.147966
33270	人興財旺	1	499395	94.148155
33271	人頭戶	1	499396	94.148344
33272	人頭稅	1	499397	94.148533
33273	人頭像	1	499398	94.148722
33274	人牆	1	499399	94.148911
33275	人證	1	499400	94.149100
33276	人類免疫病毒	1	499401	94.149289
33277	人權主義	1	499402	94.149478
33278	人權運動	1	499403	94.149667
33279	人纖廠	1	499404	94.149856
33280	入口即化	1	499405	94.150045
33281	入土	1	499406	94.150234
33282	入內	1	499407	94.150423
33283	入木三分	1	499408	94.150612
33284	入冬	1	499409	94.150801
33285	入列	1	499410	94.150990
33286	入池	1	499411	94.151179
33287	入行	1	499412	94.151368
33288	入坑	1	499413	94.151557
33289	入定	1	499414	94.151746
33290	入官	1	499415	94.151935
33291	入門車	1	499416	94.152124
33292	入門書	1	499417	94.152313
33293	入門階	1	499418	94.152502
33294	入侵者	1	499419	94.152691
33295	入室弟子	1	499420	94.152880
33296	入厝	1	499421	94.153069
33297	入眠	1	499422	94.153258
33298	入神	1	499423	94.153447
33299	入迷	1	499424	94.153636
33300	入圍者	1	499425	94.153825
33301	入朝	1	499426	94.154014
33302	入殼	1	499427	94.154203
33303	入畫	1	499428	94.154392
33304	入微	1	499429	94.154581
33305	入會費	1	499430	94.154770
33306	入鏡	1	499431	94.154959
33307	入黨	1	499432	94.155148
33308	八尺門	1	499433	94.155337
33309	八斗子	1	499434	94.155526
33310	八斗煤井	1	499435	94.155715
33311	八方神侍者	1	499436	94.155904
33312	八爪章魚	1	499437	94.156093
33313	八王之亂	1	499438	94.156282
33314	八仙洞	1	499439	94.156471
33315	八成標	1	499440	94.156660
33316	八位元	1	499441	94.156849
33317	八角形	1	499442	94.157038
33318	八珍圖	1	499443	94.157227
33319	八相	1	499444	94.157416
33320	八苦	1	499445	94.157605
33321	八面玲瓏	1	499446	94.157794
33322	八堵鐵橋	1	499447	94.157983
33323	八通關山	1	499448	94.158172
33324	八部	1	499449	94.158361
33325	八瑞公路	1	499450	94.158550
33326	八達嶺長城	1	499451	94.158739
33327	八旗	1	499452	94.158928
33328	八輕	1	499453	94.159117
33329	八德	1	499454	94.159306
33330	八關齋戒	1	499455	94.159495
33331	八寶粥	1	499456	94.159684
33332	刀叉	1	499457	94.159873
33333	刀口	1	499458	94.160062
33334	刀兵	1	499459	94.160251
33335	刀柄	1	499460	94.160440
33336	刀疤	1	499461	94.160629
33337	刀背	1	499462	94.160818
33338	刀馬旦	1	499463	94.161007
33339	刀梯	1	499464	94.161196
33340	刀槍	1	499465	94.161385
33341	刀瘟	1	499466	94.161574
33342	力王	1	499467	94.161763
33343	力主	1	499468	94.161952
33344	力有不逮	1	499469	94.162141
33345	力爭上游	1	499470	94.162330
33346	力阻	1	499471	94.162519
33347	力保	1	499472	94.162708
33348	力度	1	499473	94.162897
33349	力挽狂潮	1	499474	94.163086
33350	力造	1	499475	94.163275
33351	力透紙背	1	499476	94.163464
33352	力學	1	499477	94.163653
33353	力闖	1	499478	94.163842
33354	力勸	1	499479	94.164031
33355	力霸	1	499480	94.164220
33356	力霸集團	1	499481	94.164409
33357	十二	1	499482	94.164598
33358	十二月	1	499483	94.164787
33359	十二年國教	1	499484	94.164976
33360	十二辰	1	499485	94.165165
33361	十二指腸	1	499486	94.165354
33362	十二指腸炎	1	499487	94.165543
33363	十二項建設	1	499488	94.165732
33364	十二橋遺址	1	499489	94.165921
33365	十八般武藝	1	499490	94.166110
33366	十八標工程	1	499491	94.166299
33367	十八羅漢山	1	499492	94.166488
33368	十三全會	1	499493	94.166677
33369	十三姨	1	499494	94.166866
33370	十三星大瓢蟲	1	499495	94.167055
33371	十元	1	499496	94.167244
33372	十六位元	1	499497	94.167433
33373	十公尺空氣步槍	1	499498	94.167622
33374	十分寮	1	499499	94.167811
33375	十分瀑布	1	499500	94.168000
33376	十方諸佛	1	499501	94.168189
33377	十月分	1	499502	94.168378
33378	十月份	1	499503	94.168567
33379	十四大	1	499504	94.168756
33380	十字軍東征	1	499505	94.168945
33381	十字勛章	1	499506	94.169134
33382	十字街頭	1	499507	94.169323
33383	十戒	1	499508	94.169512
33384	十里洋場	1	499509	94.169701
33385	十惡不赦	1	499510	94.169890
33386	十進單位制	1	499511	94.170079
33387	十項建設	1	499512	94.170268
33388	卜居	1	499513	94.170457
33389	卜派	1	499514	94.170646
33390	卜派小子	1	499515	94.170835
33391	卜骨	1	499516	94.171024
33392	卜貴美	1	499517	94.171213
33393	卜萬倉	1	499518	94.171402
33394	卜萬蒼	1	499519	94.171591
33395	卜蜂正	1	499520	94.171780
33396	三一四事件	1	499521	94.171969
33397	三七二十一	1	499522	94.172158
33398	三人行	1	499523	94.172347
33399	三人賊世界	1	499524	94.172536
33400	三十二位元	1	499525	94.172725
33401	三叉神經系統	1	499526	94.172914
33402	三叉神經痛	1	499527	94.173103
33403	三子車系	1	499528	94.173292
33404	三寸不爛之舌	1	499529	94.173481
33405	三川五嶽	1	499530	94.173670
33406	三才	1	499531	94.173859
33407	三井工程	1	499532	94.174048
33408	三五好友	1	499533	94.174237
33409	三元	1	499534	94.174426
33410	三心二意	1	499535	94.174615
33411	三毛全集	1	499536	94.174804
33412	三毛迷	1	499537	94.174993
33413	三水	1	499538	94.175182
33414	三代同堂	1	499539	94.175371
33415	三令五申	1	499540	94.175560
33416	三民區	1	499541	94.175749
33417	三申五令	1	499542	94.175938
33418	三吉開泰	1	499543	94.176127
33419	三合一引擎	1	499544	94.176316
33420	三合一鐳射鋼鈑	1	499545	94.176505
33421	三宅島	1	499546	94.176694
33422	三年制專校	1	499547	94.176883
33423	三佛齊	1	499548	94.177072
33424	三希堂	1	499549	94.177261
33425	三更	1	499550	94.177450
33426	三角甲蟲	1	499551	94.177639
33427	三角型	1	499552	94.177828
33428	三角座	1	499553	94.178017
33429	三角習題	1	499554	94.178206
33430	三角窗	1	499555	94.178395
33431	三角點	1	499556	94.178584
33432	三足鼎立	1	499557	94.178773
33433	三身女神	1	499558	94.178962
33434	三妻四妾	1	499559	94.179151
33435	三姑六婆	1	499560	94.179340
33436	三芝	1	499561	94.179529
33437	三門掀背小跑車	1	499562	94.179718
33438	三門掀背車	1	499563	94.179907
33439	三信汽車	1	499564	94.180096
33440	三便士歌劇	1	499565	94.180285
33441	三前速配置	1	499566	94.180474
33442	三思而後行	1	499567	94.180663
33443	三洋	1	499568	94.180852
33444	三軍	1	499569	94.181041
33445	三重市	1	499570	94.181230
33446	三重客運	1	499571	94.181419
33447	三哩島核能電廠	1	499572	94.181608
33448	三娘教子	1	499573	94.181797
33449	三峽老街	1	499574	94.181986
33450	三島由紀夫	1	499575	94.182175
33451	三班制	1	499576	94.182364
33452	三級風月片	1	499577	94.182553
33453	三級薔薇之戀	1	499578	94.182742
33454	三隻手	1	499579	94.182931
33455	三副	1	499580	94.183120
33456	三商	1	499581	94.183309
33457	三商人壽	1	499582	94.183498
33458	三商巧福	1	499583	94.183687
33459	三商虎隊	1	499584	94.183876
33460	三商高球名人賽	1	499585	94.184065
33461	三商球隊	1	499586	94.184254
33462	三國演義	1	499587	94.184443
33463	三彩馬	1	499588	94.184632
33464	三彩陶	1	499589	94.184821
33465	三梯樓	1	499590	94.185010
33466	三笠宮	1	499591	94.185199
33467	三喜臨門	1	499592	94.185388
33468	三圍	1	499593	94.185577
33469	三富	1	499594	94.185766
33470	三富汽車	1	499595	94.185955
33471	三富汽車公司	1	499596	94.186144
33472	三游洞	1	499597	94.186333
33473	三焦	1	499598	94.186522
33474	三番二次	1	499599	94.186711
33475	三番五次	1	499600	94.186900
33476	三菱材料	1	499601	94.187089
33477	三菱車廠	1	499602	94.187278
33478	三菱重工業株式會社	1	499603	94.187467
33479	三菱商社	1	499604	94.187656
33480	三菱銀行	1	499605	94.187845
33481	三菱轎車	1	499606	94.188034
33482	三痲疫苗	1	499607	94.188223
33483	三稜鏡	1	499608	94.188412
33484	三節	1	499609	94.188601
33485	三腳木	1	499610	94.188790
33486	三幕劇	1	499611	94.188979
33487	三槍牌	1	499612	94.189168
33488	三維宇宙空間	1	499613	94.189357
33489	三維時空	1	499614	94.189546
33490	三緘其口	1	499615	94.189735
33491	三輪車	1	499616	94.189924
33492	三輪機車	1	499617	94.190113
33493	三壇具足大戒	1	499618	94.190302
33494	三興	1	499619	94.190491
33495	三興照相號	1	499620	94.190680
33496	三頭六臂	1	499621	94.190869
33497	三餐不繼	1	499622	94.191058
33498	三點	1	499623	94.191247
33499	三點光鰓雀鯛	1	499624	94.191436
33500	三藩市	1	499625	94.191625
33501	三寶	1	499626	94.191814
33502	三寶太監	1	499627	94.192003
33503	三蘇祠	1	499628	94.192192
33504	三鶯交流道	1	499629	94.192381
33505	下人	1	499630	94.192570
33506	下下策	1	499631	94.192759
33507	下不為例	1	499632	94.192948
33508	下水典禮	1	499633	94.193137
33509	下丘	1	499634	94.193326
33510	下丘腦	1	499635	94.193515
33511	下伊拉克	1	499636	94.193704
33512	下牢溪	1	499637	94.193893
33513	下弦月	1	499638	94.194082
33514	下咽	1	499639	94.194271
33515	下背部	1	499640	94.194460
33516	下崁陂	1	499641	94.194649
33517	下馬威	1	499642	94.194838
33518	下野	1	499643	94.195027
33519	下單	1	499644	94.195216
33520	下游市場	1	499645	94.195405
33521	下游製品	1	499646	94.195594
33522	下筆如飛	1	499647	94.195783
33523	下詔	1	499648	94.195972
33524	下詔罪己	1	499649	94.196161
33525	下飯	1	499650	94.196350
33526	下意識	1	499651	94.196539
33527	下腹	1	499652	94.196728
33528	下腹部	1	499653	94.196917
33529	下落不明	1	499654	94.197106
33530	下葬	1	499655	94.197295
33531	下獄	1	499656	94.197484
33532	下墜	1	499657	94.197673
33533	下輩子	1	499658	94.197862
33534	下學	1	499659	94.198051
33535	下臂骨	1	499660	94.198240
33536	下錨	1	499661	94.198429
33537	下體	1	499662	94.198618
33538	丈二金剛，摸不著腦袋	1	499663	94.198807
33539	丈二金剛，摸不著頭腦	1	499664	94.198996
33540	丈二金剛摸不著頭	1	499665	94.199185
33541	上不上，下不下	1	499666	94.199374
33542	上不上，下不下	1	499667	94.199563
33543	上吐下瀉	1	499668	94.199752
33544	上言	1	499669	94.199941
33545	上呼吸道感染	1	499670	94.200130
33546	上呼吸管道	1	499671	94.200319
33547	上坡	1	499672	94.200508
33548	上官靈鳳	1	499673	94.200697
33549	上知天文，下知地理	1	499674	94.200886
33550	上肢	1	499675	94.201075
33551	上客	1	499676	94.201264
33552	上帝的骰子	1	499677	94.201453
33553	上架	1	499678	94.201642
33554	上流	1	499679	94.201831
33555	上相	1	499680	94.202020
33556	上風	1	499681	94.202209
33557	上座	1	499682	94.202398
33558	上書房	1	499683	94.202587
33559	上海公社	1	499684	94.202776
33560	上海市委書記	1	499685	94.202965
33561	上海社會檔案	1	499686	94.203154
33562	上海常青大學	1	499687	94.203343
33563	上海教父	1	499688	94.203532
33564	上海閑話	1	499689	94.203721
33565	上海話	1	499690	94.203910
33566	上海影城	1	499691	94.204099
33567	上海播音廣告公司	1	499692	94.204288
33568	上海鋼廠	1	499693	94.204477
33569	上海灘大爺	1	499694	94.204666
33570	上海灘龍虎鬥	1	499695	94.204855
33571	上班女郎	1	499696	94.205044
33572	上班服	1	499697	94.205233
33573	上貢	1	499698	94.205422
33574	上梁不正下梁歪	1	499699	94.205611
33575	上梁不正下梁歪	1	499700	94.205800
33576	上眼瞼	1	499701	94.205989
33577	上脣	1	499702	94.206178
33578	上貨	1	499703	94.206367
33579	上連桿	1	499704	94.206556
33580	上等	1	499705	94.206745
33581	上腕骨	1	499706	94.206934
33582	上腔靜脈	1	499707	94.207123
33583	上意	1	499708	94.207312
33584	上義大利	1	499709	94.207501
33585	上壽	1	499710	94.207690
33586	上網	1	499711	94.207879
33587	上賓	1	499712	94.208068
33588	上漿	1	499713	94.208257
33589	上機	1	499714	94.208446
33590	上諭	1	499715	94.208635
33591	上聲	1	499716	94.208824
33592	上臂	1	499717	94.209013
33593	上臂骨	1	499718	94.209202
33594	上櫃普通股	1	499719	94.209391
33595	上額	1	499720	94.209580
33596	上顎竇	1	499721	94.209769
33597	上藥	1	499722	94.209958
33598	上蠟	1	499723	94.210147
33599	丫鬟	1	499724	94.210336
33600	凡心	1	499725	94.210525
33601	凡氣	1	499726	94.210714
33602	凡湖	1	499727	94.210903
33603	凡塵	1	499728	94.211092
33604	凡稱	1	499729	94.211281
33605	凡賽斯	1	499730	94.211470
33606	久仰	1	499731	94.211659
33607	久旱	1	499732	94.211848
33608	久旱不雨	1	499733	94.212037
33609	久旱逢甘霖	1	499734	94.212226
33610	久留	1	499735	94.212415
33611	久駐	1	499736	94.212604
33612	么麼	1	499737	94.212793
33613	也行	1	499738	94.212982
33614	也罷	1	499739	94.213171
33615	乞丐裝	1	499740	94.213360
33616	乞求	1	499741	94.213549
33617	乞靈	1	499742	94.213738
33618	于永光	1	499743	94.213927
33619	于是	1	499744	94.214116
33620	于闐塞語	1	499745	94.214305
33621	于闐縣	1	499746	94.214494
33622	亡夫	1	499747	94.214683
33623	亡羊補牢	1	499748	94.214872
33624	亡佚	1	499749	94.215061
33625	亡命天涯	1	499750	94.215250
33626	亡命情侶片	1	499751	94.215439
33627	亡命情鴛	1	499752	94.215628
33628	亡國奴	1	499753	94.215817
33629	亡魂	1	499754	94.216006
33630	兀立	1	499755	94.216195
33631	兀自	1	499756	94.216384
33632	千人斬	1	499757	94.216573
33633	千夫所指	1	499758	94.216762
33634	千王鬥千后	1	499759	94.216951
33635	千王鬥千霸	1	499760	94.217140
33636	千古奇冤	1	499761	94.217329
33637	千百年	1	499762	94.217518
33638	千百惠	1	499763	94.217707
33639	千言萬語	1	499764	94.217896
33640	千奇百樣	1	499765	94.218085
33641	千金	1	499766	94.218274
33642	千門萬戶	1	499767	94.218463
33643	千挑百選	1	499768	94.218652
33644	千挑細選	1	499769	94.218841
33645	千軍萬馬	1	499770	94.219030
33646	千面	1	499771	94.219219
33647	千面怪傑	1	499772	94.219408
33648	千面樹	1	499773	94.219597
33649	千般	1	499774	94.219786
33650	千迴百轉	1	499775	94.219975
33651	千鈞一髮	1	499776	94.220164
33652	千萬種	1	499777	94.220353
33653	千載	1	499778	94.220542
33654	千載難逢	1	499779	94.220731
33655	千嬌百媚	1	499780	94.220920
33656	千頭鑽動	1	499781	94.221109
33657	千錘百鍊	1	499782	94.221298
33658	千疊敷	1	499783	94.221487
33659	叉腰	1	499784	94.221676
33660	叉路	1	499785	94.221865
33661	口口聲聲	1	499786	94.222054
33662	口才便給	1	499787	94.222243
33663	口出穢言	1	499788	94.222432
33664	口白	1	499789	94.222621
33665	口吐白沫	1	499790	94.222810
33666	口角炎	1	499791	94.222999
33667	口供	1	499792	94.223188
33668	口岸	1	499793	94.223377
33669	口服感冒疫苗	1	499794	94.223566
33670	口服避孕藥	1	499795	94.223755
33671	口沫橫飛	1	499796	94.223944
33672	口直心快	1	499797	94.224133
33673	口信	1	499798	94.224322
33674	口風	1	499799	94.224511
33675	口授	1	499800	94.224700
33676	口笛	1	499801	94.224889
33677	口脣	1	499802	94.225078
33678	口脣炎	1	499803	94.225267
33679	口部	1	499804	94.225456
33680	口無遮攔	1	499805	94.225645
33681	口腔黏膜	1	499806	94.225834
33682	口腹之慾	1	499807	94.226023
33683	口誅筆伐	1	499808	94.226212
33684	口實	1	499809	94.226401
33685	口對口	1	499810	94.226590
33686	口語	1	499811	94.226779
33687	口鼻	1	499812	94.226968
33688	口瘡	1	499813	94.227157
33689	口齒伶俐	1	499814	94.227346
33690	口器	1	499815	94.227535
33691	口嚼鉍片	1	499816	94.227724
33692	口譯	1	499817	94.227913
33693	土八路	1	499818	94.228102
33694	土方	1	499819	94.228291
33695	土方與志	1	499820	94.228480
33696	土地使用稅	1	499821	94.228669
33697	土地法	1	499822	94.228858
33698	土地政策	1	499823	94.229047
33699	土地重劃費	1	499824	94.229236
33700	土地登記簿	1	499825	94.229425
33701	土地稅	1	499826	94.229614
33702	土耳其式	1	499827	94.229803
33703	土里土氣	1	499828	94.229992
33704	土坡	1	499829	94.230181
33705	土狗	1	499830	94.230370
33706	土盆	1	499831	94.230559
33707	土研營	1	499832	94.230748
33708	土匪	1	499833	94.230937
33709	土氣	1	499834	94.231126
33710	土神	1	499835	94.231315
33711	土財主	1	499836	94.231504
33712	土殺	1	499837	94.231693
33713	土粒	1	499838	94.231882
33714	土登嘉措	1	499839	94.232071
33715	土黃色	1	499840	94.232260
33716	土塊	1	499841	94.232449
33717	土塹	1	499842	94.232638
33718	土臺	1	499843	94.232827
33719	土語	1	499844	94.233016
33720	土儀	1	499845	94.233205
33721	土墩	1	499846	94.233394
33722	土窯	1	499847	94.233583
33723	土糞牆	1	499848	94.233772
33724	土鯨	1	499849	94.233961
33725	土确厝	1	499850	94.234150
33726	士子	1	499851	94.234339
33727	士民	1	499852	94.234528
33728	士官班	1	499853	94.234717
33729	士林高商	1	499854	94.234906
33730	士林區	1	499855	94.235095
33731	士紙	1	499856	94.235284
33732	士族	1	499857	94.235473
33733	士電	1	499858	94.235662
33734	夕張市	1	499859	94.235851
33735	夕張國際冒險幻想影展	1	499860	94.236040
33736	夕陽紅	1	499861	94.236229
33737	大一統	1	499862	94.236418
33738	大人不計小人過	1	499863	94.236607
33739	大刀闊斧	1	499864	94.236796
33740	大久保忠素	1	499865	94.236985
33741	大口吞	1	499866	94.237174
33742	大口瓶	1	499867	94.237363
33743	大小百合	1	499868	94.237552
33744	大小事	1	499869	94.237741
33745	大小孩	1	499870	94.237930
33746	大中華上市公司	1	499871	94.238119
33747	大中華經濟圈	1	499872	94.238308
33748	大內	1	499873	94.238497
33749	大屯山	1	499874	94.238686
33750	大巴士	1	499875	94.238875
33751	大幻影	1	499876	94.239064
33752	大手	1	499877	94.239253
33753	大文豪	1	499878	94.239442
33754	大牙	1	499879	94.239631
33755	大犬座	1	499880	94.239820
33756	大王花	1	499881	94.240009
33757	大主教	1	499882	94.240198
33758	大仙寺	1	499883	94.240387
33759	大出血	1	499884	94.240576
33760	大出鋒頭	1	499885	94.240765
33761	大加闥伐	1	499886	94.240954
33762	大功臣	1	499887	94.241143
33763	大卡司	1	499888	94.241332
33764	大卡車	1	499889	94.241521
33765	大卡斯	1	499890	94.241710
33766	大四	1	499891	94.241899
33767	大打出手	1	499892	94.242088
33768	大正大藏經	1	499893	94.242277
33769	大生產運動	1	499894	94.242466
33770	大田國際博覽會	1	499895	94.242655
33771	大甲媽祖	1	499896	94.242844
33772	大白天	1	499897	94.243033
33773	大白菜	1	499898	94.243222
33774	大伙	1	499899	94.243411
33775	大伙兒	1	499900	94.243600
33776	大企業	1	499901	94.243789
33777	大光國小	1	499902	94.243978
33778	大刑	1	499903	94.244167
33779	大印	1	499904	94.244356
33780	大吉	1	499905	94.244545
33781	大同世界公司	1	499906	94.244734
33782	大同市	1	499907	94.244923
33783	大同區	1	499908	94.245112
33784	大名鼎鼎	1	499909	94.245301
33785	大吃	1	499910	94.245490
33786	大地勇士	1	499911	94.245679
33787	大地英豪	1	499912	94.245868
33788	大字報	1	499913	94.246057
33789	大安商工	1	499914	94.246246
33790	大安溪	1	499915	94.246435
33791	大老二	1	499916	94.246624
33792	大老遠	1	499917	94.246813
33793	大考	1	499918	94.247002
33794	大耳	1	499919	94.247191
33795	大耳朵	1	499920	94.247380
33796	大行情	1	499921	94.247569
33797	大西天經廠	1	499922	94.247758
33798	大西洋飲料	1	499923	94.247947
33799	大吹大擂	1	499924	94.248136
33800	大吵	1	499925	94.248325
33801	大宋皇帝皇后像紀	1	499926	94.248514
33802	大改款	1	499927	94.248703
33803	大材小用	1	499928	94.248892
33804	大男人	1	499929	94.249081
33805	大男孩	1	499930	94.249270
33806	大肚子	1	499931	94.249459
33807	大肚國小	1	499932	94.249648
33808	大肚溪	1	499933	94.249837
33809	大角羊	1	499934	94.250026
33810	大言不慚	1	499935	94.250215
33811	大豆油	1	499936	94.250404
33812	大事不妙	1	499937	94.250593
33813	大來洋行	1	499938	94.250782
33814	大侏儸山	1	499939	94.250971
33815	大侏儸山脈	1	499940	94.251160
33816	大典	1	499941	94.251349
33817	大呼快哉	1	499942	94.251538
33818	大和	1	499943	94.251727
33819	大和尚	1	499944	94.251916
33820	大夜班	1	499945	94.252105
33821	大姆指	1	499946	94.252294
33822	大定	1	499947	94.252483
33823	大宛	1	499948	94.252672
33824	大店	1	499949	94.252861
33825	大怪物	1	499950	94.253050
33826	大房	1	499951	94.253239
33827	大拍賣	1	499952	94.253428
33828	大放厥詞	1	499953	94.253617
33829	大旺	1	499954	94.253806
33830	大明宮	1	499955	94.253995
33831	大明湖	1	499956	94.254184
33832	大明殿	1	499957	94.254373
33833	大東村	1	499958	94.254562
33834	大東亞新秩序	1	499959	94.254751
33835	大林建設	1	499960	94.254940
33836	大林素子	1	499961	94.255129
33837	大林蒲	1	499962	94.255318
33838	大武山	1	499963	94.255507
33839	大沼地	1	499964	94.255696
33840	大法	1	499965	94.255885
33841	大玩	1	499966	94.256074
33842	大近視眼	1	499967	94.256263
33843	大金	1	499968	94.256452
33844	大便潛血反應	1	499969	94.256641
33845	大俗賣	1	499970	94.256830
33846	大冠鷲	1	499971	94.257019
33847	大前提	1	499972	94.257208
33848	大剌剌	1	499973	94.257397
33849	大勇	1	499974	94.257586
33850	大型化	1	499975	94.257775
33851	大帥	1	499976	94.257964
33852	大度	1	499977	94.258153
33853	大政殿	1	499978	94.258342
33854	大昭寺	1	499979	94.258531
33855	大津瀑布	1	499980	94.258720
33856	大科嵌	1	499981	94.258909
33857	大紅	1	499982	94.259098
33858	大紅色	1	499983	94.259287
33859	大英帝國聯邦國家協會	1	499984	94.259476
33860	大英雄主義	1	499985	94.259665
33861	大要	1	499986	94.259854
33862	大風雪	1	499987	94.260043
33863	大乘經典	1	499988	94.260232
33864	大個兒	1	499989	94.260421
33865	大修	1	499990	94.260610
33866	大凌河	1	499991	94.260799
33867	大凌河流域	1	499992	94.260988
33868	大哥大弊案	1	499993	94.261177
33869	大哥級	1	499994	94.261366
33870	大哭	1	499995	94.261555
33871	大哭大叫	1	499996	94.261744
33872	大埔	1	499997	94.261933
33873	大埔國小	1	499998	94.262122
33874	大害	1	499999	94.262311
33875	大家一起來	1	500000	94.262500
33876	大宴	1	500001	94.262689
33877	大展鴻圖	1	500002	94.262878
33878	大島	1	500003	94.263067
33879	大島渚	1	500004	94.263256
33880	大時代	1	500005	94.263445
33881	大案	1	500006	94.263634
33882	大氣圈	1	500007	94.263823
33883	大氣壓	1	500008	94.264012
33884	大海龜	1	500009	94.264201
33885	大神變	1	500010	94.264390
33886	大秦	1	500011	94.264579
33887	大財團	1	500012	94.264768
33888	大逃亡	1	500013	94.264957
33889	大馬投資案	1	500014	94.265146
33890	大馬路	1	500015	94.265335
33891	大高雄	1	500016	94.265524
33892	大高殿	1	500017	94.265713
33893	大做文章	1	500018	94.265902
33894	大副	1	500019	94.266091
33895	大動作	1	500020	94.266280
33896	大動肝火	1	500021	94.266469
33897	大國民	1	500022	94.266658
33898	大婚	1	500023	94.266847
33899	大專生	1	500024	94.267036
33900	大專校院	1	500025	94.267225
33901	大專教育	1	500026	94.267414
33902	大專聯考	1	500027	94.267603
33903	大將之風	1	500028	94.267792
33904	大將風範	1	500029	94.267981
33905	大捷	1	500030	94.268170
33906	大排檔	1	500031	94.268359
33907	大教堂	1	500032	94.268548
33908	大梁守城記	1	500033	94.268737
33909	大梁門	1	500034	94.268926
33910	大梁書院	1	500035	94.269115
33911	大清	1	500036	94.269304
33912	大清門	1	500037	94.269493
33913	大清帝國	1	500038	94.269682
33914	大清律法	1	500039	94.269871
33915	大理	1	500040	94.270060
33916	大異	1	500041	94.270249
33917	大眾捷運系統	1	500042	94.270438
33918	大眾傳播系	1	500043	94.270627
33919	大眾傳播媒介	1	500044	94.270816
33920	大眾銀行	1	500045	94.271005
33921	大貨車	1	500046	94.271194
33922	大赦	1	500047	94.271383
33923	大通銀行	1	500048	94.271572
33924	大都是	1	500049	94.271761
33925	大都會傳奇	1	500050	94.271950
33926	大野和哉	1	500051	94.272139
33927	大陸人青年	1	500052	94.272328
33928	大陸化	1	500053	94.272517
33929	大陸冷氣團	1	500054	94.272706
33930	大陸床	1	500055	94.272895
33931	大陸委員會	1	500056	94.273084
33932	大陸妹	1	500057	94.273273
33933	大陸客	1	500058	94.273462
33934	大陸船	1	500059	94.273651
33935	大陸貨	1	500060	94.273840
33936	大雪高嶺日影蝶	1	500061	94.274029
33937	大麥哲倫	1	500062	94.274218
33938	大傘	1	500063	94.274407
33939	大喊大叫	1	500064	94.274596
33940	大喪	1	500065	94.274785
33941	大場面	1	500066	94.274974
33942	大場善一	1	500067	94.275163
33943	大彭	1	500068	94.275352
33944	大惑不解	1	500069	94.275541
33945	大悲大喜	1	500070	94.275730
33946	大悲心	1	500071	94.275919
33947	大提頓公園	1	500072	94.276108
33948	大提頓國家公園	1	500073	94.276297
33949	大智若愚	1	500074	94.276486
33950	大朝會	1	500075	94.276675
33951	大棗	1	500076	94.276864
33952	大港	1	500077	94.277053
33953	大減價	1	500078	94.277242
33954	大湖公園	1	500079	94.277431
33955	大湖英烈	1	500080	94.277620
33956	大猩猩	1	500081	94.277809
33957	大發汽車	1	500082	94.277998
33958	大發燈泡廠	1	500083	94.278187
33959	大菩薩	1	500084	94.278376
33960	大華府	1	500085	94.278565
33961	大華銀行	1	500086	94.278754
33962	大象房屋	1	500087	94.278943
33963	大費周章	1	500088	94.279132
33964	大跌	1	500089	94.279321
33965	大開方便門	1	500090	94.279510
33966	大雅鄉	1	500091	94.279699
33967	大雄峰	1	500092	94.279888
33968	大傳系	1	500093	94.280077
33969	大傻瓜	1	500094	94.280266
33970	大嗓門	1	500095	94.280455
33971	大園	1	500096	94.280644
33972	大園工業區	1	500097	94.280833
33973	大園國小	1	500098	94.281022
33974	大圓鏡智寶殿	1	500099	94.281211
33975	大塊骨	1	500100	94.281400
33976	大媽	1	500101	94.281589
33977	大想頭廣告創作大賽	1	500102	94.281778
33978	大愛	1	500103	94.281967
33979	大搖大擺	1	500104	94.282156
33980	大會紀錄	1	500105	94.282345
33981	大會記錄	1	500106	94.282534
33982	大溪地	1	500107	94.282723
33983	大溪地群島	1	500108	94.282912
33984	大溪廠	1	500109	94.283101
33985	大溪鎮	1	500110	94.283290
33986	大碗滿墘	1	500111	94.283479
33987	大節	1	500112	94.283668
33988	大綁票	1	500113	94.283857
33989	大罪	1	500114	94.284046
33990	大聖	1	500115	94.284235
33991	大腸豬血湯	1	500116	94.284424
33992	大腳	1	500117	94.284613
33993	大腳丫	1	500118	94.284802
33994	大腦半球	1	500119	94.284991
33995	大腦皮層	1	500120	94.285180
33996	大腦皮質	1	500121	94.285369
33997	大舅	1	500122	94.285558
33998	大葉	1	500123	94.285747
33999	大葉螽斯	1	500124	94.285936
34000	大號	1	500125	94.286125
34001	大道理	1	500126	94.286314
34002	大飽口福	1	500127	94.286503
34003	大飽眼福	1	500128	94.286692
34004	大團圓	1	500129	94.286881
34005	大圖	1	500130	94.287070
34006	大夢	1	500131	94.287259
34007	大寧	1	500132	94.287448
34008	大寧河流域	1	500133	94.287637
34009	大旗	1	500134	94.287826
34010	大熊座	1	500135	94.288015
34011	大精舍	1	500136	94.288204
34012	大綱	1	500137	94.288393
34013	大腿塊	1	500138	94.288582
34014	大舞	1	500139	94.288771
34015	大舞臺	1	500140	94.288960
34016	大蒜片	1	500141	94.289149
34017	大蒜汁	1	500142	94.289338
34018	大蒜素	1	500143	94.289527
34019	大蒜液	1	500144	94.289716
34020	大蒜新素	1	500145	94.289905
34021	大蒜精	1	500146	94.290094
34022	大褂	1	500147	94.290283
34023	大鳴大放	1	500148	94.290472
34024	大嘴巴	1	500149	94.290661
34025	大嘴鳥	1	500150	94.290850
34026	大寮	1	500151	94.291039
34027	大寫	1	500152	94.291228
34028	大摩天嶺	1	500153	94.291417
34029	大數	1	500154	94.291606
34030	大數人	1	500155	94.291795
34031	大暴動	1	500156	94.291984
34032	大樣	1	500157	94.292173
34033	大盤商	1	500158	94.292362
34034	大蝦	1	500159	94.292551
34035	大衛‧梅傑	1	500160	94.292740
34036	大衛‧道爾森	1	500161	94.292929
34037	大衛王	1	500162	94.293118
34038	大衛貝利	1	500163	94.293307
34039	大衛林區	1	500164	94.293496
34040	大衛柯能堡	1	500165	94.293685
34041	大衛格里菲斯	1	500166	94.293874
34042	大談	1	500167	94.294063
34043	大請客	1	500168	94.294252
34044	大賞	1	500169	94.294441
34045	大遷徙	1	500170	94.294630
34046	大器	1	500171	94.294819
34047	大學士	1	500172	94.295008
34048	大學法	1	500173	94.295197
34049	大學社	1	500174	94.295386
34050	大學部	1	500175	94.295575
34051	大樹瘤	1	500176	94.295764
34052	大氅	1	500177	94.295953
34053	大磨坊	1	500178	94.296142
34054	大鋼廠計畫	1	500179	94.296331
34055	大頭	1	500180	94.296520
34056	大頭針	1	500181	94.296709
34057	大頭插針	1	500182	94.296898
34058	大獲全勝	1	500183	94.297087
34059	大磴島	1	500184	94.297276
34060	大總統	1	500185	94.297465
34061	大虧	1	500186	94.297654
34062	大螫	1	500187	94.297843
34063	大趨勢	1	500188	94.298032
34064	大鮭湖	1	500189	94.298221
34065	大鴻臚	1	500190	94.298410
34066	大禮	1	500191	94.298599
34067	大藏經	1	500192	94.298788
34068	大蟲	1	500193	94.298977
34069	大豐	1	500194	94.299166
34070	大醫院	1	500195	94.299355
34071	大鎮	1	500196	94.299544
34072	大雜院紳士錄	1	500197	94.299733
34073	大額	1	500198	94.299922
34074	大題小作	1	500199	94.300111
34075	大懶猴	1	500200	94.300300
34076	大爆滿	1	500201	94.300489
34077	大轎車	1	500202	94.300678
34078	大難當頭	1	500203	94.300867
34079	大霧	1	500204	94.301056
34080	大鵬旅遊	1	500205	94.301245
34081	大麗花	1	500206	94.301434
34082	大嚷大叫	1	500207	94.301623
34083	大嚼	1	500208	94.301812
34084	大寶佛	1	500209	94.302001
34085	大霹靂宇宙	1	500210	94.302190
34086	大魔域	1	500211	94.302379
34087	大權獨攬	1	500212	94.302568
34088	大驚失色	1	500213	94.302757
34089	大觀	1	500214	94.302946
34090	大庄沿革史	1	500215	94.303135
34091	大坌坑文化	1	500216	94.303324
34092	大庴	1	500217	94.303513
34093	大嵙崁溪	1	500218	94.303702
34094	大纛	1	500219	94.303891
34095	女人女人	1	500220	94.304080
34096	女子組	1	500221	94.304269
34097	女丐	1	500222	94.304458
34098	女王蜂	1	500223	94.304647
34099	女仕	1	500224	94.304836
34100	女生緣	1	500225	94.305025
34101	女色	1	500226	94.305214
34102	女伴	1	500227	94.305403
34103	女兵	1	500228	94.305592
34104	女兵日記	1	500229	94.305781
34105	女兒身	1	500230	94.305970
34106	女兒經	1	500231	94.306159
34107	女性化	1	500232	94.306348
34108	女明星	1	500233	94.306537
34109	女娃	1	500234	94.306726
34110	女娃兒	1	500235	94.306915
34111	女孩兒	1	500236	94.307104
34112	女帝	1	500237	94.307293
34113	女皇	1	500238	94.307482
34114	女英	1	500239	94.307671
34115	女真人	1	500240	94.307860
34116	女高	1	500241	94.308049
34117	女強人	1	500242	94.308238
34118	女袍	1	500243	94.308427
34119	女媧	1	500244	94.308616
34120	女帽	1	500245	94.308805
34121	女演員	1	500246	94.308994
34122	女廚	1	500247	94.309183
34123	女樂	1	500248	94.309372
34124	女學	1	500249	94.309561
34125	女學生	1	500250	94.309750
34126	女牆	1	500251	94.309939
34127	女騎士	1	500252	94.310128
34128	女藝人	1	500253	94.310317
34129	女籃	1	500254	94.310506
34130	女籃隊	1	500255	94.310695
34131	女警	1	500256	94.310884
34132	子反	1	500257	94.311073
34133	子弟社	1	500258	94.311262
34134	子夜	1	500259	94.311451
34135	子房	1	500260	94.311640
34136	子法	1	500261	94.311829
34137	子派系	1	500262	94.312018
34138	子宮內膜炎	1	500263	94.312207
34139	子宮內膜異位症	1	500264	94.312396
34140	子宮肌瘤	1	500265	94.312585
34141	子宮頸癌	1	500266	94.312774
34142	子宮癌	1	500267	94.312963
34143	子貢	1	500268	94.313152
34144	子產	1	500269	94.313341
34145	子嗣	1	500270	94.313530
34146	子路	1	500271	94.313719
34147	子題	1	500272	94.313908
34148	寸草心	1	500273	94.314097
34149	寸斷	1	500274	94.314286
34150	小人物狂想曲	1	500275	94.314475
34151	小人國遊記	1	500276	94.314664
34152	小刀	1	500277	94.314853
34153	小丫頭	1	500278	94.315042
34154	小女子	1	500279	94.315231
34155	小小天地兒童百貨	1	500280	94.315420
34156	小小音樂列車	1	500281	94.315609
34157	小小說	1	500282	94.315798
34158	小丑秀	1	500283	94.315987
34159	小心奕奕	1	500284	94.316176
34160	小心眼	1	500285	94.316365
34161	小火車	1	500286	94.316554
34162	小牛皮	1	500287	94.316743
34163	小王爺	1	500288	94.316932
34164	小冊	1	500289	94.317121
34165	小功	1	500290	94.317310
34166	小包商	1	500291	94.317499
34167	小巨人	1	500292	94.317688
34168	小巧玲瓏	1	500293	94.317877
34169	小本	1	500294	94.318066
34170	小札	1	500295	94.318255
34171	小生怕怕	1	500296	94.318444
34172	小白花	1	500297	94.318633
34173	小名	1	500298	94.318822
34174	小忙	1	500299	94.319011
34175	小池	1	500300	94.319200
34176	小百姓	1	500301	94.319389
34177	小百科	1	500302	94.319578
34178	小米	1	500303	94.319767
34179	小米祭	1	500304	94.319956
34180	小老頭	1	500305	94.320145
34181	小考	1	500306	94.320334
34182	小行星群	1	500307	94.320523
34183	小西京	1	500308	94.320712
34184	小別勝新婚	1	500309	94.320901
34185	小巫見大巫	1	500310	94.321090
34186	小床	1	500311	94.321279
34187	小步	1	500312	94.321468
34188	小步舞曲	1	500313	94.321657
34189	小沙子	1	500314	94.321846
34190	小災	1	500315	94.322035
34191	小角色	1	500316	94.322224
34192	小豆苗	1	500317	94.322413
34193	小兒	1	500318	94.322602
34194	小兒怒	1	500319	94.322791
34195	小兒科醫生	1	500320	94.322980
34196	小兒帽	1	500321	94.323169
34197	小兒痲痺症	1	500322	94.323358
34198	小坡	1	500323	94.323547
34199	小夜曲	1	500324	94.323736
34200	小夜班	1	500325	94.323925
34201	小妹妹	1	500326	94.324114
34202	小官	1	500327	94.324303
34203	小岩架	1	500328	94.324492
34204	小林薰	1	500329	94.324681
34205	小河沿文化類型	1	500330	94.324870
34206	小油坑	1	500331	94.325059
34207	小玩笑	1	500332	94.325248
34208	小玩藝	1	500333	94.325437
34209	小芽兒	1	500334	94.325626
34210	小勇	1	500335	94.325815
34211	小品牌	1	500336	94.326004
34212	小型乘用車	1	500337	94.326193
34213	小奎	1	500338	94.326382
34214	小姨子	1	500339	94.326571
34215	小巷	1	500340	94.326760
34216	小指	1	500341	94.326949
34217	小泉	1	500342	94.327138
34218	小泉今日子	1	500343	94.327327
34219	小美人	1	500344	94.327516
34220	小美人魚	1	500345	94.327705
34221	小飛柔	1	500346	94.327894
34222	小香港	1	500347	94.328083
34223	小家	1	500348	94.328272
34224	小家庭	1	500349	94.328461
34225	小家電	1	500350	94.328650
34226	小家碧玉	1	500351	94.328839
34227	小栗康	1	500352	94.329028
34228	小氣	1	500353	94.329217
34229	小氣財神	1	500354	94.329406
34230	小氣鬼	1	500355	94.329595
34231	小泰山	1	500356	94.329784
34232	小浪	1	500357	94.329973
34233	小浪頭	1	500358	94.330162
34234	小畜集	1	500359	94.330351
34235	小病	1	500360	94.330540
34236	小缺點	1	500361	94.330729
34237	小鬼真難纏	1	500362	94.330918
34238	小鬼湖	1	500363	94.331107
34239	小問題	1	500364	94.331296
34240	小康家庭	1	500365	94.331485
34241	小啟	1	500366	94.331674
34242	小甜甜	1	500367	94.331863
34243	小眾媒體	1	500368	94.332052
34244	小笠原諸島	1	500369	94.332241
34245	小部份	1	500370	94.332430
34246	小野寺	1	500371	94.332619
34247	小鳥兒	1	500372	94.332808
34248	小鹿斑比	1	500373	94.332997
34249	小凱瑟琳	1	500374	94.333186
34250	小凱薩	1	500375	94.333375
34251	小喬木	1	500376	94.333564
34252	小巽他群島	1	500377	94.333753
34253	小插曲	1	500378	94.333942
34254	小湖	1	500379	94.334131
34255	小牌	1	500380	94.334320
34256	小猴	1	500381	94.334509
34257	小跑步	1	500382	94.334698
34258	小黑盒	1	500383	94.334887
34259	小黑頭鸚鵡	1	500384	94.335076
34260	小傷	1	500385	94.335265
34261	小塔	1	500386	94.335454
34262	小塊	1	500387	94.335643
34263	小媳婦	1	500388	94.335832
34264	小意思	1	500389	94.336021
34265	小楊	1	500390	94.336210
34266	小溝	1	500391	94.336399
34267	小碎花	1	500392	94.336588
34268	小節	1	500393	94.336777
34269	小腳	1	500394	94.336966
34270	小葉癌	1	500395	94.337155
34271	小號	1	500396	94.337344
34272	小詩	1	500397	94.337533
34273	小賊	1	500398	94.337722
34274	小資產階級	1	500399	94.337911
34275	小道消息	1	500400	94.338100
34276	小鼓	1	500401	94.338289
34277	小嘍嘍	1	500402	94.338478
34278	小漢普頓	1	500403	94.338667
34279	小熊座	1	500404	94.338856
34280	小睡	1	500405	94.339045
34281	小臺北	1	500406	94.339234
34282	小語	1	500407	94.339423
34283	小說化	1	500408	94.339612
34284	小說新人獎	1	500409	94.339801
34285	小餃兒	1	500410	94.339990
34286	小數目	1	500411	94.340179
34287	小標	1	500412	94.340368
34288	小蝦米	1	500413	94.340557
34289	小齒輪轉向系統	1	500414	94.340746
34290	小樹	1	500415	94.340935
34291	小橋	1	500416	94.341124
34292	小燕鷗	1	500417	94.341313
34293	小錢	1	500418	94.341502
34294	小鋼炮	1	500419	94.341691
34295	小鋼胚	1	500420	94.341880
34296	小翼鶇	1	500421	94.342069
34297	小擾流板	1	500422	94.342258
34298	小禮	1	500423	94.342447
34299	小禮物	1	500424	94.342636
34300	小藍熊	1	500425	94.342825
34301	小醫院	1	500426	94.343014
34302	小雞善嶼	1	500427	94.343203
34303	小題大作	1	500428	94.343392
34304	小轎車	1	500429	94.343581
34305	小灌木	1	500430	94.343770
34306	小彎嘴	1	500431	94.343959
34307	小鶇	1	500432	94.344148
34308	尸位素餐	1	500433	94.344337
34309	山友	1	500434	94.344526
34310	山本由松	1	500435	94.344715
34311	山本富士子	1	500436	94.344904
34312	山多利公司	1	500437	94.345093
34313	山羊島	1	500438	94.345282
34314	山老鼠	1	500439	94.345471
34315	山芋	1	500440	94.345660
34316	山坡地開發建築管理辦法	1	500441	94.345849
34317	山姆	1	500442	94.346038
34318	山姆大叔	1	500443	94.346227
34319	山姆富勒	1	500444	94.346416
34320	山姆華納	1	500445	94.346605
34321	山東人	1	500446	94.346794
34322	山林地	1	500447	94.346983
34323	山林投	1	500448	94.347172
34324	山舍	1	500449	94.347361
34325	山城	1	500450	94.347550
34326	山泉水	1	500451	94.347739
34327	山洪	1	500452	94.347928
34328	山重水複	1	500453	94.348117
34329	山神	1	500454	94.348306
34330	山茶花	1	500455	94.348495
34331	山高水長	1	500456	94.348684
34332	山高水長閣	1	500457	94.348873
34333	山鬼	1	500458	94.349062
34334	山崗	1	500459	94.349251
34335	山梨醫科大學	1	500460	94.349440
34336	山莧菜	1	500461	94.349629
34337	山麻雀	1	500462	94.349818
34338	山嵐	1	500463	94.350007
34339	山普拉	1	500464	94.350196
34340	山景	1	500465	94.350385
34341	山階	1	500466	94.350574
34342	山集	1	500467	94.350763
34343	山搖地動	1	500468	94.350952
34344	山溝	1	500469	94.351141
34345	山腰	1	500470	94.351330
34346	山葉音響	1	500471	94.351519
34347	山葡萄	1	500472	94.351708
34348	山裡寺	1	500473	94.351897
34349	山鼠	1	500474	94.352086
34350	山豬窟	1	500475	94.352275
34351	山豬路	1	500476	94.352464
34352	山壁	1	500477	94.352653
34353	山險	1	500478	94.352842
34354	山龍眼	1	500479	94.353031
34355	山難	1	500480	94.353220
34356	山霧	1	500481	94.353409
34357	山蘇花	1	500482	94.353598
34358	山坳	1	500483	94.353787
34359	山砦	1	500484	94.353976
34360	川西平原	1	500485	94.354165
34361	川流不息	1	500486	94.354354
34362	川飛	1	500487	94.354543
34363	川飛公司	1	500488	94.354732
34364	川喜多	1	500489	94.354921
34365	工本	1	500490	94.355110
34366	工本費	1	500491	94.355299
34367	工式	1	500492	94.355488
34368	工作史	1	500493	94.355677
34369	工作員	1	500494	94.355866
34370	工作隊	1	500495	94.356055
34371	工作會	1	500496	94.356244
34372	工作團	1	500497	94.356433
34373	工作證	1	500498	94.356622
34374	工序	1	500499	94.356811
34375	工技院	1	500500	94.357000
34376	工具袋	1	500501	94.357189
34377	工具機	1	500502	94.357378
34378	工研院實驗室	1	500503	94.357567
34379	工務部	1	500504	94.357756
34380	工商企業界	1	500505	94.357945
34381	工商建研會	1	500506	94.358134
34382	工商時報	1	500507	94.358323
34383	工商會	1	500508	94.358512
34384	工商業綜合區	1	500509	94.358701
34385	工部	1	500510	94.358890
34386	工期	1	500511	94.359079
34387	工程局	1	500512	94.359268
34388	工程度	1	500513	94.359457
34389	工程處	1	500514	94.359646
34390	工程款	1	500515	94.359835
34391	工程圖	1	500516	94.360024
34392	工程險	1	500517	94.360213
34393	工傷	1	500518	94.360402
34394	工業化國家	1	500519	94.360591
34395	工業生產用地	1	500520	94.360780
34396	工業地	1	500521	94.360969
34397	工業城	1	500522	94.361158
34398	工蜂	1	500523	94.361347
34399	工寮	1	500524	94.361536
34400	工廠法	1	500525	94.361725
34401	工學	1	500526	94.361914
34402	工頭	1	500527	94.362103
34403	工總	1	500528	94.362292
34404	工藝展	1	500529	94.362481
34405	工藝營	1	500530	94.362670
34406	工藤靜香	1	500531	94.362859
34407	工讀費	1	500532	94.363048
34408	己所不欲，勿施於人	1	500533	94.363237
34409	己飢己溺	1	500534	94.363426
34410	已深	1	500535	94.363615
34411	已開發	1	500536	94.363804
34412	已開發國家	1	500537	94.363993
34413	巾帕	1	500538	94.364182
34414	巾幗	1	500539	94.364371
34415	巾幗英雄	1	500540	94.364560
34416	干戈不息	1	500541	94.364749
34417	干令犯禁	1	500542	94.364938
34418	干貝	1	500543	94.365127
34419	干邑	1	500544	94.365316
34420	干祿求官	1	500545	94.365505
34421	弓步	1	500546	94.365694
34422	弓弦	1	500547	94.365883
34423	弓箭手	1	500548	94.366072
34424	才人	1	500549	94.366261
34425	才氣	1	500550	94.366450
34426	才德	1	500551	94.366639
34427	才藝營	1	500552	94.366828
34428	丑角	1	500553	94.367017
34429	不了情	1	500554	94.367206
34430	不三不四	1	500555	94.367395
34431	不干預政策	1	500556	94.367584
34432	不予置評	1	500557	94.367773
34433	不亢不卑	1	500558	94.367962
34434	不仁	1	500559	94.368151
34435	不分	1	500560	94.368340
34436	不分上下	1	500561	94.368529
34437	不分區立委	1	500562	94.368718
34438	不及	1	500563	94.368907
34439	不毛	1	500564	94.369096
34440	不以為忤	1	500565	94.369285
34441	不仕	1	500566	94.369474
34442	不令而行	1	500567	94.369663
34443	不出所料	1	500568	94.369852
34444	不可同日而語	1	500569	94.370041
34445	不孕性	1	500570	94.370230
34446	不平之鳴	1	500571	94.370419
34447	不打緊	1	500572	94.370608
34448	不甘居人下	1	500573	94.370797
34449	不甘寂寞	1	500574	94.370986
34450	不由分說	1	500575	94.371175
34451	不休不眠	1	500576	94.371364
34452	不合	1	500577	94.371553
34453	不吃不可	1	500578	94.371742
34454	不死	1	500579	94.371931
34455	不吝賜教	1	500580	94.372120
34456	不告而別	1	500581	94.372309
34457	不男不女	1	500582	94.372498
34458	不良率	1	500583	94.372687
34459	不見不散	1	500584	94.372876
34460	不見經傳	1	500585	94.373065
34461	不言而喻	1	500586	94.373254
34462	不卑不亢	1	500587	94.373443
34463	不定時炸彈	1	500588	94.373632
34464	不屈不撓	1	500589	94.373821
34465	不幸中之大幸	1	500590	94.374010
34466	不忠	1	500591	94.374199
34467	不拘小節	1	500592	94.374388
34468	不易	1	500593	94.374577
34469	不明就裡	1	500594	94.374766
34470	不枉此生	1	500595	94.374955
34471	不法	1	500596	94.375144
34472	不治之症	1	500597	94.375333
34473	不治而癒	1	500598	94.375522
34474	不知凡幾	1	500599	94.375711
34475	不近人情	1	500600	94.375900
34476	不長眼睛	1	500601	94.376089
34477	不信邪	1	500602	94.376278
34478	不流俗	1	500603	94.376467
34479	不為人知	1	500604	94.376656
34480	不祇	1	500605	94.376845
34481	不苟言笑	1	500606	94.377034
34482	不要臉	1	500607	94.377223
34483	不貞	1	500608	94.377412
34484	不軌	1	500609	94.377601
34485	不食人間煙火	1	500610	94.377790
34486	不倫	1	500611	94.377979
34487	不容置疑	1	500612	94.378168
34488	不弱	1	500613	94.378357
34489	不消	1	500614	94.378546
34490	不能不	1	500615	94.378735
34491	不記名股	1	500616	94.378924
34492	不假辭色	1	500617	94.379113
34493	不偏不倚	1	500618	94.379302
34494	不務正業	1	500619	94.379491
34495	不動色	1	500620	94.379680
34496	不動產業	1	500621	94.379869
34497	不動聲色	1	500622	94.380058
34498	不得好死	1	500623	94.380247
34499	不得法	1	500624	94.380436
34500	不惟	1	500625	94.380625
34501	不教	1	500626	94.380814
34502	不理不睬	1	500627	94.381003
34503	不設防城市	1	500628	94.381192
34504	不速之客	1	500629	94.381381
34505	不單是	1	500630	94.381570
34506	不堪一擊	1	500631	94.381759
34507	不惑之年	1	500632	94.381948
34508	不智	1	500633	94.382137
34509	不期而遇	1	500634	94.382326
34510	不測	1	500635	94.382515
34511	不渝	1	500636	94.382704
34512	不痛不癢	1	500637	94.382893
34513	不登大雅之堂	1	500638	94.383082
34514	不發一語	1	500639	94.383271
34515	不等邊三角形	1	500640	94.383460
34516	不結盟系統	1	500641	94.383649
34517	不結盟國家	1	500642	94.383838
34518	不菲	1	500643	94.384027
34519	不傳之祕	1	500644	94.384216
34520	不溯既往	1	500645	94.384405
34521	不落俗套	1	500646	94.384594
34522	不貲	1	500647	94.384783
34523	不過爾爾	1	500648	94.384972
34524	不遑多讓	1	500649	94.385161
34525	不馴	1	500650	94.385350
34526	不盡	1	500651	94.385539
34527	不盡如人意	1	500652	94.385728
34528	不確定性	1	500653	94.385917
34529	不請自來	1	500654	94.386106
34530	不論如何	1	500655	94.386295
34531	不適應症	1	500656	94.386484
34532	不隨意肌	1	500657	94.386673
34533	不濟	1	500658	94.386862
34534	不斷電系統	1	500659	94.387051
34535	不織布機	1	500660	94.387240
34536	不繡鋼	1	500661	94.387429
34537	不懷好意	1	500662	94.387618
34538	不繼	1	500663	94.387807
34539	不顧一切	1	500664	94.387996
34540	不變	1	500665	94.388185
34541	不羈	1	500666	94.388374
34542	中人欲嘔	1	500667	94.388563
34543	中下級	1	500668	94.388752
34544	中下游	1	500669	94.388941
34545	中下層	1	500670	94.389130
34546	中上游	1	500671	94.389319
34547	中上層	1	500672	94.389508
34548	中小企	1	500673	94.389697
34549	中小企業主	1	500674	94.389886
34550	中小企業家	1	500675	94.390075
34551	中小企銀	1	500676	94.390264
34552	中山女中	1	500677	94.390453
34553	中山南路	1	500678	94.390642
34554	中山紀念堂	1	500679	94.390831
34555	中山高	1	500680	94.391020
34556	中山高速公路	1	500681	94.391209
34557	中山區	1	500682	94.391398
34558	中山國小	1	500683	94.391587
34559	中山靖王傳	1	500684	94.391776
34560	中山學園	1	500685	94.391965
34561	中山橋	1	500686	94.392154
34562	中山醫院	1	500687	94.392343
34563	中介地	1	500688	94.392532
34564	中元祭	1	500689	94.392721
34565	中元普渡祭	1	500690	94.392910
34566	中元節	1	500691	94.393099
34567	中天	1	500692	94.393288
34568	中心環	1	500693	94.393477
34569	中文字	1	500694	94.393666
34570	中文記憶微電腦	1	500695	94.393855
34571	中文報	1	500696	94.394044
34572	中文視窗	1	500697	94.394233
34573	中文電腦	1	500698	94.394422
34574	中文電腦輸入法	1	500699	94.394611
34575	中文顯示型呼叫器	1	500700	94.394800
34576	中日戰爭	1	500701	94.394989
34577	中止閥	1	500702	94.395178
34578	中水道	1	500703	94.395367
34579	中世紀時代	1	500704	94.395556
34580	中古城	1	500705	94.395745
34581	中古屋	1	500706	94.395934
34582	中史	1	500707	94.396123
34583	中外	1	500708	94.396312
34584	中外合資企業法	1	500709	94.396501
34585	中外野手	1	500710	94.396690
34586	中外馳名	1	500711	94.396879
34587	中央人民廣播電臺	1	500712	94.397068
34588	中央公債	1	500713	94.397257
34589	中央公積金制度	1	500714	94.397446
34590	中央分動箱	1	500715	94.397635
34591	中央手枕	1	500716	94.397824
34592	中央日報	1	500717	94.398013
34593	中央民意代表	1	500718	94.398202
34594	中央全會	1	500719	94.398391
34595	中央存保公司	1	500720	94.398580
34596	中央尖	1	500721	94.398769
34597	中央投資公司	1	500722	94.398958
34598	中央防盜門鎖	1	500723	94.399147
34599	中央社	1	500724	94.399336
34600	中央宣傳委員會	1	500725	94.399525
34601	中央政權	1	500726	94.399714
34602	中央軍委主席	1	500727	94.399903
34603	中央軍委副主席	1	500728	94.400092
34604	中央差速器式	1	500729	94.400281
34605	中央氣象局	1	500730	94.400470
34606	中央健保局	1	500731	94.400659
34607	中央控制電動鎖	1	500732	94.400848
34608	中央控制臺	1	500733	94.401037
34609	中央統戰部	1	500734	94.401226
34610	中央處理系統	1	500735	94.401415
34611	中央處理器	1	500736	94.401604
34612	中央最高法院檢察署	1	500737	94.401793
34613	中央博物館	1	500738	94.401982
34614	中央進氣冷卻器	1	500739	94.402171
34615	中央電視臺	1	500740	94.402360
34616	中央電影公司	1	500741	94.402549
34617	中央電影攝製廠	1	500742	94.402738
34618	中央圖書館	1	500743	94.402927
34619	中央選委會	1	500744	94.403116
34620	中央黏性耦合差速器	1	500745	94.403305
34621	中正文化中心	1	500746	94.403494
34622	中正企研所	1	500747	94.403683
34623	中正殿	1	500748	94.403872
34624	中正路	1	500749	94.404061
34625	中正預校	1	500750	94.404250
34626	中正圖書館	1	500751	94.404439
34627	中生代末期	1	500752	94.404628
34628	中用	1	500753	94.404817
34629	中石化	1	500754	94.405006
34630	中伏	1	500755	94.405195
34631	中年級	1	500756	94.405384
34632	中老年人	1	500757	94.405573
34633	中耳	1	500758	94.405762
34634	中耳炎	1	500759	94.405951
34635	中西	1	500760	94.406140
34636	中西伊之助	1	500761	94.406329
34637	中西藥	1	500762	94.406518
34638	中低速	1	500763	94.406707
34639	中壯代	1	500764	94.406896
34640	中亞洲	1	500765	94.407085
34641	中典	1	500766	94.407274
34642	中和市	1	500767	94.407463
34643	中和殿	1	500768	94.407652
34644	中東研究所	1	500769	94.407841
34645	中河	1	500770	94.408030
34646	中油公司	1	500771	94.408219
34647	中空狀	1	500772	94.408408
34648	中長期發展	1	500773	94.408597
34649	中青年	1	500774	94.408786
34650	中信銀行	1	500775	94.408975
34651	中信證券	1	500776	94.409164
34652	中南海	1	500777	94.409353
34653	中型轎跑車系	1	500778	94.409542
34654	中城國小	1	500779	94.409731
34655	中宣部	1	500780	94.409920
34656	中屋建設	1	500781	94.410109
34657	中度發展國	1	500782	94.410298
34658	中看	1	500783	94.410487
34659	中看不中吃	1	500784	94.410676
34660	中紅山	1	500785	94.410865
34661	中美情治會議	1	500786	94.411054
34662	中美智慧財產權	1	500787	94.411243
34663	中軍殿	1	500788	94.411432
34664	中師附小	1	500789	94.411621
34665	中挫	1	500790	94.411810
34666	中時	1	500791	94.411999
34667	中時周刊	1	500792	94.412188
34668	中時晚報電影獎	1	500793	94.412377
34669	中書令	1	500794	94.412566
34670	中泰	1	500795	94.412755
34671	中高層	1	500796	94.412944
34672	中高轉速域	1	500797	94.413133
34673	中國文化報	1	500798	94.413322
34674	中國文物報	1	500799	94.413511
34675	中國文選	1	500800	94.413700
34676	中國日報	1	500801	94.413889
34677	中國水墨	1	500802	94.414078
34678	中國生產力中心	1	500803	94.414267
34679	中國共產黨	1	500804	94.414456
34680	中國百科全書	1	500805	94.414645
34681	中國佛教協會	1	500806	94.414834
34682	中國京劇院	1	500807	94.415023
34683	中國枕	1	500808	94.415212
34684	中國社會科學考古研究所	1	500809	94.415401
34685	中國近代史	1	500810	94.415590
34686	中國信託商業銀行	1	500811	94.415779
34687	中國信託銀行	1	500812	94.415968
34688	中國律師協會	1	500813	94.416157
34689	中國研究學會	1	500814	94.416346
34690	中國科技大學	1	500815	94.416535
34691	中國紅十字會	1	500816	94.416724
34692	中國神話	1	500817	94.416913
34693	中國國民黨中央委員會	1	500818	94.417102
34694	中國情	1	500819	94.417291
34695	中國現代史	1	500820	94.417480
34696	中國植物學	1	500821	94.417669
34697	中國畫	1	500822	94.417858
34698	中國結	1	500823	94.418047
34699	中國菜	1	500824	94.418236
34700	中國電力株式會社	1	500825	94.418425
34701	中國劍	1	500826	94.418614
34702	中國廣播公司	1	500827	94.418803
34703	中國歷史研究法	1	500828	94.418992
34704	中國歷史博物館	1	500829	94.419181
34705	中國輸銀	1	500830	94.419370
34706	中國藍合唱團	1	500831	94.419559
34707	中國醫科大學	1	500832	94.419748
34708	中國醫學	1	500833	94.419937
34709	中國醫藥學院	1	500834	94.420126
34710	中堂聯	1	500835	94.420315
34711	中庸之道	1	500836	94.420504
34712	中控鎖系統	1	500837	94.420693
34713	中清路	1	500838	94.420882
34714	中船	1	500839	94.421071
34715	中途站	1	500840	94.421260
34716	中單	1	500841	94.421449
34717	中廊	1	500842	94.421638
34718	中港溪	1	500843	94.421827
34719	中港路	1	500844	94.422016
34720	中港福家	1	500845	94.422205
34721	中湖國小	1	500846	94.422394
34722	中華二千年史	1	500847	94.422583
34723	中華工程公司	1	500848	94.422772
34724	中華工學院	1	500849	94.422961
34725	中華五千年	1	500850	94.423150
34726	中華少年成長基金會	1	500851	94.423339
34727	中華文化復興總會	1	500852	94.423528
34728	中華日報	1	500853	94.423717
34729	中華民國車輛競技協會	1	500854	94.423906
34730	中華民國品質管制學會	1	500855	94.424095
34731	中華民國風箏協會	1	500856	94.424284
34732	中華民國經濟研究院	1	500857	94.424473
34733	中華佛教青年會	1	500858	94.424662
34734	中華兒童棋院	1	500859	94.424851
34735	中華泳協	1	500860	94.425040
34736	中華青年會館	1	500861	94.425229
34737	中華青棒	1	500862	94.425418
34738	中華盃	1	500863	94.425607
34739	中華航空	1	500864	94.425796
34740	中華航空公司	1	500865	94.425985
34741	中華航空集團	1	500866	94.426174
34742	中華傳播公司	1	500867	94.426363
34743	中華奧會	1	500868	94.426552
34744	中華經研院	1	500869	94.426741
34745	中華經濟研究所	1	500870	94.426930
34746	中華經濟圈	1	500871	94.427119
34747	中華電信	1	500872	94.427308
34748	中華賓士	1	500873	94.427497
34749	中華賓士汽車	1	500874	94.427686
34750	中華衛星計劃	1	500875	94.427875
34751	中華職棒公司	1	500876	94.428064
34752	中菜	1	500877	94.428253
34753	中評委	1	500878	94.428442
34754	中評會	1	500879	94.428631
34755	中間片	1	500880	94.428820
34756	中飯	1	500881	94.429009
34757	中傷	1	500882	94.429198
34758	中歇	1	500883	94.429387
34759	中置引擎超級跑車	1	500884	94.429576
34760	中置引擎跑車	1	500885	94.429765
34761	中腸	1	500886	94.429954
34762	中運會	1	500887	94.430143
34763	中道	1	500888	94.430332
34764	中飽私囊	1	500889	94.430521
34765	中鼎工程公司	1	500890	94.430710
34766	中圖	1	500891	94.430899
34767	中實戶	1	500892	94.431088
34768	中福	1	500893	94.431277
34769	中製	1	500894	94.431466
34770	中辣	1	500895	94.431655
34771	中價位	1	500896	94.431844
34772	中層	1	500897	94.432033
34773	中廣音樂網	1	500898	94.432222
34774	中樞骨	1	500899	94.432411
34775	中樂團	1	500900	94.432600
34776	中歐自由貿易區	1	500901	94.432789
34777	中盤商	1	500902	94.432978
34778	中箭	1	500903	94.433167
34779	中線	1	500904	94.433356
34780	中質	1	500905	94.433545
34781	中學運動大會	1	500906	94.433734
34782	中學運動會	1	500907	94.433923
34783	中學聯運會	1	500908	94.434112
34784	中橫公路	1	500909	94.434301
34785	中興百貨	1	500910	94.434490
34786	中興保全	1	500911	94.434679
34787	中興紡織	1	500912	94.434868
34788	中興報	1	500913	94.435057
34789	中興新村	1	500914	94.435246
34790	中餐廳	1	500915	94.435435
34791	中環快速道路	1	500916	94.435624
34792	中環雪廠街	1	500917	94.435813
34793	中醫食療法	1	500918	94.436002
34794	中醫學院	1	500919	94.436191
34795	中壢市	1	500920	94.436380
34796	中藥店	1	500921	94.436569
34797	中藥學	1	500922	94.436758
34798	中譯	1	500923	94.436947
34799	中聽	1	500924	94.437136
34800	中籤	1	500925	94.437325
34801	丰姿	1	500926	94.437514
34802	丹尼狄維多	1	500927	94.437703
34803	丹尼斯	1	500928	94.437892
34804	丹尼斯‧布蘭徹	1	500929	94.438081
34805	丹尼斯哈潑	1	500930	94.438270
34806	丹尼爾	1	500931	94.438459
34807	丹茲華盛頓	1	500932	94.438648
34808	丹梔逍遙散	1	500933	94.438837
34809	丹寧斯	1	500934	94.439026
34810	之間	1	500935	94.439215
34811	尹仲容	1	500936	94.439404
34812	尹玲	1	500937	94.439593
34813	尹德宇	1	500938	94.439782
34814	井井有條	1	500939	94.439971
34815	井水	1	500940	94.440160
34816	井水不犯河水	1	500941	94.440349
34817	井崗山革命	1	500942	94.440538
34818	井然有序	1	500943	94.440727
34819	井道	1	500944	94.440916
34820	互生	1	500945	94.441105
34821	互助合作	1	500946	94.441294
34822	互助基金證	1	500947	94.441483
34823	互勉	1	500948	94.441672
34824	互訪	1	500949	94.441861
34825	五十肩	1	500950	94.442050
34826	五丈原	1	500951	94.442239
34827	五子登科	1	500952	94.442428
34828	五子圖	1	500953	94.442617
34829	五四運動	1	500954	94.442806
34830	五州	1	500955	94.442995
34831	五羊城	1	500956	94.443184
34832	五色八角圓燈	1	500957	94.443373
34833	五色鳥	1	500958	94.443562
34834	五行	1	500959	94.443751
34835	五行志	1	500960	94.443940
34836	五車	1	500961	94.444129
34837	五味子	1	500962	94.444318
34838	五岳	1	500963	94.444507
34839	五花大綁	1	500964	94.444696
34840	五門車	1	500965	94.444885
34841	五門掀背車	1	500966	94.445074
34842	五品	1	500967	94.445263
34843	五帝	1	500968	94.445452
34844	五指茄	1	500969	94.445641
34845	五星級旅館	1	500970	94.445830
34846	五胡亂華	1	500971	94.446019
34847	五音不全	1	500972	94.446208
34848	五香	1	500973	94.446397
34849	五堵	1	500974	94.446586
34850	五梨跤	1	500975	94.446775
34851	五速手排車	1	500976	94.446964
34852	五速自排系統	1	500977	94.447153
34853	五速自排變速箱	1	500978	94.447342
34854	五湖四海	1	500979	94.447531
34855	五結鄉	1	500980	94.447720
34856	五福星撞鬼	1	500981	94.447909
34857	五寮	1	500982	94.448098
34858	五燈獎之星	1	500983	94.448287
34859	五霸	1	500984	94.448476
34860	五臟二腑	1	500985	94.448665
34861	五體投地	1	500986	94.448854
34862	亢進	1	500987	94.449043
34863	仁內義外	1	500988	94.449232
34864	仁兄	1	500989	94.449421
34865	仁甫基金會	1	500990	94.449610
34866	仁武	1	500991	94.449799
34867	仁愛之家	1	500992	94.449988
34868	仁愛國小	1	500993	94.450177
34869	仁愛習藝中心	1	500994	94.450366
34870	仁義	1	500995	94.450555
34871	仁壽寺	1	500996	94.450744
34872	仁德鄉	1	500997	94.450933
34873	仁澤	1	500998	94.451122
34874	仁澤溫泉	1	500999	94.451311
34875	什物	1	501000	94.451500
34876	什葉派	1	501001	94.451689
34877	仆步	1	501002	94.451878
34878	仇人	1	501003	94.452067
34879	仇外	1	501004	94.452256
34880	仇家	1	501005	94.452445
34881	仍在	1	501006	94.452634
34882	仍將	1	501007	94.452823
34883	仍須	1	501008	94.453012
34884	仍會	1	501009	94.453201
34885	仍需	1	501010	94.453390
34886	今人	1	501011	94.453579
34887	今夕何夕	1	501012	94.453768
34888	今天不回家	1	501013	94.453957
34889	今早	1	501014	94.454146
34890	今制	1	501015	94.454335
34891	今秋	1	501016	94.454524
34892	今夏	1	501017	94.454713
34893	介入型政府	1	501018	94.454902
34894	介胄長大人	1	501019	94.455091
34895	介面	1	501020	94.455280
34896	介紹人	1	501021	94.455469
34897	介壽里	1	501022	94.455658
34898	介壽堂	1	501023	94.455847
34899	元日	1	501024	94.456036
34900	元世祖	1	501025	94.456225
34901	元旦宴	1	501026	94.456414
34902	元兇	1	501027	94.456603
34903	元和	1	501028	94.456792
34904	元宵夜	1	501029	94.456981
34905	元會禮	1	501030	94.457170
34906	允文允武	1	501031	94.457359
34907	內分泌	1	501032	94.457548
34908	內分泌系統	1	501033	94.457737
34909	內功	1	501034	94.457926
34910	內外科	1	501035	94.458115
34911	內外兼修	1	501036	94.458304
34912	內外帳	1	501037	94.458493
34913	內布拉斯加	1	501038	94.458682
34914	內耳供血動脈	1	501039	94.458871
34915	內耳感覺器	1	501040	94.459060
34916	內衣褲	1	501041	94.459249
34917	內西路	1	501042	94.459438
34918	內角	1	501043	94.459627
34919	內侍	1	501044	94.459816
34920	內定	1	501045	94.460005
34921	內門	1	501046	94.460194
34922	內城國小	1	501047	94.460383
34923	內急	1	501048	94.460572
34924	內省	1	501049	94.460761
34925	內哥羅	1	501050	94.460950
34926	內哥羅得里亞海	1	501051	94.461139
34927	內埔國小	1	501052	94.461328
34928	內海	1	501053	94.461517
34929	內務府	1	501054	94.461706
34930	內務櫃	1	501055	94.461895
34931	內動力	1	501056	94.462084
34932	內規	1	501057	94.462273
34933	內趾	1	501058	94.462462
34934	內野	1	501059	94.462651
34935	內湖區	1	501060	94.462840
34936	內華達州	1	501061	94.463029
34937	內華達瀑布	1	501062	94.463218
34938	內視鏡	1	501063	94.463407
34939	內亂	1	501064	94.463596
34940	內勤	1	501065	94.463785
34941	內經	1	501066	94.463974
34942	內署	1	501067	94.464163
34943	內裡	1	501068	94.464352
34944	內雷特瓦河	1	501069	94.464541
34945	內蒙古自治區	1	501070	94.464730
34946	內閣總理	1	501071	94.464919
34947	內需股	1	501072	94.465108
34948	內窺鏡	1	501073	94.465297
34949	內壓	1	501074	94.465486
34950	內環道	1	501075	94.465675
34951	六一居士	1	501076	94.465864
34952	六日戰爭	1	501077	94.466053
34953	六月份	1	501078	94.466242
34954	六月雪	1	501079	94.466431
34955	六四大屠殺	1	501080	94.466620
34956	六四天安門事件	1	501081	94.466809
34957	六四慘案	1	501082	94.466998
34958	六甲鄉	1	501083	94.467187
34959	六合彩	1	501084	94.467376
34960	六字真言	1	501085	94.467565
34961	六年國建計劃	1	501086	94.467754
34962	六年國家建設計畫	1	501087	94.467943
34963	六壯士	1	501088	94.468132
34964	六角形	1	501089	94.468321
34965	六個夢	1	501090	94.468510
34966	六根	1	501091	94.468699
34967	六畜	1	501092	94.468888
34968	六畜興旺	1	501093	94.469077
34969	六堵	1	501094	94.469266
34970	六速手排變速箱	1	501095	94.469455
34971	六速變速箱	1	501096	94.469644
34972	六斑刺河魨	1	501097	94.469833
34973	六朝	1	501098	94.470022
34974	六福開發	1	501099	94.470211
34975	六福開發計畫	1	501100	94.470400
34976	六輕案	1	501101	94.470589
34977	六價鉻化合物	1	501102	94.470778
34978	六線黑鱸	1	501103	94.470967
34979	六龜	1	501104	94.471156
34980	六聲道	1	501105	94.471345
34981	公斗	1	501106	94.471534
34982	公牛棺	1	501107	94.471723
34983	公布欄	1	501108	94.471912
34984	公正性	1	501109	94.472101
34985	公民投票	1	501110	94.472290
34986	公民投票法	1	501111	94.472479
34987	公民複決案	1	501112	94.472668
34988	公民課	1	501113	94.472857
34989	公民證	1	501114	94.473046
34990	公用事業	1	501115	94.473235
34991	公休	1	501116	94.473424
34992	公休日	1	501117	94.473613
34993	公共危險罪	1	501118	94.473802
34994	公共安全法	1	501119	94.473991
34995	公共安全險	1	501120	94.474180
34996	公共空間	1	501121	94.474369
34997	公共政策	1	501122	94.474558
34998	公共意外責任險	1	501123	94.474747
34999	公共道德	1	501124	94.474936
35000	公共電話機	1	501125	94.475125
35001	公共標示圖	1	501126	94.475314
35002	公共衛生研究所	1	501127	94.475503
35003	公共關係	1	501128	94.475692
35004	公合	1	501129	94.475881
35005	公因數	1	501130	94.476070
35006	公安部長	1	501131	94.476259
35007	公式化	1	501132	94.476448
35008	公有地	1	501133	94.476637
35009	公羊陣	1	501134	94.476826
35010	公行	1	501135	94.477015
35011	公利	1	501136	94.477204
35012	公車族	1	501137	94.477393
35013	公車調度站	1	501138	94.477582
35014	公使	1	501139	94.477771
35015	公函	1	501140	94.477960
35016	公制	1	501141	94.478149
35017	公定	1	501142	94.478338
35018	公帑	1	501143	94.478527
35019	公府	1	501144	94.478716
35020	公明	1	501145	94.478905
35021	公股	1	501146	94.479094
35022	公保處	1	501147	94.479283
35023	公約數	1	501148	94.479472
35024	公卿士庶	1	501149	94.479661
35025	公害防治協會	1	501150	94.479850
35026	公家	1	501151	94.480039
35027	公家單位	1	501152	94.480228
35028	公海	1	501153	94.480417
35029	公益性	1	501154	94.480606
35030	公務局	1	501155	94.480795
35031	公國	1	501156	94.480984
35032	公設	1	501157	94.481173
35033	公勞保	1	501158	94.481362
35034	公評	1	501159	94.481551
35035	公訴罪	1	501160	94.481740
35036	公開信	1	501161	94.481929
35037	公園國小	1	501162	94.482118
35038	公園管理處	1	501163	94.482307
35039	公幹	1	501164	94.482496
35040	公署	1	501165	94.482685
35041	公路局	1	501166	94.482874
35042	公路警察	1	501167	94.483063
35043	公憤	1	501168	94.483252
35044	公論報	1	501169	94.483441
35045	公豬	1	501170	94.483630
35046	公賣	1	501171	94.483819
35047	公積金	1	501172	94.484008
35048	公爵大學	1	501173	94.484197
35049	公糧	1	501174	94.484386
35050	公轉週期	1	501175	94.484575
35051	公懲會	1	501176	94.484764
35052	公證	1	501177	94.484953
35053	公證人	1	501178	94.485142
35054	公證費	1	501179	94.485331
35055	公關事務部	1	501180	94.485520
35056	公關室	1	501181	94.485709
35057	公聽室	1	501182	94.485898
35058	公聽會法	1	501183	94.486087
35059	公廳	1	501184	94.486276
35060	冗忙	1	501185	94.486465
35061	冗枝	1	501186	94.486654
35062	冗員	1	501187	94.486843
35063	凶多吉少	1	501188	94.487032
35064	凶狠	1	501189	94.487221
35065	凶案	1	501190	94.487410
35066	凶神惡煞	1	501191	94.487599
35067	凶禍	1	501192	94.487788
35068	凶暴	1	501193	94.487977
35069	分工合作	1	501194	94.488166
35070	分內	1	501195	94.488355
35071	分布圖	1	501196	94.488544
35072	分立	1	501197	94.488733
35073	分列	1	501198	94.488922
35074	分列式	1	501199	94.489111
35075	分別心	1	501200	94.489300
35076	分貝值	1	501201	94.489489
35077	分宜人	1	501202	94.489678
35078	分所	1	501203	94.489867
35079	分泌液	1	501204	94.490056
35080	分界	1	501205	94.490245
35081	分紅制	1	501206	94.490434
35082	分述	1	501207	94.490623
35083	分食	1	501208	94.490812
35084	分梳線	1	501209	94.491001
35085	分株	1	501210	94.491190
35086	分級制	1	501211	94.491379
35087	分配比	1	501212	94.491568
35088	分配金	1	501213	94.491757
35089	分針	1	501214	94.491946
35090	分崩	1	501215	94.492135
35091	分崩離析	1	501216	94.492324
35092	分毫不差	1	501217	94.492513
35093	分野	1	501218	94.492702
35094	分散化	1	501219	94.492891
35095	分散式	1	501220	94.493080
35096	分散式網路管理系統	1	501221	94.493269
35097	分期	1	501222	94.493458
35098	分稅制	1	501223	94.493647
35099	分等	1	501224	94.493836
35100	分置	1	501225	94.494025
35101	分號	1	501226	94.494214
35102	分層	1	501227	94.494403
35103	分擒	1	501228	94.494592
35104	分頭	1	501229	94.494781
35105	分離式市場	1	501230	94.494970
35106	分離摺疊式座椅	1	501231	94.495159
35107	分鏡表	1	501232	94.495348
35108	分類法	1	501233	94.495537
35109	分類群	1	501234	94.495726
35110	分類機	1	501235	94.495915
35111	分辯	1	501236	94.496104
35112	分攤	1	501237	94.496293
35113	分靈廟	1	501238	94.496482
35114	切中	1	501239	94.496671
35115	切忌	1	501240	94.496860
35116	切重	1	501241	94.497049
35117	切割線	1	501242	94.497238
35118	切開術	1	501243	94.497427
35119	切腹蟹	1	501244	94.497616
35120	切斷機	1	501245	94.497805
35121	切題	1	501246	94.497994
35122	刈草機	1	501247	94.498183
35123	勻潤	1	501248	94.498372
35124	勾心鬥角	1	501249	94.498561
35125	勾起	1	501250	94.498750
35126	勾搭	1	501251	94.498939
35127	勾魂夜合花	1	501252	94.499128
35128	勾簷	1	501253	94.499317
35129	勿近	1	501254	94.499506
35130	化工程序模擬	1	501255	94.499695
35131	化工廠	1	501256	94.499884
35132	化外之民	1	501257	94.500073
35133	化外之地	1	501258	94.500262
35134	化石展	1	501259	94.500451
35135	化名	1	501260	94.500640
35136	化合	1	501261	94.500829
35137	化合物	1	501262	94.501018
35138	化妝皂	1	501263	94.501207
35139	化妝界	1	501264	94.501396
35140	化妝師	1	501265	94.501585
35141	化妝舞會	1	501266	94.501774
35142	化妝鏡	1	501267	94.501963
35143	化育	1	501268	94.502152
35144	化明為暗	1	501269	94.502341
35145	化武	1	501270	94.502530
35146	化南新村	1	501271	94.502719
35147	化為烏有	1	501272	94.502908
35148	化暗為明	1	501273	94.503097
35149	化蛹	1	501274	94.503286
35150	化學反應	1	501275	94.503475
35151	化學作用	1	501276	94.503664
35152	化學兵學校	1	501277	94.503853
35153	化學系	1	501278	94.504042
35154	化學性質	1	501279	94.504231
35155	化學武器	1	501280	94.504420
35156	化學物	1	501281	94.504609
35157	化學家	1	501282	94.504798
35158	化學熱	1	501283	94.504987
35159	化學質	1	501284	94.505176
35160	化學藥劑	1	501285	94.505365
35161	化學變化	1	501286	94.505554
35162	化整為零	1	501287	94.505743
35163	化糞池	1	501288	94.505932
35164	化膿性球菌	1	501289	94.506121
35165	化纖	1	501290	94.506310
35166	匹次堡大學	1	501291	94.506499
35167	匹美人	1	501292	94.506688
35168	匹茲堡	1	501293	94.506877
35169	匹茲堡大學	1	501294	94.507066
35170	午后	1	501295	94.507255
35171	午夜狂奔	1	501296	94.507444
35172	午門	1	501297	94.507633
35173	午宴	1	501298	94.507822
35174	午馬	1	501299	94.508011
35175	升火	1	501300	94.508200
35176	升官	1	501301	94.508389
35177	升值期	1	501302	94.508578
35178	升階	1	501303	94.508767
35179	升殿	1	501304	94.508956
35180	升溫	1	501305	94.509145
35181	升學率	1	501306	94.509334
35182	厄普	1	501307	94.509523
35183	友刊	1	501308	94.509712
35184	友朋	1	501309	94.509901
35185	友國	1	501310	94.510090
35186	反人性	1	501311	94.510279
35187	反女人	1	501312	94.510468
35188	反工業	1	501313	94.510657
35189	反反覆覆	1	501314	94.510846
35190	反手彈	1	501315	94.511035
35191	反斗城	1	501316	94.511224
35192	反日	1	501317	94.511413
35193	反市場心理	1	501318	94.511602
35194	反光片	1	501319	94.511791
35195	反光板	1	501320	94.511980
35196	反共抗俄	1	501321	94.512169
35197	反安行動	1	501322	94.512358
35198	反托辣斯法	1	501323	94.512547
35199	反自由化政策	1	501324	94.512736
35200	反自由化措施	1	501325	94.512925
35201	反色情	1	501326	94.513114
35202	反吸煙諮詢所	1	501327	94.513303
35203	反男權	1	501328	94.513492
35204	反例	1	501329	94.513681
35205	反其道而行	1	501330	94.513870
35206	反空降柱	1	501331	94.514059
35207	反金權	1	501332	94.514248
35208	反封建	1	501333	94.514437
35209	反帝國主義	1	501334	94.514626
35210	反政府	1	501335	94.514815
35211	反政府集團	1	501336	94.515004
35212	反派	1	501337	94.515193
35213	反英雄	1	501338	94.515382
35214	反革命	1	501339	94.515571
35215	反射式望遠鏡	1	501340	94.515760
35216	反射性	1	501341	94.515949
35217	反射鏡	1	501342	94.516138
35218	反悔	1	501343	94.516327
35219	反效	1	501344	94.516516
35220	反特權	1	501345	94.516705
35221	反飢餓運動	1	501346	94.516894
35222	反偷渡措施	1	501347	94.517083
35223	反動	1	501348	94.517272
35224	反動者	1	501349	94.517461
35225	反情報組	1	501350	94.517650
35226	反清復明	1	501351	94.517839
35227	反淘汰	1	501352	94.518028
35228	反貪汙	1	501353	94.518217
35229	反復	1	501354	94.518406
35230	反菁英	1	501355	94.518595
35231	反越戰	1	501356	94.518784
35232	反傳媒運動	1	501357	94.518973
35233	反傾銷法	1	501358	94.519162
35234	反綁	1	501359	94.519351
35235	反詰	1	501360	94.519540
35236	反雷達飛彈	1	501361	94.519729
35237	反對票	1	501362	94.519918
35238	反漏稅	1	501363	94.520107
35239	反戰爭	1	501364	94.520296
35240	反獨戰	1	501365	94.520485
35241	反璞歸真	1	501366	94.520674
35242	反諷	1	501367	94.520863
35243	反應堆	1	501368	94.521052
35244	反應堆計劃	1	501369	94.521241
35245	反應器	1	501370	94.521430
35246	反應爐	1	501371	94.521619
35247	反擊戰	1	501372	94.521808
35248	反轉錄	1	501373	94.521997
35249	反轉錄病毒	1	501374	94.522186
35250	反轉錄酶	1	501375	94.522375
35251	反鎖	1	501376	94.522564
35252	反黨	1	501377	94.522753
35253	反權威	1	501378	94.522942
35254	反體制	1	501379	94.523131
35255	反饋	1	501380	94.523320
35256	反饋安全防護	1	501381	94.523509
35257	反饋調節	1	501382	94.523698
35258	壬午	1	501383	94.523887
35259	天一閣	1	501384	94.524076
35260	天人	1	501385	94.524265
35261	天人永隔	1	501386	94.524454
35262	天人交戰	1	501387	94.524643
35263	天人合一	1	501388	94.524832
35264	天人感應	1	501389	94.525021
35265	天下樂	1	501390	94.525210
35266	天上飛的，地上跑的	1	501391	94.525399
35267	天大	1	501392	94.525588
35268	天工開物卷跋	1	501393	94.525777
35269	天干	1	501394	94.525966
35270	天弓飛彈	1	501395	94.526155
35271	天不從人願	1	501396	94.526344
35272	天文家	1	501397	94.526533
35273	天文書四類	1	501398	94.526722
35274	天文數字	1	501399	94.526911
35275	天文館	1	501400	94.527100
35276	天水冰山錄	1	501401	94.527289
35277	天牛	1	501402	94.527478
35278	天王巨星	1	501403	94.527667
35279	天王府	1	501404	94.527856
35280	天主教士	1	501405	94.528045
35281	天主教義	1	501406	94.528234
35282	天仙配	1	501407	94.528423
35283	天外天音樂精靈	1	501408	94.528612
35284	天外有天	1	501409	94.528801
35285	天平座	1	501410	94.528990
35286	天生舞男	1	501411	94.529179
35287	天光	1	501412	94.529368
35288	天后	1	501413	94.529557
35289	天后宮	1	501414	94.529746
35290	天有不測風雲，人有旦夕禍福	1	501415	94.529935
35291	天耳通	1	501416	94.530124
35292	天佑證券	1	501417	94.530313
35293	天助自助	1	501418	94.530502
35294	天使島	1	501419	94.530691
35295	天明	1	501420	94.530880
35296	天知道	1	501421	94.531069
35297	天空之城	1	501422	94.531258
35298	天空線	1	501423	94.531447
35299	天竺	1	501424	94.531636
35300	天竺國	1	501425	94.531825
35301	天竺鼠	1	501426	94.532014
35302	天花	1	501427	94.532203
35303	天雨	1	501428	94.532392
35304	天保山	1	501429	94.532581
35305	天南星	1	501430	94.532770
35306	天柱	1	501431	94.532959
35307	天風	1	501432	94.533148
35308	天倫	1	501433	94.533337
35309	天宮	1	501434	94.533526
35310	天宮圖	1	501435	94.533715
35311	天差地遠	1	501436	94.533904
35312	天時	1	501437	94.534093
35313	天時地利人和	1	501438	94.534282
35314	天書	1	501439	94.534471
35315	天朗氣清	1	501440	94.534660
35316	天狼星	1	501441	94.534849
35317	天真爛漫	1	501442	94.535038
35318	天高地厚	1	501443	94.535227
35319	天乾物燥	1	501444	94.535416
35320	天堂的小孩	1	501445	94.535605
35321	天堂鳥	1	501446	94.535794
35322	天旋地轉	1	501447	94.535983
35323	天涯赤子情	1	501448	94.536172
35324	天理	1	501449	94.536361
35325	天祥	1	501450	94.536550
35326	天祥招待所	1	501451	94.536739
35327	天船	1	501452	94.536928
35328	天造地設	1	501453	94.537117
35329	天彭	1	501454	94.537306
35330	天彭牡丹譜	1	501455	94.537495
35331	天晴	1	501456	94.537684
35332	天然水	1	501457	94.537873
35333	天然色素	1	501458	94.538062
35334	天然食物	1	501459	94.538251
35335	天然食品	1	501460	94.538440
35336	天然飲料	1	501461	94.538629
35337	天然資源	1	501462	94.538818
35338	天然纖維	1	501463	94.539007
35339	天然鹽層	1	501464	94.539196
35340	天塌	1	501465	94.539385
35341	天意	1	501466	94.539574
35342	天搖地動	1	501467	94.539763
35343	天經地義	1	501468	94.539952
35344	天塹	1	501469	94.540141
35345	天幕	1	501470	94.540330
35346	天網恢恢	1	501471	94.540519
35347	天臺	1	501472	94.540708
35348	天臺的月光	1	501473	94.540897
35349	天德	1	501474	94.541086
35350	天盤	1	501475	94.541275
35351	天賦人權	1	501476	94.541464
35352	天賦異秉	1	501477	94.541653
35353	天賜	1	501478	94.541842
35354	天賜湖	1	501479	94.542031
35355	天壇	1	501480	94.542220
35356	天機不可洩漏	1	501481	94.542409
35357	天龍	1	501482	94.542598
35358	天縱英明	1	501483	94.542787
35359	天翻地覆	1	501484	94.542976
35360	天顏	1	501485	94.543165
35361	天鵝座	1	501486	94.543354
35362	天羅地網	1	501487	94.543543
35363	天邊	1	501488	94.543732
35364	天譴	1	501489	94.543921
35365	天顯	1	501490	94.544110
35366	天體主義者	1	501491	94.544299
35367	天體望遠鏡	1	501492	94.544488
35368	天體望遠鏡綜合控制系統	1	501493	94.544677
35369	天體渡假村	1	501494	94.544866
35370	天蠶蛾	1	501495	94.545055
35371	夫子	1	501496	94.545244
35372	夫君	1	501497	94.545433
35373	夫妻宮	1	501498	94.545622
35374	夫婿	1	501499	94.545811
35375	太乙	1	501500	94.546000
35376	太乙人道命法	1	501501	94.546189
35377	太乙人道法	1	501502	94.546378
35378	太子少師	1	501503	94.546567
35379	太史	1	501504	94.546756
35380	太史公自序	1	501505	94.546945
35381	太平天國史博館	1	501506	94.547134
35382	太平少棒	1	501507	94.547323
35383	太平洋大學	1	501508	94.547512
35384	太平洋西南銀行	1	501509	94.547701
35385	太平洋盆地	1	501510	94.547890
35386	太平洋崇光百貨	1	501511	94.548079
35387	太平洋電線電纜集團	1	501512	94.548268
35388	太平洋戰役	1	501513	94.548457
35389	太平島	1	501514	94.548646
35390	太平盛世	1	501515	94.548835
35391	太平興國	1	501516	94.549024
35392	太守府	1	501517	94.549213
35393	太和殿	1	501518	94.549402
35394	太宗紀	1	501519	94.549591
35395	太武山	1	501520	94.549780
35396	太空中心	1	501521	94.549969
35397	太空年	1	501522	94.550158
35398	太空車	1	501523	94.550347
35399	太空科學	1	501524	94.550536
35400	太空科學營	1	501525	94.550725
35401	太空穿梭機	1	501526	94.550914
35402	太空計畫	1	501527	94.551103
35403	太空旅行	1	501528	94.551292
35404	太空站	1	501529	94.551481
35405	太空望遠鏡	1	501530	94.551670
35406	太空艇	1	501531	94.551859
35407	太空檢疫制	1	501532	94.552048
35408	太空罐	1	501533	94.552237
35409	太初曆	1	501534	94.552426
35410	太常寺	1	501535	94.552615
35411	太康	1	501536	94.552804
35412	太陽子午線	1	501537	94.552993
35413	太陽公公	1	501538	94.553182
35414	太陽雨	1	501539	94.553371
35415	太陽城	1	501540	94.553560
35416	太陽能板	1	501541	94.553749
35417	太陽能屋	1	501542	94.553938
35418	太陽能烹飪器	1	501543	94.554127
35419	太陽能發電	1	501544	94.554316
35420	太陽報	1	501545	94.554505
35421	太極宮	1	501546	94.554694
35422	太魯閣公園	1	501547	94.554883
35423	太魯閣國家公園	1	501548	94.555072
35424	太醫院判	1	501549	94.555261
35425	夭殤	1	501550	94.555450
35426	孔乙己	1	501551	94.555639
35427	孔文博	1	501552	94.555828
35428	孔孟思想	1	501553	94.556017
35429	孔孟學會	1	501554	94.556206
35430	孔明借箭	1	501555	94.556395
35431	孔采	1	501556	94.556584
35432	孔洞	1	501557	94.556773
35433	孔眼	1	501558	94.556962
35434	孔祥熙	1	501559	94.557151
35435	孔雀王	1	501560	94.557340
35436	孔雀河	1	501561	94.557529
35437	孔雀魚	1	501562	94.557718
35438	孔融	1	501563	94.557907
35439	孔融讓梨	1	501564	94.558096
35440	少人問津	1	501565	94.558285
35441	少女秀	1	501566	94.558474
35442	少女們	1	501567	94.558663
35443	少女隊	1	501568	94.558852
35444	少小	1	501569	94.559041
35445	少奶奶的扇子	1	501570	94.559230
35446	少年大頭春的生活週記	1	501571	94.559419
35447	少年犯罪率	1	501572	94.559608
35448	少年收容所	1	501573	94.559797
35449	少年老成	1	501574	94.559986
35450	少年得志	1	501575	94.560175
35451	少年組	1	501576	94.560364
35452	少壯	1	501577	94.560553
35453	少壯不努力	1	501578	94.560742
35454	少壯派	1	501579	94.560931
35455	少男	1	501580	94.561120
35456	少林寺	1	501581	94.561309
35457	少林寺八大銅人	1	501582	94.561498
35458	少林拳	1	501583	94.561687
35459	少帥	1	501584	94.561876
35460	少頃	1	501585	94.562065
35461	少棒村	1	501586	94.562254
35462	少棒風	1	501587	94.562443
35463	少爺喀錯藥	1	501588	94.562632
35464	少福法	1	501589	94.562821
35465	尤加利樹	1	501590	94.563010
35466	尤娟	1	501591	94.563199
35467	尤清梅	1	501592	94.563388
35468	尺幅	1	501593	94.563577
35469	屯城	1	501594	94.563766
35470	屯墾區	1	501595	94.563955
35471	巴士比柏克利	1	501596	94.564144
35472	巴士站	1	501597	94.564333
35473	巴山	1	501598	94.564522
35474	巴不得	1	501599	94.564711
35475	巴丹群島	1	501600	94.564900
35476	巴巴拉‧華德	1	501601	94.565089
35477	巴戈	1	501602	94.565278
35478	巴比倫尼亞	1	501603	94.565467
35479	巴比倫遺跡	1	501604	94.565656
35480	巴氏龍	1	501605	94.565845
35481	巴卡族	1	501606	94.566034
35482	巴卡斯克	1	501607	94.566223
35483	巴生河	1	501608	94.566412
35484	巴伐利亞	1	501609	94.566601
35485	巴多內基亞	1	501610	94.566790
35486	巴克	1	501611	94.566979
35487	巴克尼爾大學	1	501612	94.567168
35488	巴克利	1	501613	94.567357
35489	巴克禮	1	501614	94.567546
35490	巴別	1	501615	94.567735
35491	巴拉奇拉	1	501616	94.567924
35492	巴拉拉納泉	1	501617	94.568113
35493	巴拉拉納峽谷	1	501618	94.568302
35494	巴拉松	1	501619	94.568491
35495	巴拉德港灣	1	501620	94.568680
35496	巴林右旗	1	501621	94.568869
35497	巴林左旗	1	501622	94.569058
35498	巴金	1	501623	94.569247
35499	巴哈馬群島	1	501624	94.569436
35500	巴洛士	1	501625	94.569625
35501	巴洛克藝術	1	501626	94.569814
35502	巴音郭勒	1	501627	94.570003
35503	巴拿馬詐欺事件	1	501628	94.570192
35504	巴格達	1	501629	94.570381
35505	巴納度中心	1	501630	94.570570
35506	巴望	1	501631	94.570759
35507	巴陵山	1	501632	94.570948
35508	巴陵國小	1	501633	94.571137
35509	巴斯特基頓	1	501634	94.571326
35510	巴游	1	501635	94.571515
35511	巴達維亞市	1	501636	94.571704
35512	巴頓芬克	1	501637	94.571893
35513	巴徹斯特養老院	1	501638	94.572082
35514	巴爾波亞	1	501639	94.572271
35515	巴爾的摩	1	501640	94.572460
35516	巴黎大學	1	501641	94.572649
35517	巴黎市	1	501642	94.572838
35518	巴黎車展	1	501643	94.573027
35519	巴黎劇場	1	501644	94.573216
35520	幻人	1	501645	94.573405
35521	幻視	1	501646	94.573594
35522	幻想圖	1	501647	94.573783
35523	幻像	1	501648	94.573972
35524	幻境	1	501649	94.574161
35525	幻夢	1	501650	94.574350
35526	幻變	1	501651	94.574539
35527	廿世紀福斯	1	501652	94.574728
35528	弔死	1	501653	94.574917
35529	弔鉤	1	501654	94.575106
35530	引申	1	501655	94.575295
35531	引伸	1	501656	94.575484
35532	引吭	1	501657	94.575673
35533	引見	1	501658	94.575862
35534	引郎入世	1	501659	94.576051
35535	引狼入室	1	501660	94.576240
35536	引退	1	501661	94.576429
35537	引動器	1	501662	94.576618
35538	引得	1	501663	94.576807
35539	引喻失義	1	501664	94.576996
35540	引號	1	501665	94.577185
35541	引路	1	501666	94.577374
35542	引領企盼	1	501667	94.577563
35543	引線	1	501668	94.577752
35544	引燃	1	501669	94.577941
35545	引頸企盼	1	501670	94.578130
35546	引擎控制系統	1	501671	94.578319
35547	引擎隔絕體	1	501672	94.578508
35548	引擎管理系統	1	501673	94.578697
35549	引擎聲	1	501674	94.578886
35550	引擎轉數	1	501675	94.579075
35551	引爆器	1	501676	94.579264
35552	引證	1	501677	94.579453
35553	心不甘，情不願	1	501678	94.579642
35554	心中話	1	501679	94.579831
35555	心切	1	501680	94.580020
35556	心心相印	1	501681	94.580209
35557	心包	1	501682	94.580398
35558	心包膜	1	501683	94.580587
35559	心包囊	1	501684	94.580776
35560	心如死水	1	501685	94.580965
35561	心曲	1	501686	94.581154
35562	心有千千結	1	501687	94.581343
35563	心有未甘	1	501688	94.581532
35564	心有戚戚焉	1	501689	94.581721
35565	心灰意懶	1	501690	94.581910
35566	心老	1	501691	94.582099
35567	心肌再梗塞	1	501692	94.582288
35568	心肌炎	1	501693	94.582477
35569	心肌耗氧	1	501694	94.582666
35570	心血管	1	501695	94.582855
35571	心血管疾病	1	501696	94.583044
35572	心血管病	1	501697	94.583233
35573	心形	1	501698	94.583422
35574	心事重重	1	501699	94.583611
35575	心事誰人知	1	501700	94.583800
35576	心服	1	501701	94.583989
35577	心法	1	501702	94.584178
35578	心知	1	501703	94.584367
35579	心肺	1	501704	94.584556
35580	心肺功能	1	501705	94.584745
35581	心律	1	501706	94.584934
35582	心律不整	1	501707	94.585123
35583	心律失常	1	501708	94.585312
35584	心律調整器	1	501709	94.585501
35585	心急	1	501710	94.585690
35586	心狠手辣	1	501711	94.585879
35587	心悟	1	501712	94.586068
35588	心浮氣躁	1	501713	94.586257
35589	心神嚮往	1	501714	94.586446
35590	心得報告	1	501715	94.586635
35591	心理系	1	501716	94.586824
35592	心理測驗	1	501717	94.587013
35593	心理實驗室	1	501718	94.587202
35594	心理輔導室	1	501719	94.587391
35595	心理劇	1	501720	94.587580
35596	心理衛生	1	501721	94.587769
35597	心理學界	1	501722	94.587958
35598	心理變態	1	501723	94.588147
35599	心眼	1	501724	94.588336
35600	心絃	1	501725	94.588525
35601	心細	1	501726	94.588714
35602	心喜	1	501727	94.588903
35603	心窗	1	501728	94.589092
35604	心脾	1	501729	94.589281
35605	心開意解	1	501730	94.589470
35606	心慌意亂	1	501731	94.589659
35607	心慌慌	1	501732	94.589848
35608	心煩氣燥	1	501733	94.590037
35609	心煩意亂	1	501734	94.590226
35610	心猿意馬	1	501735	94.590415
35611	心碎	1	501736	94.590604
35612	心碎腸斷	1	501737	94.590793
35613	心裡有數	1	501738	94.590982
35614	心跡	1	501739	94.591171
35615	心路文教基金會	1	501740	94.591360
35616	心路歷程	1	501741	94.591549
35617	心障	1	501742	94.591738
35618	心領	1	501743	94.591927
35619	心廣體胖	1	501744	94.592116
35620	心憂	1	501745	94.592305
35621	心醉神馳	1	501746	94.592494
35622	心餘力絀	1	501747	94.592683
35623	心隨境遷	1	501748	94.592872
35624	心懷不軌	1	501749	94.593061
35625	心曠神怡	1	501750	94.593250
35626	心證	1	501751	94.593439
35627	心魔	1	501752	94.593628
35628	心臟內科	1	501753	94.593817
35629	心臟協會	1	501754	94.594006
35630	心驚	1	501755	94.594195
35631	戈雷島	1	501756	94.594384
35632	戶口	1	501757	94.594573
35633	戶外場所	1	501758	94.594762
35634	戶外運動	1	501759	94.594951
35635	戶外劇場	1	501760	94.595140
35636	戶外廣告	1	501761	94.595329
35637	戶政	1	501762	94.595518
35638	戶限為穿	1	501763	94.595707
35639	戶部	1	501764	94.595896
35640	戶部尚書	1	501765	94.596085
35641	手巾	1	501766	94.596274
35642	手札	1	501767	94.596463
35643	手把	1	501768	94.596652
35644	手肘	1	501769	94.596841
35645	手足之情	1	501770	94.597030
35646	手到擒來	1	501771	94.597219
35647	手枕	1	501772	94.597408
35648	手柄	1	501773	94.597597
35649	手書	1	501774	94.597786
35650	手動上推式天窗	1	501775	94.597975
35651	手動窗	1	501776	94.598164
35652	手排系統	1	501777	94.598353
35653	手淫	1	501778	94.598542
35654	手牽手	1	501779	94.598731
35655	手術刀	1	501780	94.598920
35656	手術室	1	501781	94.599109
35657	手術費	1	501782	94.599298
35658	手部	1	501783	94.599487
35659	手提打字機	1	501784	94.599676
35660	手提式麥克風	1	501785	94.599865
35661	手提式電腦	1	501786	94.600054
35662	手感	1	501787	94.600243
35663	手搖式	1	501788	94.600432
35664	手搖放映機	1	501789	94.600621
35665	手搖窗	1	501790	94.600810
35666	手搖鼓	1	501791	94.600999
35667	手煞車拉桿	1	501792	94.601188
35668	手腳慢	1	501793	94.601377
35669	手電筒	1	501794	94.601566
35670	手飾	1	501795	94.601755
35671	手寫中文系統	1	501796	94.601944
35672	手鎗	1	501797	94.602133
35673	扎手貨	1	501798	94.602322
35674	扎布崖洞	1	501799	94.602511
35675	扎深	1	501800	94.602700
35676	扎進	1	501801	94.602889
35677	支支吾吾	1	501802	94.603078
35678	支助者	1	501803	94.603267
35679	支社	1	501804	94.603456
35680	支持度	1	501805	94.603645
35681	支柱式	1	501806	94.603834
35682	支架	1	501807	94.604023
35683	支派	1	501808	94.604212
35684	支氣管擴張劑	1	501809	94.604401
35685	支氣管擴張藥	1	501810	94.604590
35686	支氣管擴張藥物	1	501811	94.604779
35687	支氣管擴張藥劑	1	501812	94.604968
35688	支氣管鏡檢查	1	501813	94.605157
35689	支軸	1	501814	94.605346
35690	支隊	1	501815	94.605535
35691	支腳	1	501816	94.605724
35692	支撐者	1	501817	94.605913
35693	支撐線	1	501818	94.606102
35694	支撐點	1	501819	94.606291
35695	支數	1	501820	94.606480
35696	支薪	1	501821	94.606669
35697	支謙	1	501822	94.606858
35698	支離	1	501823	94.607047
35699	文大推廣中心	1	501824	94.607236
35700	文山包種茶	1	501825	94.607425
35701	文工會	1	501826	94.607614
35702	文才	1	501827	94.607803
35703	文化人類學	1	501828	94.607992
35704	文化大學觀光所	1	501829	94.608181
35705	文化之旅	1	501830	94.608370
35706	文化史	1	501831	94.608559
35707	文化村	1	501832	94.608748
35708	文化協會	1	501833	94.608937
35709	文化城	1	501834	94.609126
35710	文化相對主義	1	501835	94.609315
35711	文化美術系	1	501836	94.609504
35712	文化革命	1	501837	94.609693
35713	文化財	1	501838	94.609882
35714	文化圈	1	501839	94.610071
35715	文化啟蒙運動	1	501840	94.610260
35716	文化部	1	501841	94.610449
35717	文化部長	1	501842	94.610638
35718	文化週	1	501843	94.610827
35719	文化資產保存法	1	501844	94.611016
35720	文化團	1	501845	94.611205
35721	文化演劇會	1	501846	94.611394
35722	文化劇	1	501847	94.611583
35723	文化獎章	1	501848	94.611772
35724	文天祥	1	501849	94.611961
35725	文心貴族	1	501850	94.612150
35726	文心路	1	501851	94.612339
35727	文心雕龍	1	501852	94.612528
35728	文旦	1	501853	94.612717
35729	文生明尼利	1	501854	94.612906
35730	文字獄	1	501855	94.613095
35731	文臣	1	501856	94.613284
35732	文言	1	501857	94.613473
35733	文具店	1	501858	94.613662
35734	文具盒	1	501859	94.613851
35735	文明戲	1	501860	94.614040
35736	文明戲團	1	501861	94.614229
35737	文武兼備	1	501862	94.614418
35738	文法	1	501863	94.614607
35739	文物局	1	501864	94.614796
35740	文物館	1	501865	94.614985
35741	文采	1	501866	94.615174
35742	文宣品	1	501867	94.615363
35743	文宣活動	1	501868	94.615552
35744	文界	1	501869	94.615741
35745	文科	1	501870	94.615930
35746	文科舉	1	501871	94.616119
35747	文革時期	1	501872	94.616308
35748	文書助理	1	501873	94.616497
35749	文珠蘭	1	501874	94.616686
35750	文軒	1	501875	94.616875
35751	文部大臣	1	501876	94.617064
35752	文勝於質	1	501877	94.617253
35753	文復會	1	501878	94.617442
35754	文湖	1	501879	94.617631
35755	文蛤	1	501880	94.617820
35756	文詞	1	501881	94.618009
35757	文開書院	1	501882	94.618198
35758	文資法	1	501883	94.618387
35759	文過飾非	1	501884	94.618576
35760	文飾	1	501885	94.618765
35761	文管所	1	501886	94.618954
35762	文臺古塔	1	501887	94.619143
35763	文德國小	1	501888	94.619332
35764	文樓	1	501889	94.619521
35765	文墨	1	501890	94.619710
35766	文學人	1	501891	94.619899
35767	文學季刊	1	501892	94.620088
35768	文學院	1	501893	94.620277
35769	文學電影	1	501894	94.620466
35770	文學騎士勛章	1	501895	94.620655
35771	文憑	1	501896	94.620844
35772	文憑主義	1	501897	94.621033
35773	文選	1	501898	94.621222
35774	文戲	1	501899	94.621411
35775	文職	1	501900	94.621600
35776	文藝協會	1	501901	94.621789
35777	文藝復興時代	1	501902	94.621978
35778	文藝劇	1	501903	94.622167
35779	文藝獎	1	501904	94.622356
35780	文謅謅	1	501905	94.622545
35781	斗大	1	501906	94.622734
35782	斗南	1	501907	94.622923
35783	斗南鎮	1	501908	94.623112
35784	斗室	1	501909	94.623301
35785	斤兩十足	1	501910	94.623490
35786	方寸	1	501911	94.623679
35787	方世玉	1	501912	94.623868
35788	方位角	1	501913	94.624057
35789	方物	1	501914	94.624246
35790	方衍	1	501915	94.624435
35791	方格	1	501916	94.624624
35792	方格狀	1	501917	94.624813
35793	方能	1	501918	94.625002
35794	方敦泄	1	501919	94.625191
35795	方程式賽車	1	501920	94.625380
35796	方窗	1	501921	94.625569
35797	方翔	1	501922	94.625758
35798	方酣	1	501923	94.625947
35799	方塊文字	1	501924	94.626136
35800	方蓋寶頂	1	501925	94.626325
35801	方熾	1	501926	94.626514
35802	方糖	1	501927	94.626703
35803	方勵之	1	501928	94.626892
35804	方臉	1	501929	94.627081
35805	方輿勝覽	1	501930	94.627270
35806	方蟹科	1	501931	94.627459
35807	日久天長	1	501932	94.627648
35808	日內瓦車展	1	501933	94.627837
35809	日內瓦湖	1	501934	94.628026
35810	日文版	1	501935	94.628215
35811	日文報	1	501936	94.628404
35812	日日為營	1	501937	94.628593
35813	日月	1	501938	94.628782
35814	日月光	1	501939	94.628971
35815	日月食	1	501940	94.629160
35816	日月農莊	1	501941	94.629349
35817	日比谷	1	501942	94.629538
35818	日出而作，日入而息	1	501943	94.629727
35819	日刊體育	1	501944	94.629916
35820	日平均溫	1	501945	94.630105
35821	日本小鼯鼠	1	501946	94.630294
35822	日本之家	1	501947	94.630483
35823	日本生命保險公司	1	501948	94.630672
35824	日本式	1	501949	94.630861
35825	日本行	1	501950	94.631050
35826	日本快捷	1	501951	94.631239
35827	日本汽車協會	1	501952	94.631428
35828	日本味	1	501953	94.631617
35829	日本版	1	501954	94.631806
35830	日本信用卡產業協會	1	501955	94.631995
35831	日本信販	1	501956	94.632184
35832	日本國立電影中心	1	501957	94.632373
35833	日本通商產業省	1	501958	94.632562
35834	日本絨螯蟹	1	501959	94.632751
35835	日本新劇之父	1	501960	94.632940
35836	日本語	1	501961	94.633129
35837	日本駐在所	1	501962	94.633318
35838	日用	1	501963	94.633507
35839	日用百貨	1	501964	94.633696
35840	日立家電	1	501965	94.633885
35841	日光浴	1	501966	94.634074
35842	日后	1	501967	94.634263
35843	日后美智子	1	501968	94.634452
35844	日安	1	501969	94.634641
35845	日系	1	501970	94.634830
35846	日夜間部	1	501971	94.635019
35847	日治時代	1	501972	94.635208
35848	日俄戰爭	1	501973	94.635397
35849	日皇	1	501974	94.635586
35850	日相	1	501975	94.635775
35851	日食	1	501976	94.635964
35852	日晒雨淋	1	501977	94.636153
35853	日晒風吹	1	501978	94.636342
35854	日租	1	501979	94.636531
35855	日常用品	1	501980	94.636720
35856	日深	1	501981	94.636909
35857	日理萬機	1	501982	94.637098
35858	日盛	1	501983	94.637287
35859	日規	1	501984	94.637476
35860	日喀則	1	501985	94.637665
35861	日復一日	1	501986	94.637854
35862	日華	1	501987	94.638043
35863	日進斗金	1	501988	94.638232
35864	日間部	1	501989	94.638421
35865	日新町人	1	501990	94.638610
35866	日暈	1	501991	94.638799
35867	日經指數	1	501992	94.638988
35868	日僧	1	501993	94.639177
35869	日蝕	1	501994	94.639366
35870	日語班	1	501995	94.639555
35871	日廣	1	501996	94.639744
35872	日影丈吉	1	501997	94.639933
35873	日德蘭半島	1	501998	94.640122
35874	日暮	1	501999	94.640311
35875	日頭	1	502000	94.640500
35876	日薄西山	1	502001	94.640689
35877	日韓	1	502002	94.640878
35878	日麗風和	1	502003	94.641067
35879	日珥	1	502004	94.641256
35880	月下老人	1	502005	94.641445
35881	月月紅	1	502006	94.641634
35882	月世界	1	502007	94.641823
35883	月占	1	502008	94.642012
35884	月光紅	1	502009	94.642201
35885	月色	1	502010	94.642390
35886	月城	1	502011	94.642579
35887	月津	1	502012	94.642768
35888	月宮	1	502013	94.642957
35889	月桃葉	1	502014	94.643146
35890	月租	1	502015	94.643335
35891	月租費	1	502016	94.643524
35892	月站	1	502017	94.643713
35893	月偏蝕	1	502018	94.643902
35894	月球探險記	1	502019	94.644091
35895	月產	1	502020	94.644280
35896	月票	1	502021	94.644469
35897	月琴	1	502022	94.644658
35898	月費	1	502023	94.644847
35899	月黑	1	502024	94.645036
35900	月黑風高	1	502025	94.645225
35901	月暈	1	502026	94.645414
35902	木乃伊	1	502027	94.645603
35903	木工夏令營	1	502028	94.645792
35904	木化石	1	502029	94.645981
35905	木石	1	502030	94.646170
35906	木作	1	502031	94.646359
35907	木村隆三	1	502032	94.646548
35908	木芍藥類	1	502033	94.646737
35909	木刻年畫	1	502034	94.646926
35910	木刻版畫	1	502035	94.647115
35911	木房子	1	502036	94.647304
35912	木林	1	502037	94.647493
35913	木板棺	1	502038	94.647682
35914	木油桐	1	502039	94.647871
35915	木陀羅	1	502040	94.648060
35916	木柵路	1	502041	94.648249
35917	木柵線	1	502042	94.648438
35918	木炭	1	502043	94.648627
35919	木屑	1	502044	94.648816
35920	木框	1	502045	94.649005
35921	木桌	1	502046	94.649194
35922	木馬戰術	1	502047	94.649383
35923	木偶動畫	1	502048	94.649572
35924	木球	1	502049	94.649761
35925	木訥寡言	1	502050	94.649950
35926	木造	1	502051	94.650139
35927	木棍	1	502052	94.650328
35928	木殼船	1	502053	94.650517
35929	木然	1	502054	94.650706
35930	木製品	1	502055	94.650895
35931	木漿	1	502056	94.651084
35932	木輪車	1	502057	94.651273
35933	木鞋	1	502058	94.651462
35934	木橋	1	502059	94.651651
35935	木頭人	1	502060	94.651840
35936	木藝	1	502061	94.652029
35937	木槿	1	502062	94.652218
35938	欠租	1	502063	94.652407
35939	欠稅	1	502064	94.652596
35940	止付	1	502065	94.652785
35941	止吐	1	502066	94.652974
35942	止住	1	502067	94.653163
35943	止痛法	1	502068	94.653352
35944	止跌回升	1	502069	94.653541
35945	止嘔	1	502070	94.653730
35946	止鼻血	1	502071	94.653919
35947	止癢	1	502072	94.654108
35948	止癢劑	1	502073	94.654297
35949	止觀	1	502074	94.654486
35950	歹勢	1	502075	94.654675
35951	歹戲拖棚	1	502076	94.654864
35952	毋忘在莒	1	502077	94.655053
35953	毋需	1	502078	94.655242
35954	比手畫腳	1	502079	94.655431
35955	比手劃腳	1	502080	94.655620
35956	比比看	1	502081	94.655809
35957	比丘	1	502082	94.655998
35958	比丘尼	1	502083	94.656187
35959	比目魚肌	1	502084	94.656376
35960	比佛利	1	502085	94.656565
35961	比佛利山超級警探	1	502086	94.656754
35962	比利時片	1	502087	94.656943
35963	比利時斯帕	1	502088	94.657132
35964	比東	1	502089	94.657321
35965	比較宗教	1	502090	94.657510
35966	比較法期刊	1	502091	94.657699
35967	比較換算法	1	502092	94.657888
35968	比爾	1	502093	94.658077
35969	比數	1	502094	94.658266
35970	比稿	1	502095	94.658455
35971	比蓮娜‧奧絲達格蓮	1	502096	94.658644
35972	比賽場	1	502097	94.658833
35973	毛一波	1	502098	94.659022
35974	毛手毛腳	1	502099	94.659211
35975	毛毛躁躁	1	502100	94.659400
35976	毛片	1	502101	94.659589
35977	毛色	1	502102	94.659778
35978	毛利率	1	502103	94.659967
35979	毛豆	1	502104	94.660156
35980	毛妹	1	502105	94.660345
35981	毛玻璃	1	502106	94.660534
35982	毛料	1	502107	94.660723
35983	毛紡廠	1	502108	94.660912
35984	毛骨悚然	1	502109	94.661101
35985	毛細孔	1	502110	94.661290
35986	毛絨絨	1	502111	94.661479
35987	毛腳雞	1	502112	94.661668
35988	毛遂自薦	1	502113	94.661857
35989	毛線	1	502114	94.662046
35990	毛豬	1	502115	94.662235
35991	毛織品	1	502116	94.662424
35992	毛額	1	502117	94.662613
35993	毛蟹	1	502118	94.662802
35994	毛邊	1	502119	94.662991
35995	毛驢車	1	502120	94.663180
35996	毛茛科	1	502121	94.663369
35997	水力發電廠	1	502122	94.663558
35998	水上天文臺	1	502123	94.663747
35999	水上行舟	1	502124	94.663936
36000	水上芭蕾	1	502125	94.664125
36001	水上活動	1	502126	94.664314
36002	水上滑道	1	502127	94.664503
36003	水上競賽	1	502128	94.664692
36004	水土保持局	1	502129	94.664881
36005	水中有氧	1	502130	94.665070
36006	水中花	1	502131	94.665259
36007	水手服	1	502132	94.665448
36008	水牛角	1	502133	94.665637
36009	水牛城	1	502134	94.665826
36010	水仙	1	502135	94.666015
36011	水仙花	1	502136	94.666204
36012	水平思考法	1	502137	94.666393
36013	水平控制系統	1	502138	94.666582
36014	水平對臥引擎	1	502139	94.666771
36015	水平對臥四缸引擎	1	502140	94.666960
36016	水母型	1	502141	94.667149
36017	水生昆蟲	1	502142	94.667338
36018	水甲蟲	1	502143	94.667527
36019	水份	1	502144	94.667716
36020	水光瀲灩	1	502145	94.667905
36021	水印	1	502146	94.668094
36022	水汙染防治法	1	502147	94.668283
36023	水位線	1	502148	94.668472
36024	水兵	1	502149	94.668661
36025	水冷式渦輪增壓器	1	502150	94.668850
36026	水利工程	1	502151	94.669039
36027	水利法	1	502152	94.669228
36028	水利會	1	502153	94.669417
36029	水妖	1	502154	94.669606
36030	水系	1	502155	94.669795
36031	水車	1	502156	94.669984
36032	水乳交融	1	502157	94.670173
36033	水底自動對焦相機	1	502158	94.670362
36034	水性	1	502159	94.670551
36035	水性楊花	1	502160	94.670740
36036	水果王	1	502161	94.670929
36037	水果店	1	502162	94.671118
36038	水果酒	1	502163	94.671307
36039	水果盤	1	502164	94.671496
36040	水果攤	1	502165	94.671685
36041	水泥橋	1	502166	94.671874
36042	水泥叢林	1	502167	94.672063
36043	水肥	1	502168	94.672252
36044	水門	1	502169	94.672441
36045	水門案事件	1	502170	94.672630
36046	水門醜聞	1	502171	94.672819
36047	水阻力	1	502172	94.673008
36048	水保	1	502173	94.673197
36049	水保條例	1	502174	94.673386
36050	水星凌日	1	502175	94.673575
36051	水泉	1	502176	94.673764
36052	水流聲	1	502177	94.673953
36053	水洩不通	1	502178	94.674142
36054	水害	1	502179	94.674331
36055	水浴	1	502180	94.674520
36056	水耕	1	502181	94.674709
36057	水耕蔬菜	1	502182	94.674898
36058	水脈	1	502183	94.675087
36059	水圈	1	502184	94.675276
36060	水域遊樂區	1	502185	94.675465
36061	水族	1	502186	94.675654
36062	水族館	1	502187	94.675843
36063	水梯	1	502188	94.676032
36064	水液	1	502189	94.676221
36065	水瓶	1	502190	94.676410
36066	水瓶座	1	502191	94.676599
36067	水產品	1	502192	94.676788
36068	水產試驗場	1	502193	94.676977
36069	水晶石英山	1	502194	94.677166
36070	水晶庵	1	502195	94.677355
36071	水晶球	1	502196	94.677544
36072	水晶網點	1	502197	94.677733
36073	水晶體	1	502198	94.677922
36074	水蛭	1	502199	94.678111
36075	水雲鄉	1	502200	94.678300
36076	水勢	1	502201	94.678489
36077	水塔	1	502202	94.678678
36078	水源區	1	502203	94.678867
36079	水窟碑	1	502204	94.679056
36080	水落石出	1	502205	94.679245
36081	水裡來，火裡去	1	502206	94.679434
36082	水運	1	502207	94.679623
36083	水閘門	1	502208	94.679812
36084	水電工	1	502209	94.680001
36085	水電監控系統	1	502210	94.680190
36086	水槍	1	502211	94.680379
36087	水禍	1	502212	94.680568
36088	水餃	1	502213	94.680757
36089	水餅	1	502214	94.680946
36090	水價	1	502215	94.681135
36091	水箱罩	1	502216	94.681324
36092	水箱網罩	1	502217	94.681513
36093	水墨畫	1	502218	94.681702
36094	水噹噹	1	502219	94.681891
36095	水錶	1	502220	94.682080
36096	水錶箱	1	502221	94.682269
36097	水鴨	1	502222	94.682458
36098	水壓	1	502223	94.682647
36099	水壓休克法	1	502224	94.682836
36100	水壓機	1	502225	94.683025
36101	水牆	1	502226	94.683214
36102	水擺夷	1	502227	94.683403
36103	水獺	1	502228	94.683592
36104	水藻	1	502229	94.683781
36105	水權	1	502230	94.683970
36106	水湳地區	1	502231	94.684159
36107	水湳洞	1	502232	94.684348
36108	水滸	1	502233	94.684537
36109	水螅蟲型	1	502234	94.684726
36110	火力發電	1	502235	94.684915
36111	火上加油	1	502236	94.685104
36112	火山島	1	502237	94.685293
36113	火山說	1	502238	94.685482
36114	火化	1	502239	94.685671
36115	火光	1	502240	94.685860
36116	火宅	1	502241	94.686049
36117	火州	1	502242	94.686238
36118	火把	1	502243	94.686427
36119	火車大劫案	1	502244	94.686616
36120	火車廂	1	502245	94.686805
36121	火車頭工業	1	502246	94.686994
36122	火冒三丈	1	502247	94.687183
36123	火冠戴菊鳥	1	502248	94.687372
36124	火急	1	502249	94.687561
36125	火拼	1	502250	94.687750
36126	火炬三部曲	1	502251	94.687939
36127	火盆	1	502252	94.688128
36128	火紅	1	502253	94.688317
36129	火苗	1	502254	94.688506
36130	火柴棒	1	502255	94.688695
36131	火堆	1	502256	94.688884
36132	火速	1	502257	94.689073
36133	火焰噴射器	1	502258	94.689262
36134	火源	1	502259	94.689451
36135	火幕	1	502260	94.689640
36136	火網	1	502261	94.689829
36137	火嘴	1	502262	94.690018
36138	火箭推進器	1	502263	94.690207
36139	火線	1	502264	94.690396
36140	火器	1	502265	94.690585
36141	火燒紅蓮寺	1	502266	94.690774
36142	火燄	1	502267	94.690963
36143	火頭	1	502268	94.691152
36144	火龍	1	502269	94.691341
36145	火雞肉	1	502270	94.691530
36146	爪哇	1	502271	94.691719
36147	爪哇茶	1	502272	94.691908
36148	爪痕	1	502273	94.692097
36149	父子情	1	502274	94.692286
36150	父母恩	1	502275	94.692475
36151	父母經	1	502276	94.692664
36152	父老	1	502277	94.692853
36153	父姓	1	502278	94.693042
36154	父家	1	502279	94.693231
36155	父慈子孝	1	502280	94.693420
36156	父與女	1	502281	94.693609
36157	父親大人	1	502282	94.693798
36158	片片	1	502283	94.693987
36159	片片段段	1	502284	94.694176
36160	片匣	1	502285	94.694365
36161	片狀	1	502286	94.694554
36162	片時	1	502287	94.694743
36163	片單	1	502288	94.694932
36164	片頭	1	502289	94.695121
36165	牙尖	1	502290	94.695310
36166	牙托	1	502291	94.695499
36167	牙床	1	502292	94.695688
36168	牙科協會	1	502293	94.695877
36169	牙面	1	502294	94.696066
36170	牙椅	1	502295	94.696255
36171	牙結石	1	502296	94.696444
36172	牙菌	1	502297	94.696633
36173	牙買加	1	502298	94.696822
36174	牙間牙刷	1	502299	94.697011
36175	牙雕	1	502300	94.697200
36176	牙縫	1	502301	94.697389
36177	牙醫公會	1	502302	94.697578
36178	牙醫師公會	1	502303	94.697767
36179	牙籤	1	502304	94.697956
36180	牛毛	1	502305	94.698145
36181	牛奶瓶	1	502306	94.698334
36182	牛皮紙	1	502307	94.698523
36183	牛皮袋	1	502308	94.698712
36184	牛耳	1	502309	94.698901
36185	牛肉乾	1	502310	94.699090
36186	牛肉場	1	502311	94.699279
36187	牛尾	1	502312	94.699468
36188	牛步	1	502313	94.699657
36189	牛車輪	1	502314	94.699846
36190	牛河梁	1	502315	94.700035
36191	牛恆	1	502316	94.700224
36192	牛津字典	1	502317	94.700413
36193	牛津城	1	502318	94.700602
36194	牛郎織女	1	502319	94.700791
36195	牛埔	1	502320	94.700980
36196	牛鬼蛇神	1	502321	94.701169
36197	牛圈	1	502322	94.701358
36198	牛莖	1	502323	94.701547
36199	牛媽媽	1	502324	94.701736
36200	牛頓力學	1	502325	94.701925
36201	牛頓規	1	502326	94.702114
36202	牛頓雜誌	1	502327	94.702303
36203	牛膝	1	502328	94.702492
36204	牛頭不對馬嘴	1	502329	94.702681
36205	牛糞	1	502330	94.702870
36206	牛欄	1	502331	94.703059
36207	犬儒	1	502332	94.703248
36208	犬儒主義	1	502333	94.703437
36209	犬儒學派	1	502334	94.703626
36210	王力	1	502335	94.703815
36211	王十朋	1	502336	94.704004
36212	王又曾	1	502337	94.704193
36213	王大明	1	502338	94.704382
36214	王大海	1	502339	94.704571
36215	王之渙	1	502340	94.704760
36216	王井泉	1	502341	94.704949
36217	王仁裕	1	502342	94.705138
36218	王公大臣	1	502343	94.705327
36219	王月	1	502344	94.705516
36220	王世貞	1	502345	94.705705
36221	王世瑜	1	502346	94.705894
36222	王弘器	1	502347	94.706083
36223	王妃帽	1	502348	94.706272
36224	王安石	1	502349	94.706461
36225	王安電腦	1	502350	94.706650
36226	王百科	1	502351	94.706839
36227	王羽	1	502352	94.707028
36228	王作榮	1	502353	94.707217
36229	王伯莉	1	502354	94.707406
36230	王志偉	1	502355	94.707595
36231	王秀峰	1	502356	94.707784
36232	王邦裕	1	502357	94.707973
36233	王念慈	1	502358	94.708162
36234	王怡	1	502359	94.708351
36235	王明	1	502360	94.708540
36236	王玫	1	502361	94.708729
36237	王邸	1	502362	94.708918
36238	王金平	1	502363	94.709107
36239	王金選	1	502364	94.709296
36240	王阿保	1	502365	94.709485
36241	王信淵	1	502366	94.709674
36242	王侯	1	502367	94.709863
36243	王俠軍	1	502368	94.710052
36244	王冠軍	1	502369	94.710241
36245	王冠雄	1	502370	94.710430
36246	王城	1	502371	94.710619
36247	王政	1	502372	94.710808
36248	王星磊	1	502373	94.710997
36249	王洪鈞	1	502374	94.711186
36250	王禹偁	1	502375	94.711375
36251	王衍傳	1	502376	94.711564
36252	王軍霞	1	502377	94.711753
36253	王述親	1	502378	94.711942
36254	王重光	1	502379	94.712131
36255	王家珠	1	502380	94.712320
36256	王家驥	1	502381	94.712509
36257	王師	1	502382	94.712698
36258	王振寰	1	502383	94.712887
36259	王特群	1	502384	94.713076
36260	王健民	1	502385	94.713265
36261	王惟儉	1	502386	94.713454
36262	王啟富	1	502387	94.713643
36263	王族	1	502388	94.713832
36264	王添吉	1	502389	94.714021
36265	王都	1	502390	94.714210
36266	王釧如	1	502391	94.714399
36267	王雪齡	1	502392	94.714588
36268	王雪峯	1	502393	94.714777
36269	王惠珍	1	502394	94.714966
36270	王朝正宮	1	502395	94.715155
36271	王渝文	1	502396	94.715344
36272	王琦樺	1	502397	94.715533
36273	王紫綬	1	502398	94.715722
36274	王舒音	1	502399	94.715911
36275	王菊金	1	502400	94.716100
36276	王陽明	1	502401	94.716289
36277	王意美	1	502402	94.716478
36278	王爺	1	502403	94.716667
36279	王萬星	1	502404	94.716856
36280	王榮昌	1	502405	94.717045
36281	王漢	1	502406	94.717234
36282	王禎和	1	502407	94.717423
36283	王蒙	1	502408	94.717612
36284	王增勇	1	502409	94.717801
36285	王德威	1	502410	94.717990
36286	王德槐	1	502411	94.718179
36287	王慶華	1	502412	94.718368
36288	王編	1	502413	94.718557
36289	王震武	1	502414	94.718746
36290	王穎	1	502415	94.718935
36291	王蕙玲	1	502416	94.719124
36292	王靜瑩	1	502417	94.719313
36293	王應傑	1	502418	94.719502
36294	王藍	1	502419	94.719691
36295	王寵惠	1	502420	94.719880
36296	王韜	1	502421	94.720069
36297	王韻嬋	1	502422	94.720258
36298	王寶同	1	502423	94.720447
36299	王獻慶	1	502424	94.720636
36300	王覺民	1	502425	94.720825
36301	王懿行	1	502426	94.721014
36302	王權	1	502427	94.721203
36303	王瑋	1	502428	94.721392
36304	丙希可	1	502429	94.721581
36305	丙烯樹脂	1	502430	94.721770
36306	丙硫咪唑	1	502431	94.721959
36307	丙稀腈	1	502432	94.722148
36308	丙種建地	1	502433	94.722337
36309	丙種球蛋白	1	502434	94.722526
36310	丙種蛋白球	1	502435	94.722715
36311	世足	1	502436	94.722904
36312	世事難料	1	502437	94.723093
36313	世居	1	502438	94.723282
36314	世所熟知	1	502439	94.723471
36315	世界人	1	502440	94.723660
36316	世界口足畫展	1	502441	94.723849
36317	世界大同	1	502442	94.724038
36318	世界大學運動會	1	502443	94.724227
36319	世界大戰	1	502444	94.724416
36320	世界小姐	1	502445	94.724605
36321	世界少棒賽	1	502446	94.724794
36322	世界地理雜誌社	1	502447	94.724983
36323	世界杯	1	502448	94.725172
36324	世界島	1	502449	94.725361
36325	世界軟式少棒賽	1	502450	94.725550
36326	世界爺	1	502451	94.725739
36327	世界經濟導報	1	502452	94.725928
36328	世界運動會	1	502453	94.726117
36329	世界線	1	502454	94.726306
36330	世相	1	502455	94.726495
36331	世紀性	1	502456	94.726684
36332	世風日下	1	502457	94.726873
36333	世婦	1	502458	94.727062
36334	世華銀行	1	502459	94.727251
36335	世號	1	502460	94.727440
36336	世運會	1	502461	94.727629
36337	世道	1	502462	94.727818
36338	世道人心	1	502463	94.728007
36339	世道險惡	1	502464	94.728196
36340	且慢	1	502465	94.728385
36341	丘宏達	1	502466	94.728574
36342	丘璩	1	502467	94.728763
36343	主力船	1	502468	94.728952
36344	主子	1	502469	94.729141
36345	主司	1	502470	94.729330
36346	主打	1	502471	94.729519
36347	主任委員	1	502472	94.729708
36348	主色	1	502473	94.729897
36349	主序星	1	502474	94.730086
36350	主臥室	1	502475	94.730275
36351	主門	1	502476	94.730464
36352	主契約	1	502477	94.730653
36353	主奏	1	502478	94.730842
36354	主客	1	502479	94.731031
36355	主計長	1	502480	94.731220
36356	主宰權	1	502481	94.731409
36357	主席臺	1	502482	94.731598
36358	主料	1	502483	94.731787
36359	主神	1	502484	94.731976
36360	主神經	1	502485	94.732165
36361	主脈	1	502486	94.732354
36362	主訊者	1	502487	94.732543
36363	主動式引擎腳	1	502488	94.732732
36364	主動式限滑差速器	1	502489	94.732921
36365	主動性	1	502490	94.733110
36366	主動矩陣	1	502491	94.733299
36367	主從	1	502492	94.733488
36368	主從式架構	1	502493	94.733677
36369	主產品	1	502494	94.733866
36370	主詞	1	502495	94.734055
36371	主道	1	502496	94.734244
36372	主壽險	1	502497	94.734433
36373	主儀錶板	1	502498	94.734622
36374	主標	1	502499	94.734811
36375	主樓	1	502500	94.735000
36376	主調	1	502501	94.735189
36377	主導人	1	502502	94.735378
36378	主導性	1	502503	94.735567
36379	主導者	1	502504	94.735756
36380	主講人	1	502505	94.735945
36381	主職	1	502506	94.736134
36382	主題遊樂園	1	502507	94.736323
36383	主題歌	1	502508	94.736512
36384	主顯教堂	1	502509	94.736701
36385	主觀意識	1	502510	94.736890
36386	乍到	1	502511	94.737079
36387	乍現	1	502512	94.737268
36388	乍富	1	502513	94.737457
36389	乍響	1	502514	94.737646
36390	乍聽	1	502515	94.737835
36391	以巴協定	1	502516	94.738024
36392	以牙還牙	1	502517	94.738213
36393	以死明志	1	502518	94.738402
36394	以色列王國	1	502519	94.738591
36395	以色列民族	1	502520	94.738780
36396	以利亞之泉	1	502521	94.738969
36397	以利亞泉	1	502522	94.739158
36398	以卵擊石	1	502523	94.739347
36399	以身試法	1	502524	94.739536
36400	以防萬一	1	502525	94.739725
36401	以柔克剛	1	502526	94.739914
36402	以降	1	502527	94.740103
36403	以稀為貴	1	502528	94.740292
36404	以會養會	1	502529	94.740481
36405	以寡敵眾	1	502530	94.740670
36406	以貌取人	1	502531	94.740859
36407	以禮相待	1	502532	94.741048
36408	付之一炬	1	502533	94.741237
36409	付之一笑	1	502534	94.741426
36410	付印	1	502535	94.741615
36411	付梓	1	502536	94.741804
36412	付稅	1	502537	94.741993
36413	付盡	1	502538	94.742182
36414	付諸	1	502539	94.742371
36415	付諸東流	1	502540	94.742560
36416	仔細看	1	502541	94.742749
36417	仔魚	1	502542	94.742938
36418	仕女畫	1	502543	94.743127
36419	仕紳	1	502544	94.743316
36420	他國	1	502545	94.743505
36421	他域	1	502546	94.743694
36422	他處	1	502547	94.743883
36423	他鄉遇故知	1	502548	94.744072
36424	代天府	1	502549	94.744261
36425	代王	1	502550	94.744450
36426	代付	1	502551	94.744639
36427	代代	1	502552	94.744828
36428	代打	1	502553	94.745017
36429	代用品	1	502554	94.745206
36430	代言	1	502555	94.745395
36431	代言者	1	502556	94.745584
36432	代表國	1	502557	94.745773
36433	代金	1	502558	94.745962
36434	代班	1	502559	94.746151
36435	代送	1	502560	94.746340
36436	代答	1	502561	94.746529
36437	代溝	1	502562	94.746718
36438	代墊	1	502563	94.746907
36439	代遠年湮	1	502564	94.747096
36440	代課費	1	502565	94.747285
36441	代辦	1	502566	94.747474
36442	代償能力	1	502567	94.747663
36443	令狐沖	1	502568	94.747852
36444	令尊	1	502569	94.748041
36445	仙人掌桿菌	1	502570	94.748230
36446	仙人跳	1	502571	94.748419
36447	仙丹	1	502572	94.748608
36448	仙居	1	502573	94.748797
36449	仙草凍	1	502574	94.748986
36450	仙域	1	502575	94.749175
36451	仙逝	1	502576	94.749364
36452	仙溪	1	502577	94.749553
36453	仙履奇緣	1	502578	94.749742
36454	仙樂飄飄	1	502579	94.749931
36455	充公	1	502580	94.750120
36456	充分地	1	502581	94.750309
36457	充水	1	502582	94.750498
36458	充任	1	502583	94.750687
36459	充老大	1	502584	94.750876
36460	充軍	1	502585	94.751065
36461	充氣	1	502586	94.751254
36462	充氣袋	1	502587	94.751443
36463	充氧	1	502588	94.751632
36464	充飢	1	502589	94.751821
36465	充液狀	1	502590	94.752010
36466	充塞	1	502591	94.752199
36467	充填	1	502592	94.752388
36468	充填機	1	502593	94.752577
36469	兄弟檔	1	502594	94.752766
36470	兄弟雜誌	1	502595	94.752955
36471	兄弟鬩牆	1	502596	94.753144
36472	冉冉	1	502597	94.753333
36473	冊封	1	502598	94.753522
36474	冊頁	1	502599	94.753711
36475	冬之祭	1	502600	94.753900
36476	冬之獅	1	502601	94.754089
36477	冬毛	1	502602	94.754278
36478	冬令美語生活營	1	502603	94.754467
36479	冬瓜	1	502604	94.754656
36480	冬防	1	502605	94.754845
36481	冬風	1	502606	94.755034
36482	冬眠期	1	502607	94.755223
36483	冬粉	1	502608	94.755412
36484	冬雪	1	502609	94.755601
36485	冬陽	1	502610	94.755790
36486	冬裝	1	502611	94.755979
36487	冬蔥	1	502612	94.756168
36488	冬糧	1	502613	94.756357
36489	凹凹凸凸	1	502614	94.756546
36490	凹石	1	502615	94.756735
36491	凹字形	1	502616	94.756924
36492	凹槽	1	502617	94.757113
36493	出人意料	1	502618	94.757302
36494	出入境	1	502619	94.757491
36495	出口成章	1	502620	94.757680
36496	出口值	1	502621	94.757869
36497	出水量	1	502622	94.758058
36498	出乎意料之外	1	502623	94.758247
36499	出仕	1	502624	94.758436
36500	出出入入	1	502625	94.758625
36501	出生地	1	502626	94.758814
36502	出示	1	502627	94.759003
36503	出具	1	502628	94.759192
36504	出奔	1	502629	94.759381
36505	出油	1	502630	94.759570
36506	出版人	1	502631	94.759759
36507	出版自由	1	502632	94.759948
36508	出品國	1	502633	94.760137
36509	出柙	1	502634	94.760326
36510	出洋	1	502635	94.760515
36511	出洋相	1	502636	94.760704
36512	出風量	1	502637	94.760893
36513	出宮	1	502638	94.761082
36514	出席率	1	502639	94.761271
36515	出師表	1	502640	94.761460
36516	出息	1	502641	94.761649
36517	出疹	1	502642	94.761838
36518	出神	1	502643	94.762027
36519	出租店	1	502644	94.762216
36520	出紕漏	1	502645	94.762405
36521	出問題	1	502646	94.762594
36522	出將入相	1	502647	94.762783
36523	出產量	1	502648	94.762972
36524	出莊	1	502649	94.763161
36525	出貨量	1	502650	94.763350
36526	出塞詩	1	502651	94.763539
36527	出新招	1	502652	94.763728
36528	出落	1	502653	94.763917
36529	出爾反爾	1	502654	94.764106
36530	出遠門	1	502655	94.764295
36531	出閣	1	502656	94.764484
36532	出標	1	502657	94.764673
36533	出頭天	1	502658	94.764862
36534	出獵	1	502659	94.765051
36535	出竅色魔	1	502660	94.765240
36536	凸輪軸輪廓	1	502661	94.765429
36537	刊布	1	502662	94.765618
36538	刊本	1	502663	94.765807
36539	刊用	1	502664	94.765996
36540	刊刻	1	502665	94.766185
36541	加工出口區	1	502666	94.766374
36542	加工廠	1	502667	94.766563
36543	加代	1	502668	94.766752
36544	加立曼	1	502669	94.766941
36545	加州梅	1	502670	94.767130
36546	加州籍	1	502671	94.767319
36547	加百利	1	502672	94.767508
36548	加利‧弗萊塞	1	502673	94.767697
36549	加利福尼亞海岸	1	502674	94.767886
36550	加怡星馬泰認股權證基金	1	502675	94.768075
36551	加拉帕戈斯群島	1	502676	94.768264
36552	加油筒	1	502677	94.768453
36553	加油機	1	502678	94.768642
36554	加長型	1	502679	94.768831
36555	加城	1	502680	94.769020
36556	加派	1	502681	94.769209
36557	加值型	1	502682	94.769398
36558	加值營業稅	1	502683	94.769587
36559	加害	1	502684	94.769776
36560	加拿大人	1	502685	94.769965
36561	加拿大籍	1	502686	94.770154
36562	加氣站	1	502687	94.770343
36563	加泰隆尼亞	1	502688	94.770532
36564	加特勒	1	502689	94.770721
36565	加班費	1	502690	94.770910
36566	加馬博物館	1	502691	94.771099
36567	加強版懸掛組件	1	502692	94.771288
36568	加強型懸掛系統	1	502693	94.771477
36569	加梯魯威	1	502694	94.771666
36570	加粗	1	502695	94.771855
36571	加設	1	502696	94.772044
36572	加減	1	502697	94.772233
36573	加發	1	502698	94.772422
36574	加給	1	502699	94.772611
36575	加聘	1	502700	94.772800
36576	加爾各答	1	502701	94.772989
36577	加濕	1	502702	94.773178
36578	加總	1	502703	94.773367
36579	加護病房	1	502704	94.773556
36580	功名利祿	1	502705	94.773745
36581	功名富貴	1	502706	94.773934
36582	功在黨國	1	502707	94.774123
36583	功成名就	1	502708	94.774312
36584	功能鍵	1	502709	94.774501
36585	功業彪炳	1	502710	94.774690
36586	功過參半	1	502711	94.774879
36587	功虧一簣	1	502712	94.775068
36588	包大人	1	502713	94.775257
36589	包工	1	502714	94.775446
36590	包工制	1	502715	94.775635
36591	包庇	1	502716	94.775824
36592	包治	1	502717	94.776013
36593	包勃‧洛克威爾	1	502718	94.776202
36594	包容力	1	502719	94.776391
36595	包容心	1	502720	94.776580
36596	包書紙	1	502721	94.776769
36597	包浩斯	1	502722	94.776958
36598	包浩斯式	1	502723	94.777147
36599	包退	1	502724	94.777336
36600	包黑子	1	502725	94.777525
36601	包裝機	1	502726	94.777714
36602	包種	1	502727	94.777903
36603	包膜	1	502728	94.778092
36604	包覆性	1	502729	94.778281
36605	包藥	1	502730	94.778470
36606	包攬	1	502731	94.778659
36607	匆促	1	502732	94.778848
36608	北一高	1	502733	94.779037
36609	北大西洋	1	502734	94.779226
36610	北大西洋海產哺乳類委員會	1	502735	94.779415
36611	北大荒	1	502736	94.779604
36612	北斗七星	1	502737	94.779793
36613	北市少年警察隊	1	502738	94.779982
36614	北市家畜檢驗所	1	502739	94.780171
36615	北市議會	1	502740	94.780360
36616	北冰洋	1	502741	94.780549
36617	北印度	1	502742	94.780738
36618	北安路	1	502743	94.780927
36619	北行目錄	1	502744	94.781116
36620	北投區	1	502745	94.781305
36621	北京烤鴨	1	502746	94.781494
36622	北京圖書館	1	502747	94.781683
36623	北宜	1	502748	94.781872
36624	北宜公路	1	502749	94.782061
36625	北城山莊	1	502750	94.782250
36626	北美自由貿易協定	1	502751	94.782439
36627	北師	1	502752	94.782628
36628	北訓電腦中心	1	502753	94.782817
36629	北高	1	502754	94.783006
36630	北基鐵路	1	502755	94.783195
36631	北港溪	1	502756	94.783384
36632	北湖	1	502757	94.783573
36633	北愛爾蘭共和軍	1	502758	94.783762
36634	北極光	1	502759	94.783951
36635	北極狐	1	502760	94.784140
36636	北壽山	1	502761	94.784329
36637	北管	1	502762	94.784518
36638	北維州	1	502763	94.784707
36639	北臺灣	1	502764	94.784896
36640	北領地	1	502765	94.785085
36641	北歐海峽	1	502766	94.785274
36642	北橫公路	1	502767	94.785463
36643	北橫線	1	502768	94.785652
36644	北魏	1	502769	94.785841
36645	匝道	1	502770	94.786030
36646	匝道儀控	1	502771	94.786219
36647	半人高	1	502772	94.786408
36648	半寸	1	502773	94.786597
36649	半山腰	1	502774	94.786786
36650	半公開	1	502775	94.786975
36651	半天筍	1	502776	94.787164
36652	半斤	1	502777	94.787353
36653	半斤八兩	1	502778	94.787542
36654	半生不熟	1	502779	94.787731
36655	半生緣	1	502780	94.787920
36656	半年期	1	502781	94.788109
36657	半百	1	502782	94.788298
36658	半自助	1	502783	94.788487
36659	半里	1	502784	94.788676
36660	半夜三更	1	502785	94.788865
36661	半屈	1	502786	94.789054
36662	半盲	1	502787	94.789243
36663	半信半疑	1	502788	94.789432
36664	半封閉	1	502789	94.789621
36665	半面	1	502790	94.789810
36666	半個月	1	502791	94.789999
36667	半夏	1	502792	94.790188
36668	半圈	1	502793	94.790377
36669	半推半就	1	502794	94.790566
36670	半瓶酒	1	502795	94.790755
36671	半圓錐	1	502796	94.790944
36672	半葉	1	502797	94.791133
36673	半路出家	1	502798	94.791322
36674	半遊牧民族	1	502799	94.791511
36675	半截	1	502800	94.791700
36676	半暝	1	502801	94.791889
36677	半滿	1	502802	94.792078
36678	半熟	1	502803	94.792267
36679	半調子	1	502804	94.792456
36680	半壁江山	1	502805	94.792645
36681	半導體工業	1	502806	94.792834
36682	半橢圓葉片式	1	502807	94.793023
36683	半濕	1	502808	94.793212
36684	半點	1	502809	94.793401
36685	半舊	1	502810	94.793590
36686	卡介苗	1	502811	94.793779
36687	卡內基	1	502812	94.793968
36688	卡內基獎章	1	502813	94.794157
36689	卡氏肺囊蟲肺症	1	502814	94.794346
36690	卡尼夏神	1	502815	94.794535
36691	卡本特公司	1	502816	94.794724
36692	卡式	1	502817	94.794913
36693	卡利德‧杜蘭	1	502818	94.795102
36694	卡里加利博士的小屋	1	502819	94.795291
36695	卡拉ＯＫ伴唱喇叭	1	502820	94.795480
36696	卡拉什尼柯夫	1	502821	94.795669
36697	卡拉迪歐茲‧別格札米亞	1	502822	94.795858
36698	卡拉庫里湖	1	502823	94.796047
36699	卡拉蚩	1	502824	94.796236
36700	卡波普蘭可村	1	502825	94.796425
36701	卡哈瓦	1	502826	94.796614
36702	卡特加海峽	1	502827	94.796803
36703	卡通片	1	502828	94.796992
36704	卡通表	1	502829	94.797181
36705	卡通城	1	502830	94.797370
36706	卡通郵票	1	502831	94.797559
36707	卡通頻道	1	502832	94.797748
36708	卡提沙克	1	502833	94.797937
36709	卡斯帕	1	502834	94.798126
36710	卡斯特	1	502835	94.798315
36711	卡斯楚	1	502836	94.798504
36712	卡萊葛倫	1	502837	94.798693
36713	卡萊爾	1	502838	94.798882
36714	卡奧灣群	1	502839	94.799071
36715	卡路里	1	502840	94.799260
36716	卡達	1	502841	94.799449
36717	卡爾‧戴維‧安德森	1	502842	94.799638
36718	卡爾沃夫	1	502843	94.799827
36719	卡爾瑞茲	1	502844	94.800016
36720	卡瑪林哥	1	502845	94.800205
36721	卡賓槍	1	502846	94.800394
36722	卡壓	1	502847	94.800583
36723	卡羅爾	1	502848	94.800772
36724	占卜	1	502849	94.800961
36725	占去	1	502850	94.801150
36726	占股	1	502851	94.801339
36727	占星家	1	502852	94.801528
36728	占候	1	502853	94.801717
36729	占路	1	502854	94.801906
36730	占夢	1	502855	94.802095
36731	占盡	1	502856	94.802284
36732	占算	1	502857	94.802473
36733	占線	1	502858	94.802662
36734	卯力	1	502859	94.802851
36735	卯足	1	502860	94.803040
36736	卯勁	1	502861	94.803229
36737	去光水	1	502862	94.803418
36738	去年底	1	502863	94.803607
36739	去年度	1	502864	94.803796
36740	去來	1	502865	94.803985
36741	去函	1	502866	94.804174
36742	去氧核糖核酸	1	502867	94.804363
36743	去脂	1	502868	94.804552
36744	去偽存真	1	502869	94.804741
36745	去腥	1	502870	94.804930
36746	去霉氣	1	502871	94.805119
36747	去聲	1	502872	94.805308
36748	去聽美人魚唱歌	1	502873	94.805497
36749	可人	1	502874	94.805686
36750	可口企業	1	502875	94.805875
36751	可用兵	1	502876	94.806064
36752	可汗	1	502877	94.806253
36753	可折式	1	502878	94.806442
36754	可見一般	1	502879	94.806631
36755	可見光	1	502880	94.806820
36756	可待因	1	502881	94.807009
36757	可畏	1	502882	94.807198
36758	可穿透視線	1	502883	94.807387
36759	可乘之機	1	502884	94.807576
36760	可逆性	1	502885	94.807765
36761	可圈可點	1	502886	94.807954
36762	可望不可及	1	502887	94.808143
36763	可望而不可及	1	502888	94.808332
36764	可造之材	1	502889	94.808521
36765	可喜可賀	1	502890	94.808710
36766	可堪	1	502891	94.808899
36767	可塑性	1	502892	94.809088
36768	可愛面	1	502893	94.809277
36769	可溶性纖維	1	502894	94.809466
36770	可資	1	502895	94.809655
36771	可嘉	1	502896	94.809844
36772	可說	1	502897	94.810033
36773	可鄙	1	502898	94.810222
36774	可憎	1	502899	94.810411
36775	可歎	1	502900	94.810600
36776	可燃	1	502901	94.810789
36777	可親性	1	502902	94.810978
36778	可親度	1	502903	94.811167
36779	可攜式電腦	1	502904	94.811356
36780	可蘭經	1	502905	94.811545
36781	可變式	1	502906	94.811734
36782	可變氣門正時裝置	1	502907	94.811923
36783	可變進氣共鳴系統	1	502908	94.812112
36784	可變進氣系統	1	502909	94.812301
36785	可體松	1	502910	94.812490
36786	古人類研究所	1	502911	94.812679
36787	古于闐	1	502912	94.812868
36788	古于闐國	1	502913	94.813057
36789	古大街	1	502914	94.813246
36790	古元	1	502915	94.813435
36791	古巴比倫	1	502916	94.813624
36792	古文物	1	502917	94.813813
36793	古文書	1	502918	94.814002
36794	古月	1	502919	94.814191
36795	古代史	1	502920	94.814380
36796	古史	1	502921	94.814569
36797	古民國小	1	502922	94.814758
36798	古玉	1	502923	94.814947
36799	古生代末期	1	502924	94.815136
36800	古生物學家	1	502925	94.815325
36801	古宅	1	502926	94.815514
36802	古早味	1	502927	94.815703
36803	古早歌	1	502928	94.815892
36804	古希臘文化	1	502929	94.816081
36805	古希臘時代	1	502930	94.816270
36806	古來稀	1	502931	94.816459
36807	古典文物部	1	502932	94.816648
36808	古典式燃料噴射裝置	1	502933	94.816837
36809	古典車時代	1	502934	94.817026
36810	古典社會學	1	502935	94.817215
36811	古典期	1	502936	94.817404
36812	古典電影	1	502937	94.817593
36813	古典電影時期	1	502938	94.817782
36814	古典劇	1	502939	94.817971
36815	古典學家	1	502940	94.818160
36816	古往今來	1	502941	94.818349
36817	古拉格群島	1	502942	94.818538
36818	古松	1	502943	94.818727
36819	古玩店	1	502944	94.818916
36820	古金水	1	502945	94.819105
36821	古亭	1	502946	94.819294
36822	古剎	1	502947	94.819483
36823	古柯葉	1	502948	94.819672
36824	古柯鹼	1	502949	94.819861
36825	古埃及文明	1	502950	94.820050
36826	古埃及王朝	1	502951	94.820239
36827	古書	1	502952	94.820428
36828	古脊椎動物	1	502953	94.820617
36829	古訓	1	502954	94.820806
36830	古淑珍	1	502955	94.820995
36831	古魚	1	502956	94.821184
36832	古街	1	502957	94.821373
36833	古塔	1	502958	94.821562
36834	古奧喬尼	1	502959	94.821751
36835	古碑	1	502960	94.821940
36836	古聖先賢	1	502961	94.822129
36837	古聖賢哲	1	502962	94.822318
36838	古董表	1	502963	94.822507
36839	古董商	1	502964	94.822696
36840	古話	1	502965	94.822885
36841	古墓葬	1	502966	94.823074
36842	古稱	1	502967	94.823263
36843	古語	1	502968	94.823452
36844	古銅色	1	502969	94.823641
36845	古劍	1	502970	94.823830
36846	古樂器	1	502971	94.824019
36847	古諾	1	502972	94.824208
36848	古龍	1	502973	94.824397
36849	古龍水	1	502974	94.824586
36850	古舊	1	502975	94.824775
36851	古藏文	1	502976	94.824964
36852	古羅馬帝國	1	502977	94.825153
36853	古靈精怪	1	502978	94.825342
36854	右大腦	1	502979	94.825531
36855	右大腦半球	1	502980	94.825720
36856	右心室	1	502981	94.825909
36857	右方	1	502982	94.826098
36858	右半腦	1	502983	94.826287
36859	右翼分子	1	502984	94.826476
36860	召告	1	502985	94.826665
36861	召集令	1	502986	94.826854
36862	召募	1	502987	94.827043
36863	召魂	1	502988	94.827232
36864	叮叮噹噹	1	502989	94.827421
36865	叩門	1	502990	94.827610
36866	叨叨不絮	1	502991	94.827799
36867	叨念	1	502992	94.827988
36868	司公	1	502993	94.828177
36869	司天監	1	502994	94.828366
36870	司令官	1	502995	94.828555
36871	司令部	1	502996	94.828744
36872	司令總部	1	502997	94.828933
36873	司辰	1	502998	94.829122
36874	司法官	1	502999	94.829311
36875	司法界	1	503000	94.829500
36876	司牧	1	503001	94.829689
36877	司俎官	1	503002	94.829878
36878	司迪麥	1	503003	94.830067
36879	司徒華	1	503004	94.830256
36880	司馬史瑤	1	503005	94.830445
36881	司馬談	1	503006	94.830634
36882	司麥脫襯衫	1	503007	94.830823
36883	司圖加	1	503008	94.831012
36884	叵部	1	503009	94.831201
36885	叵羅斗	1	503010	94.831390
36886	叫人電話	1	503011	94.831579
36887	叫人電話費	1	503012	94.831768
36888	叫化子	1	503013	94.831957
36889	叫屈	1	503014	94.832146
36890	叫苦	1	503015	94.832335
36891	叫陣	1	503016	94.832524
36892	叫停	1	503017	94.832713
36893	叫絕	1	503018	94.832902
36894	叫號電話	1	503019	94.833091
36895	叫號電話費	1	503020	94.833280
36896	叫鈴	1	503021	94.833469
36897	叫價	1	503022	94.833658
36898	叫罵聲	1	503023	94.833847
36899	叫囂	1	503024	94.834036
36900	另立門戶	1	503025	94.834225
36901	另娶	1	503026	94.834414
36902	另眼相待	1	503027	94.834603
36903	另結新歡	1	503028	94.834792
36904	只求	1	503029	94.834981
36905	只限	1	503030	94.835170
36906	史丹佛大學	1	503031	94.835359
36907	史丹福大學	1	503032	94.835548
36908	史冊	1	503033	94.835737
36909	史可法	1	503034	94.835926
36910	史奴比	1	503035	94.836115
36911	史平德勒	1	503036	94.836304
36912	史努比	1	503037	94.836493
36913	史坦波	1	503038	94.836682
36914	史坦萊公園	1	503039	94.836871
36915	史奈德	1	503040	94.837060
36916	史府	1	503041	94.837249
36917	史金龍	1	503042	94.837438
36918	史前人類	1	503043	94.837627
36919	史前史	1	503044	94.837816
36920	史前時代	1	503045	94.838005
36921	史家	1	503046	94.838194
36922	史恩康納萊	1	503047	94.838383
36923	史密特曼	1	503048	94.838572
36924	史惟亮	1	503049	94.838761
36925	史脫貝	1	503050	94.838950
36926	史博館	1	503051	94.839139
36927	史提克	1	503052	94.839328
36928	史湘雲	1	503053	94.839517
36929	史蒂芬	1	503054	94.839706
36930	史蒂芬妮公主	1	503055	94.839895
36931	史詩劇	1	503056	94.840084
36932	史話	1	503057	94.840273
36933	史跡館	1	503058	94.840462
36934	史達林	1	503059	94.840651
36935	史達林時代	1	503060	94.840840
36936	史語所	1	503061	94.841029
36937	史賓塞	1	503062	94.841218
36938	史賓諾莎	1	503063	94.841407
36939	史賓賽屈塞	1	503064	94.841596
36940	史學	1	503065	94.841785
36941	史邁思	1	503066	94.841974
36942	史觀	1	503067	94.842163
36943	叱吒一時	1	503068	94.842352
36944	台鳳	1	503069	94.842541
36945	句型	1	503070	94.842730
36946	句踐	1	503071	94.842919
36947	四十八小時	1	503072	94.843108
36948	四十八小時闖天關	1	503073	94.843297
36949	四下	1	503074	94.843486
36950	四下張望	1	503075	94.843675
36951	四川省	1	503076	94.843864
36952	四川菜	1	503077	94.844053
36953	四不像	1	503078	94.844242
36954	四中全會	1	503079	94.844431
36955	四分五裂	1	503080	94.844620
36956	四方形	1	503081	94.844809
36957	四合院	1	503082	94.844998
36958	四年經建	1	503083	94.845187
36959	四百擊	1	503084	94.845376
36960	四步	1	503085	94.845565
36961	四依止	1	503086	94.845754
36962	四兩撥千金	1	503087	94.845943
36963	四季國小	1	503088	94.846132
36964	四門中小型房車	1	503089	94.846321
36965	四門硬頂式	1	503090	94.846510
36966	四則運算	1	503091	94.846699
36967	四度空間征服者	1	503092	94.846888
36968	四活塞式碟煞車	1	503093	94.847077
36969	四郊	1	503094	94.847266
36970	四重唱	1	503095	94.847455
36971	四面佛	1	503096	94.847644
36972	四宮和夫	1	503097	94.847833
36973	四庫全書總目提要	1	503098	94.848022
36974	四氣	1	503099	94.848211
36975	四海一家	1	503100	94.848400
36976	四海為家	1	503101	94.848589
36977	四海雲遊	1	503102	94.848778
36978	四海歸心	1	503103	94.848967
36979	四強	1	503104	94.849156
36980	四處為家	1	503105	94.849345
36981	四連桿	1	503106	94.849534
36982	四速自動變速箱	1	503107	94.849723
36983	四速自排變速系統	1	503108	94.849912
36984	四速自排變速箱	1	503109	94.850101
36985	四診發明	1	503110	94.850290
36986	四鄉	1	503111	94.850479
36987	四隅	1	503112	94.850668
36988	四節詩	1	503113	94.850857
36989	四聖諦	1	503114	94.851046
36990	四碟式煞車	1	503115	94.851235
36991	四維	1	503116	94.851424
36992	四輪	1	503117	94.851613
36993	四輪系統	1	503118	94.851802
36994	四輪車	1	503119	94.851991
36995	四輪麥弗遜支柱式	1	503120	94.852180
36996	四輪傳動車	1	503121	94.852369
36997	四輪碟式煞車	1	503122	94.852558
36998	四輪碟式煞車系統	1	503123	94.852747
36999	四輪碟煞裝置	1	503124	94.852936
37000	四輪獨立多連桿懸掛系統	1	503125	94.853125
37001	四輪獨立麥弗遜式	1	503126	94.853314
37002	四輪轉向	1	503127	94.853503
37003	四輪驅動渦輪增壓	1	503128	94.853692
37004	四頭肌	1	503129	94.853881
37005	四聲	1	503130	94.854070
37006	四關廂	1	503131	94.854259
37007	四顧	1	503132	94.854448
37008	囚衣	1	503133	94.854637
37009	囚牢	1	503134	94.854826
37010	外太空	1	503135	94.855015
37011	外文	1	503136	94.855204
37012	外包	1	503137	94.855393
37013	外生殖器	1	503138	94.855582
37014	外交事務季刊	1	503139	94.855771
37015	外交官	1	503140	94.855960
37016	外交員	1	503141	94.856149
37017	外交部長	1	503142	94.856338
37018	外向	1	503143	94.856527
37019	外因	1	503144	94.856716
37020	外因論	1	503145	94.856905
37021	外在美	1	503146	94.857094
37022	外夷	1	503147	94.857283
37023	外弛內張	1	503148	94.857472
37024	外行人	1	503149	94.857661
37025	外使	1	503150	94.857850
37026	外委會	1	503151	94.858039
37027	外侮	1	503152	94.858228
37028	外科手術	1	503153	94.858417
37029	外科醫生	1	503154	94.858606
37030	外孫	1	503155	94.858795
37031	外務員	1	503156	94.858984
37032	外商銀行	1	503157	94.859173
37033	外埠	1	503158	94.859362
37034	外帶	1	503159	94.859551
37035	外強中乾	1	503160	94.859740
37036	外戚	1	503161	94.859929
37037	外淋巴	1	503162	94.860118
37038	外眼病	1	503163	94.860307
37039	外貨	1	503164	94.860496
37040	外援	1	503165	94.860685
37041	外揚	1	503166	94.860874
37042	外景地	1	503167	94.861063
37043	外視導向	1	503168	94.861252
37044	外開式	1	503169	94.861441
37045	外債	1	503170	94.861630
37046	外傷史	1	503171	94.861819
37047	外匯處	1	503172	94.862008
37048	外匯部	1	503173	94.862197
37049	外經委幹部	1	503174	94.862386
37050	外電報導	1	503175	94.862575
37051	外僑	1	503176	94.862764
37052	外僑學校	1	503177	94.862953
37053	外語片	1	503178	94.863142
37054	外銀河系	1	503179	94.863331
37055	外敵	1	503180	94.863520
37056	外調	1	503181	94.863709
37057	外銷市場	1	503182	94.863898
37058	外環快速道路	1	503183	94.864087
37059	外環道	1	503184	94.864276
37060	外籍人士	1	503185	94.864465
37061	外顯症狀	1	503186	94.864654
37062	央告	1	503187	94.864843
37063	失手	1	503188	94.865032
37064	失主	1	503189	94.865221
37065	失失落落	1	503190	94.865410
37066	失和	1	503191	94.865599
37067	失物	1	503192	94.865788
37068	失物招領	1	503193	94.865977
37069	失信	1	503194	94.866166
37070	失修	1	503195	94.866355
37071	失眠症	1	503196	94.866544
37072	失神	1	503197	94.866733
37073	失笑	1	503198	94.866922
37074	失敗率	1	503199	94.867111
37075	失業救濟金	1	503200	94.867300
37076	失溫	1	503201	94.867489
37077	失落的一封信	1	503202	94.867678
37078	失實	1	503203	94.867867
37079	失態	1	503204	94.868056
37080	失德	1	503205	94.868245
37081	失聲畫眉	1	503206	94.868434
37082	失聰兒	1	503207	94.868623
37083	失聰者	1	503208	94.868812
37084	失蹤者	1	503209	94.869001
37085	失寵	1	503210	94.869190
37086	失怙	1	503211	94.869379
37087	奴工	1	503212	94.869568
37088	奴化	1	503213	94.869757
37089	奴役	1	503214	94.869946
37090	奴家	1	503215	94.870135
37091	奴從	1	503216	94.870324
37092	奶水	1	503217	94.870513
37093	奶昔	1	503218	94.870702
37094	奶油鬆瓤卷酥	1	503219	94.870891
37095	奶爸	1	503220	94.871080
37096	奶瓶	1	503221	94.871269
37097	奶瓶性蛀牙率	1	503222	94.871458
37098	孕育地	1	503223	94.871647
37099	孕前張力	1	503224	94.871836
37100	孕婦裝	1	503225	94.872025
37101	孕蓄	1	503226	94.872214
37102	尼可拉斯雷	1	503227	94.872403
37103	尼可萊	1	503228	94.872592
37104	尼布甲尼撒王	1	503229	94.872781
37105	尼西爾山	1	503230	94.872970
37106	尼克	1	503231	94.873159
37107	尼克拉斯凱吉	1	503232	94.873348
37108	尼克酸	1	503233	94.873537
37109	尼姑	1	503234	94.873726
37110	尼國	1	503235	94.873915
37111	尼普爾	1	503236	94.874104
37112	尼爾喬丹	1	503237	94.874293
37113	尼爾雌醇片	1	503238	94.874482
37114	尼德蘭	1	503239	94.874671
37115	尼歐曼	1	503240	94.874860
37116	尼諾卡斯泰努歐弗	1	503241	94.875049
37117	尼龍	1	503242	94.875238
37118	尼羅河三角洲	1	503243	94.875427
37119	尼羅河族	1	503244	94.875616
37120	巨人戰	1	503245	94.875805
37121	巨口	1	503246	94.875994
37122	巨大公司	1	503247	94.876183
37123	巨大無比	1	503248	94.876372
37124	巨公岩	1	503249	94.876561
37125	巨石柱	1	503250	94.876750
37126	巨帆	1	503251	94.876939
37127	巨舟	1	503252	94.877128
37128	巨型隕石擊說	1	503253	94.877317
37129	巨姿	1	503254	94.877506
37130	巨星公司	1	503255	94.877695
37131	巨星級	1	503256	94.877884
37132	巨柱	1	503257	94.878073
37133	巨流	1	503258	94.878262
37134	巨洞	1	503259	94.878451
37135	巨浪	1	503260	94.878640
37136	巨砲	1	503261	94.878829
37137	巨細胞病毒感染	1	503262	94.879018
37138	巨蛋場	1	503263	94.879207
37139	巨富	1	503264	94.879396
37140	巨掌	1	503265	94.879585
37141	巨畫	1	503266	94.879774
37142	巨萬	1	503267	94.879963
37143	巨賊簡大獅	1	503268	94.880152
37144	巨旗	1	503269	94.880341
37145	巨禍	1	503270	94.880530
37146	巨蜥	1	503271	94.880719
37147	巨體	1	503272	94.880908
37148	巨靈	1	503273	94.881097
37149	巧心思	1	503274	94.881286
37150	巧克力糖	1	503275	94.881475
37151	巧克力醬	1	503276	94.881664
37152	巧克力鬆餅	1	503277	94.881853
37153	巧妙地	1	503278	94.882042
37154	巧取	1	503279	94.882231
37155	巧取豪奪	1	503280	94.882420
37156	巧固球賽	1	503281	94.882609
37157	巧宛然	1	503282	94.882798
37158	巧思妙手	1	503283	94.882987
37159	巧創	1	503284	94.883176
37160	巧繪	1	503285	94.883365
37161	巧藝	1	503286	94.883554
37162	左大腦	1	503287	94.883743
37163	左大腦半球	1	503288	94.883932
37164	左心房	1	503289	94.884121
37165	左右手	1	503290	94.884310
37166	左右開弓	1	503291	94.884499
37167	左民安	1	503292	94.884688
37168	左伯桃	1	503293	94.884877
37169	左投	1	503294	94.885066
37170	左近	1	503295	94.885255
37171	左思右想	1	503296	94.885444
37172	左旋咪唑	1	503297	94.885633
37173	左傳	1	503298	94.885822
37174	左搖右晃	1	503299	94.886011
37175	左腦	1	503300	94.886200
37176	左撇子	1	503301	94.886389
37177	左翼劇場	1	503302	94.886578
37178	左鎮	1	503303	94.886767
37179	市井小民	1	503304	94.886956
37180	市公所	1	503305	94.887145
37181	市代	1	503306	94.887334
37182	市招	1	503307	94.887523
37183	市長盃	1	503308	94.887712
37184	市政系	1	503309	94.887901
37185	市美館	1	503310	94.888090
37186	市舶	1	503311	94.888279
37187	市場性	1	503312	94.888468
37188	市場研究公司	1	503313	94.888657
37189	市場經濟	1	503314	94.888846
37190	市場管理學	1	503315	94.889035
37191	市場學	1	503316	94.889224
37192	市鄉鎮	1	503317	94.889413
37193	市塔	1	503318	94.889602
37194	市儈氣	1	503319	94.889791
37195	市警局	1	503320	94.889980
37196	市黨部	1	503321	94.890169
37197	布氏桿菌病	1	503322	94.890358
37198	布片	1	503323	94.890547
37199	布列尼頓	1	503324	94.890736
37200	布吉島	1	503325	94.890925
37201	布吉納法索	1	503326	94.891114
37202	布伯來	1	503327	94.891303
37203	布利斯班牛排	1	503328	94.891492
37204	布利斯班河域	1	503329	94.891681
37205	布告	1	503330	94.891870
37206	布沙基大廟	1	503331	94.892059
37207	布里辛斯基	1	503332	94.892248
37208	布里斯	1	503333	94.892437
37209	布里斯班	1	503334	94.892626
37210	布拉格	1	503335	94.892815
37211	布花	1	503336	94.893004
37212	布南族	1	503337	94.893193
37213	布政使	1	503338	94.893382
37214	布朗大學	1	503339	94.893571
37215	布朗哥河	1	503340	94.893760
37216	布烈松	1	503341	94.893949
37217	布紐爾	1	503342	94.894138
37218	布商	1	503343	94.894327
37219	布袋鎮	1	503344	94.894516
37220	布萊恩狄帕瑪	1	503345	94.894705
37221	布瑞爾	1	503346	94.894894
37222	布達式	1	503347	94.895083
37223	布達佩斯	1	503348	94.895272
37224	布達拉山	1	503349	94.895461
37225	布雷西亞市	1	503350	94.895650
37226	布旗	1	503351	94.895839
37227	布爾電腦	1	503352	94.896028
37228	布魯卡	1	503353	94.896217
37229	布魯克納	1	503354	94.896406
37230	布魯克斯研究院	1	503355	94.896595
37231	布魯斯‧雅發克	1	503356	94.896784
37232	布魯斯威利	1	503357	94.896973
37233	布藍道爾	1	503358	94.897162
37234	布蘭丹‧塞克斯頓	1	503359	94.897351
37235	布蘭登	1	503360	94.897540
37236	布蘭登堡	1	503361	94.897729
37237	布蘭詩歌	1	503362	94.897918
37238	平凡無奇	1	503363	94.898107
37239	平大惠	1	503364	94.898296
37240	平山周平	1	503365	94.898485
37241	平山周吉	1	503366	94.898674
37242	平山蘆江	1	503367	94.898863
37243	平分	1	503368	94.899052
37244	平戶	1	503369	94.899241
37245	平平常常	1	503370	94.899430
37246	平平穩穩	1	503371	94.899619
37247	平白	1	503372	94.899808
37248	平安夜	1	503373	94.899997
37249	平安保險	1	503374	94.900186
37250	平安神宮	1	503375	94.900375
37251	平安險	1	503376	94.900564
37252	平年	1	503377	94.900753
37253	平成	1	503378	94.900942
37254	平行四邊形	1	503379	94.901131
37255	平行風	1	503380	94.901320
37256	平行梯	1	503381	94.901509
37257	平克佛洛依德	1	503382	94.901698
37258	平均所得	1	503383	94.901887
37259	平均數	1	503384	94.902076
37260	平均線	1	503385	94.902265
37261	平均線理論	1	503386	94.902454
37262	平步青雲	1	503387	94.902643
37263	平面角單位	1	503388	94.902832
37264	平面設計	1	503389	94.903021
37265	平埔族	1	503390	94.903210
37266	平展	1	503391	94.903399
37267	平常人	1	503392	94.903588
37268	平常考	1	503393	94.903777
37269	平康	1	503394	94.903966
37270	平頂	1	503395	94.904155
37271	平頂活塞	1	503396	94.904344
37272	平等心	1	503397	94.904533
37273	平等性	1	503398	94.904722
37274	平陽縣	1	503399	94.904911
37275	平亂	1	503400	94.905100
37276	平滑肌	1	503401	94.905289
37277	平準	1	503402	94.905478
37278	平裝	1	503403	94.905667
37279	平實無華	1	503404	94.905856
37280	平價車	1	503405	94.906045
37281	平躺	1	503406	94.906234
37282	平衡木	1	503407	94.906423
37283	平衡桿	1	503408	94.906612
37284	平衡器官	1	503409	94.906801
37285	平頭	1	503410	94.906990
37286	平織	1	503411	94.907179
37287	平鎮	1	503412	94.907368
37288	平疇	1	503413	94.907557
37289	平疇沃野	1	503414	94.907746
37290	幼女	1	503415	94.907935
37291	幼小	1	503416	94.908124
37292	幼角	1	503417	94.908313
37293	幼兒百科	1	503418	94.908502
37294	幼兒車	1	503419	94.908691
37295	幼兒玩具圖書館	1	503420	94.908880
37296	幼保	1	503421	94.909069
37297	幼苗	1	503422	94.909258
37298	幼豹	1	503423	94.909447
37299	幼教法	1	503424	94.909636
37300	幼獅	1	503425	94.909825
37301	幼獅少年	1	503426	94.910014
37302	幼獅團	1	503427	94.910203
37303	幼豬	1	503428	94.910392
37304	幼齒	1	503429	94.910581
37305	幼龍	1	503430	94.910770
37306	幼獸	1	503431	94.910959
37307	幼蟹	1	503432	94.911148
37308	弘一大師	1	503433	94.911337
37309	弘仁寺	1	503434	94.911526
37310	弘法	1	503435	94.911715
37311	弘治	1	503436	94.911904
37312	弘揚	1	503437	94.912093
37313	弘道獎	1	503438	94.912282
37314	弘碩	1	503439	94.912471
37315	弗卡奇亞	1	503440	94.912660
37316	弗里曼特爾醫院	1	503441	94.912849
37317	弗德列克索羅	1	503442	94.913038
37318	弗羅姆湖	1	503443	94.913227
37319	必是	1	503444	94.913416
37320	必備量	1	503445	94.913605
37321	必學	1	503446	94.913794
37322	必讀	1	503447	94.913983
37323	戊二醛溶液	1	503448	94.914172
37324	打七響	1	503449	94.914361
37325	打中	1	503450	94.914550
37326	打太極	1	503451	94.914739
37327	打手	1	503452	94.914928
37328	打手勢	1	503453	94.915117
37329	打毛線	1	503454	94.915306
37330	打水仗	1	503455	94.915495
37331	打瓦	1	503456	94.915684
37332	打光法	1	503457	94.915873
37333	打回票	1	503458	94.916062
37334	打住	1	503459	94.916251
37335	打劫	1	503460	94.916440
37336	打完	1	503461	94.916629
37337	打赤腳	1	503462	94.916818
37338	打赤膊	1	503463	94.917007
37339	打呼嚕	1	503464	94.917196
37340	打昏	1	503465	94.917385
37341	打板子	1	503466	94.917574
37342	打板開鏡儀式	1	503467	94.917763
37343	打法	1	503468	94.917952
37344	打狗	1	503469	94.918141
37345	打垮	1	503470	94.918330
37346	打洞	1	503471	94.918519
37347	打穿	1	503472	94.918708
37348	打拳	1	503473	94.918897
37349	打氣筒	1	503474	94.919086
37350	打烊	1	503475	94.919275
37351	打起	1	503476	94.919464
37352	打退堂鼓	1	503477	94.919653
37353	打高爾夫球	1	503478	94.919842
37354	打從	1	503479	94.920031
37355	打情罵俏	1	503480	94.920220
37356	打混	1	503481	94.920409
37357	打通關	1	503482	94.920598
37358	打麻將	1	503483	94.920787
37359	打傘	1	503484	94.920976
37360	打牌	1	503485	94.921165
37361	打著燈籠都找不到	1	503486	94.921354
37362	打菜	1	503487	94.921543
37363	打亂	1	503488	94.921732
37364	打會	1	503489	94.921921
37365	打群架	1	503490	94.922110
37366	打腫臉充胖子	1	503491	94.922299
37367	打電玩	1	503492	94.922488
37368	打歌	1	503493	94.922677
37369	打銀店	1	503494	94.922866
37370	打彈珠	1	503495	94.923055
37371	打撈	1	503496	94.923244
37372	打樣稿	1	503497	94.923433
37373	打罵教育	1	503498	94.923622
37374	打趣	1	503499	94.923811
37375	打鬧	1	503500	94.924000
37376	打燈	1	503501	94.924189
37377	打貓	1	503502	94.924378
37378	打輸	1	503503	94.924567
37379	打錯	1	503504	94.924756
37380	打擊率	1	503505	94.924945
37381	打點費	1	503506	94.925134
37382	打鼾聲	1	503507	94.925323
37383	打雜	1	503508	94.925512
37384	打蠟	1	503509	94.925701
37385	打鐵	1	503510	94.925890
37386	打鐵畫	1	503511	94.926079
37387	打響	1	503512	94.926268
37388	打諢	1	503513	94.926457
37389	扔進	1	503514	94.926646
37390	扒手	1	503515	94.926835
37391	扒走	1	503516	94.927024
37392	扒開	1	503517	94.927213
37393	斥回	1	503518	94.927402
37394	斥候	1	503519	94.927591
37395	斥堠	1	503520	94.927780
37396	旦角	1	503521	94.927969
37397	本子	1	503522	94.928158
37398	本分	1	503523	94.928347
37399	本末輕重	1	503524	94.928536
37400	本田	1	503525	94.928725
37401	本田汽車	1	503526	94.928914
37402	本田車廠	1	503527	94.929103
37403	本名	1	503528	94.929292
37404	本地雞	1	503529	94.929481
37405	本村	1	503530	94.929670
37406	本周	1	503531	94.929859
37407	本屆	1	503532	94.930048
37408	本為	1	503533	94.930237
37409	本省籍	1	503534	94.930426
37410	本科系	1	503535	94.930615
37411	本家	1	503536	94.930804
37412	本島	1	503537	94.930993
37413	本特森	1	503538	94.931182
37414	本益比值	1	503539	94.931371
37415	本草學	1	503540	94.931560
37416	本族	1	503541	94.931749
37417	本部	1	503542	94.931938
37418	本該	1	503543	94.932127
37419	本銀河系	1	503544	94.932316
37420	本篇	1	503545	94.932505
37421	本營	1	503546	94.932694
37422	本壘	1	503547	94.932883
37423	本體	1	503548	94.933072
37424	未卜	1	503549	94.933261
37425	未可知	1	503550	94.933450
37426	未成年保護法	1	503551	94.933639
37427	未來小子	1	503552	94.933828
37428	未來世界	1	503553	94.934017
37429	未來車	1	503554	94.934206
37430	未來型電化實驗住宅	1	503555	94.934395
37431	未定之天	1	503556	94.934584
37432	未果	1	503557	94.934773
37433	未建地	1	503558	94.934962
37434	未涉案	1	503559	94.935151
37435	未婚夫	1	503560	94.935340
37436	末代	1	503561	94.935529
37437	末代慰安婦	1	503562	94.935718
37438	末段	1	503563	94.935907
37439	末款	1	503564	94.936096
37440	末節	1	503565	94.936285
37441	札根	1	503566	94.936474
37442	正人君子	1	503567	94.936663
37443	正大光明殿	1	503568	94.936852
37444	正中書局	1	503569	94.937041
37445	正片	1	503570	94.937230
37446	正史	1	503571	94.937419
37447	正本清源	1	503572	94.937608
37448	正正當當	1	503573	94.937797
37449	正因	1	503574	94.937986
37450	正安之樂	1	503575	94.938175
37451	正式化	1	503576	94.938364
37452	正成長	1	503577	94.938553
37453	正色	1	503578	94.938742
37454	正位	1	503579	94.938931
37455	正形	1	503580	94.939120
37456	正邪	1	503581	94.939309
37457	正版	1	503582	94.939498
37458	正直不阿	1	503583	94.939687
37459	正門	1	503584	94.939876
37460	正室	1	503585	94.940065
37461	正派人	1	503586	94.940254
37462	正科班	1	503587	94.940443
37463	正負	1	503588	94.940632
37464	正負極接電線	1	503589	94.940821
37465	正軌	1	503590	94.941010
37466	正音教學	1	503591	94.941199
37467	正時	1	503592	94.941388
37468	正時雙序列式噴油系統	1	503593	94.941577
37469	正記標誌	1	503594	94.941766
37470	正眼	1	503595	94.941955
37471	正隆公司	1	503596	94.942144
37472	正傳	1	503597	94.942333
37473	正當時	1	503598	94.942522
37474	正解	1	503599	94.942711
37475	正道工業	1	503600	94.942900
37476	正對面	1	503601	94.943089
37477	正誤	1	503602	94.943278
37478	正廠	1	503603	94.943467
37479	正確性	1	503604	94.943656
37480	正駕駛	1	503605	94.943845
37481	正濃	1	503606	94.944034
37482	正藍	1	503607	94.944223
37483	正題	1	503608	94.944412
37484	母女情	1	503609	94.944601
37485	母子威龍	1	503610	94.944790
37486	母子炮	1	503611	94.944979
37487	母牛	1	503612	94.945168
37488	母牛棺	1	503613	94.945357
37489	母以子貴	1	503614	94.945546
37490	母乳汁	1	503615	94.945735
37491	母性	1	503616	94.945924
37492	母狗	1	503617	94.946113
37493	母豹	1	503618	94.946302
37494	母國	1	503619	94.946491
37495	母教	1	503620	94.946680
37496	母船	1	503621	94.946869
37497	母鄉	1	503622	94.947058
37498	母語教學	1	503623	94.947247
37499	母豬	1	503624	94.947436
37500	母體	1	503625	94.947625
37501	民不聊生	1	503626	94.947814
37502	民心士氣	1	503627	94.948003
37503	民主自由	1	503628	94.948192
37504	民主政府	1	503629	94.948381
37505	民主派	1	503630	94.948570
37506	民主國家	1	503631	94.948759
37507	民主臺	1	503632	94.948948
37508	民以食為天	1	503633	94.949137
37509	民生主義	1	503634	94.949326
37510	民生用水	1	503635	94.949515
37511	民生用品	1	503636	94.949704
37512	民生杯	1	503637	94.949893
37513	民生品	1	503638	94.950082
37514	民生凋蔽	1	503639	94.950271
37515	民生路	1	503640	94.950460
37516	民用航空協定	1	503641	94.950649
37517	民刑法	1	503642	94.950838
37518	民安	1	503643	94.951027
37519	民性	1	503644	94.951216
37520	民房	1	503645	94.951405
37521	民法	1	503646	94.951594
37522	民法親屬篇	1	503647	94.951783
37523	民舍	1	503648	94.951972
37524	民俗公園	1	503649	94.952161
37525	民俗營	1	503650	94.952350
37526	民俗賽	1	503651	94.952539
37527	民俗藝術館	1	503652	94.952728
37528	民俗體育	1	503653	94.952917
37529	民俗體育賽	1	503654	94.953106
37530	民政局自治課	1	503655	94.953295
37531	民政廳	1	503656	94.953484
37532	民政廳長	1	503657	94.953673
37533	民家	1	503658	94.953862
37534	民氣	1	503659	94.954051
37535	民航局	1	503660	94.954240
37536	民航站	1	503661	94.954429
37537	民航機	1	503662	94.954618
37538	民族大義	1	503663	94.954807
37539	民族大遷徙	1	503664	94.954996
37540	民族工藝獎	1	503665	94.955185
37541	民族片	1	503666	94.955374
37542	民族幼苗	1	503667	94.955563
37543	民族風	1	503668	94.955752
37544	民族舞團	1	503669	94.955941
37545	民烽劇團	1	503670	94.956130
37546	民眾日報	1	503671	94.956319
37547	民眾醫院	1	503672	94.956508
37548	民富	1	503673	94.956697
37549	民智	1	503674	94.956886
37550	民進黨籍	1	503675	94.957075
37551	民間化	1	503676	94.957264
37552	民意報	1	503677	94.957453
37553	民意測驗	1	503678	94.957642
37554	民意會	1	503679	94.957831
37555	民意論壇	1	503680	94.958020
37556	民賊	1	503681	94.958209
37557	民歌手	1	503682	94.958398
37558	民粹主義者	1	503683	94.958587
37559	民數記	1	503684	94.958776
37560	民潮	1	503685	94.958965
37561	民營汽車業	1	503686	94.959154
37562	民營電視臺	1	503687	94.959343
37563	民營電臺	1	503688	94.959532
37564	民謠吉他	1	503689	94.959721
37565	民隱	1	503690	94.959910
37566	民豐縣	1	503691	94.960099
37567	民權街	1	503692	94.960288
37568	永久居留權	1	503693	94.960477
37569	永久性	1	503694	94.960666
37570	永久性損傷	1	503695	94.960855
37571	永久齒	1	503696	94.961044
37572	永世不朽	1	503697	94.961233
37573	永世難忘	1	503698	94.961422
37574	永生永世	1	503699	94.961611
37575	永吉國小	1	503700	94.961800
37576	永安	1	503701	94.961989
37577	永別	1	503702	94.962178
37578	永坑口	1	503703	94.962367
37579	永佳	1	503704	94.962556
37580	永信盃排球賽	1	503705	94.962745
37581	永城	1	503706	94.962934
37582	永恆不變	1	503707	94.963123
37583	永康	1	503708	94.963312
37584	永華影業公司	1	503709	94.963501
37585	永隔天人	1	503710	94.963690
37586	永漢民藝館	1	503711	94.963879
37587	永樂座新舞臺	1	503712	94.964068
37588	永樂國小	1	503713	94.964257
37589	永憲錄	1	503714	94.964446
37590	永豐餘公司	1	503715	94.964635
37591	永懷	1	503716	94.964824
37592	永續	1	503717	94.965013
37593	永續經營	1	503718	94.965202
37594	汁液	1	503719	94.965391
37595	氾濫成災	1	503720	94.965580
37596	犯不著	1	503721	94.965769
37597	犯行	1	503722	94.965958
37598	玄小佛	1	503723	94.966147
37599	玄妙	1	503724	94.966336
37600	玄奇	1	503725	94.966525
37601	玄武	1	503726	94.966714
37602	玄武門事件	1	503727	94.966903
37603	玄奘大師	1	503728	94.967092
37604	玄黃	1	503729	94.967281
37605	玄奧	1	503730	94.967470
37606	玄殿	1	503731	94.967659
37607	玄學	1	503732	94.967848
37608	玄關	1	503733	94.968037
37609	玉人	1	503734	94.968226
37610	玉女	1	503735	94.968415
37611	玉山行	1	503736	94.968604
37612	玉山假沙梨	1	503737	94.968793
37613	玉木冰期	1	503738	94.968982
37614	玉石俱焚	1	503739	94.969171
37615	玉米片	1	503740	94.969360
37616	玉米粉	1	503741	94.969549
37617	玉米棒	1	503742	94.969738
37618	玉米糊	1	503743	94.969927
37619	玉佛像	1	503744	94.970116
37620	玉里公園	1	503745	94.970305
37621	玉里線	1	503746	94.970494
37622	玉里養護所	1	503747	94.970683
37623	玉里鎮	1	503748	94.970872
37624	玉泉書院	1	503749	94.971061
37625	玉烈魂	1	503750	94.971250
37626	玉珮	1	503751	94.971439
37627	玉魚兒	1	503752	94.971628
37628	玉器葬	1	503753	94.971817
37629	玉龍文化節	1	503754	94.972006
37630	玉龍喀什河	1	503755	94.972195
37631	玉龍喀什河大橋	1	503756	94.972384
37632	玉闕	1	503757	94.972573
37633	玉蟹科	1	503758	94.972762
37634	玉麗公主	1	503759	94.972951
37635	玉護之聲	1	503760	94.973140
37636	瓜子	1	503761	94.973329
37637	瓜子臉	1	503762	94.973518
37638	瓜皮草	1	503763	94.973707
37639	瓜苗	1	503764	94.973896
37640	瓜國	1	503765	94.974085
37641	瓜販子	1	503766	94.974274
37642	瓦片	1	503767	94.974463
37643	瓦尼葉	1	503768	94.974652
37644	瓦契爾	1	503769	94.974841
37645	瓦特	1	503770	94.975030
37646	瓦脊	1	503771	94.975219
37647	瓦堆	1	503772	94.975408
37648	瓦斯費	1	503773	94.975597
37649	瓦斯管	1	503774	94.975786
37650	瓦硝	1	503775	94.975975
37651	瓦硝壩	1	503776	94.976164
37652	瓦爾納國際芭蕾舞比賽	1	503777	94.976353
37653	瓦礫	1	503778	94.976542
37654	甘之如飴	1	503779	94.976731
37655	甘玉惠	1	503780	94.976920
37656	甘州歌	1	503781	94.977109
37657	甘杞子	1	503782	94.977298
37658	甘居正	1	503783	94.977487
37659	甘油三酯	1	503784	94.977676
37660	甘泉	1	503785	94.977865
37661	甘泉宮	1	503786	94.978054
37662	甘洌	1	503787	94.978243
37663	甘美朗樂團	1	503788	94.978432
37664	甘苦經	1	503789	94.978621
37665	甘食	1	503790	94.978810
37666	甘迺迪國際機場	1	503791	94.978999
37667	甘偉松	1	503792	94.979188
37668	甘涼	1	503793	94.979377
37669	甘肅	1	503794	94.979566
37670	甘盡苦來	1	503795	94.979755
37671	甘蒙山脈	1	503796	94.979944
37672	甘蔗園	1	503797	94.980133
37673	甘蔗蝦	1	503798	94.980322
37674	甘薯	1	503799	94.980511
37675	甘露	1	503800	94.980700
37676	生不如死	1	503801	94.980889
37677	生不逢時	1	503802	94.981078
37678	生化人	1	503803	94.981267
37679	生化科技	1	503804	94.981456
37680	生日酒	1	503805	94.981645
37681	生日蛋糕	1	503806	94.981834
37682	生日會	1	503807	94.982023
37683	生存戰	1	503808	94.982212
37684	生成	1	503809	94.982401
37685	生死未卜	1	503810	94.982590
37686	生死契	1	503811	94.982779
37687	生死相許	1	503812	94.982968
37688	生死觀	1	503813	94.983157
37689	生米	1	503814	94.983346
37690	生米煮成熟飯	1	503815	94.983535
37691	生肉	1	503816	94.983724
37692	生冷	1	503817	94.983913
37693	生育力	1	503818	94.984102
37694	生命水	1	503819	94.984291
37695	生命史	1	503820	94.984480
37696	生命現象	1	503821	94.984669
37697	生命演化史	1	503822	94.984858
37698	生怕	1	503823	94.985047
37699	生物工藝業	1	503824	94.985236
37700	生物科技	1	503825	94.985425
37701	生物象	1	503826	94.985614
37702	生物群	1	503827	94.985803
37703	生物電	1	503828	94.985992
37704	生物鹼中毒說	1	503829	94.986181
37705	生花妙筆	1	503830	94.986370
37706	生長期	1	503831	94.986559
37707	生活小品	1	503832	94.986748
37708	生活公約	1	503833	94.986937
37709	生活性	1	503834	94.987126
37710	生活派	1	503835	94.987315
37711	生活倫理	1	503836	94.987504
37712	生活起居	1	503837	94.987693
37713	生活圈	1	503838	94.987882
37714	生活情調	1	503839	94.988071
37715	生活照	1	503840	94.988260
37716	生面孔	1	503841	94.988449
37717	生倫時間	1	503842	94.988638
37718	生氣勃勃	1	503843	94.988827
37719	生氣蓬勃	1	503844	94.989016
37720	生祠	1	503845	94.989205
37721	生財之道	1	503846	94.989394
37722	生動	1	503847	94.989583
37723	生啤酒	1	503848	94.989772
37724	生殺予奪	1	503849	94.989961
37725	生涯雜誌	1	503850	94.990150
37726	生猛	1	503851	94.990339
37727	生理學	1	503852	94.990528
37728	生理機能	1	503853	94.990717
37729	生產品	1	503854	94.990906
37730	生產值	1	503855	94.991095
37731	生產國	1	503856	94.991284
37732	生產組裝線	1	503857	94.991473
37733	生產隊	1	503858	94.991662
37734	生殖能力	1	503859	94.991851
37735	生殖細胞	1	503860	94.992040
37736	生殖期	1	503861	94.992229
37737	生殖器疱疹	1	503862	94.992418
37738	生硬	1	503863	94.992607
37739	生菜	1	503864	94.992796
37740	生菜沙拉	1	503865	94.992985
37741	生詞	1	503866	94.993174
37742	生飲機	1	503867	94.993363
37743	生意人	1	503868	94.993552
37744	生意盎然	1	503869	94.993741
37745	生意眼	1	503870	94.993930
37746	生意經	1	503871	94.994119
37747	生煩	1	503872	94.994308
37748	生路	1	503873	94.994497
37749	生態性	1	503874	94.994686
37750	生態保留區	1	503875	94.994875
37751	生魂	1	503876	94.995064
37752	生憂	1	503877	94.995253
37753	生趣	1	503878	94.995442
37754	生髮油	1	503879	94.995631
37755	生癌	1	503880	94.995820
37756	生薑汁	1	503881	94.996009
37757	生薑紅	1	503882	94.996198
37758	生鮮品	1	503883	94.996387
37759	生鮮超市	1	503884	94.996576
37760	生靈	1	503885	94.996765
37761	用才	1	503886	94.996954
37762	用火	1	503887	94.997143
37763	用以	1	503888	94.997332
37764	用光	1	503889	94.997521
37765	用色	1	503890	94.997710
37766	用兵	1	503891	94.997899
37767	用直鎮	1	503892	94.998088
37768	用計	1	503893	94.998277
37769	用情不專	1	503894	94.998466
37770	用辭	1	503895	94.998655
37771	甩尾	1	503896	94.998844
37772	甩掉	1	503897	94.999033
37773	田忠良	1	503898	94.999222
37774	田徑場	1	503899	94.999411
37775	田納西	1	503900	94.999600
37776	田納西州	1	503901	94.999789
37777	田犁	1	503902	94.999978
37778	田單復國	1	503903	95.000167
37779	田寮	1	503904	95.000356
37780	田賦	1	503905	95.000545
37781	田螺	1	503906	95.000734
37782	田鵬	1	503907	95.000923
37783	田麗	1	503908	95.001112
37784	甲午戰爭	1	503909	95.001301
37785	甲皮	1	503910	95.001490
37786	甲冑龍	1	503911	95.001679
37787	甲型胎兒蛋白	1	503912	95.001868
37788	甲苯咪唑	1	503913	95.002057
37789	甲骨文字	1	503914	95.002246
37790	甲基睪丸素	1	503915	95.002435
37791	甲殼類	1	503916	95.002624
37792	甲等	1	503917	95.002813
37793	甲種	1	503918	95.003002
37794	甲蟲	1	503919	95.003191
37795	申公豹	1	503920	95.003380
37796	申命記	1	503921	95.003569
37797	申明	1	503922	95.003758
37798	申述	1	503923	95.003947
37799	申張	1	503924	95.004136
37800	申訴委員會	1	503925	95.004325
37801	申訴案	1	503926	95.004514
37802	申跋	1	503927	95.004703
37803	申請狀	1	503928	95.004892
37804	申請者	1	503929	95.005081
37805	申請單	1	503930	95.005270
37806	申謝	1	503931	95.005459
37807	申辯	1	503932	95.005648
37808	白巾	1	503933	95.005837
37809	白化	1	503934	95.006026
37810	白手成家	1	503935	95.006215
37811	白手起家	1	503936	95.006404
37812	白文鳥	1	503937	95.006593
37813	白木	1	503938	95.006782
37814	白木耳	1	503939	95.006971
37815	白毛	1	503940	95.007160
37816	白水河	1	503941	95.007349
37817	白令海峽	1	503942	95.007538
37818	白加干	1	503943	95.007727
37819	白布條	1	503944	95.007916
37820	白玉	1	503945	95.008105
37821	白玉大佛	1	503946	95.008294
37822	白白	1	503947	95.008483
37823	白白嫩嫩	1	503948	95.008672
37824	白皮	1	503949	95.008861
37825	白吃白喝	1	503950	95.009050
37826	白字	1	503951	95.009239
37827	白帆	1	503952	95.009428
37828	白米	1	503953	95.009617
37829	白米粒	1	503954	95.009806
37830	白米甕砲臺	1	503955	95.009995
37831	白老鼠	1	503956	95.010184
37832	白色念珠菌性食道炎	1	503957	95.010373
37833	白色念珠菌狀	1	503958	95.010562
37834	白色的徽章	1	503959	95.010751
37835	白色恐怖時代	1	503960	95.010940
37836	白血球過多症	1	503961	95.011129
37837	白衣	1	503962	95.011318
37838	白衣大士	1	503963	95.011507
37839	白作	1	503964	95.011696
37840	白尾雀鯛	1	503965	95.011885
37841	白沙發	1	503966	95.012074
37842	白沙灣	1	503967	95.012263
37843	白居易	1	503968	95.012452
37844	白帖	1	503969	95.012641
37845	白板	1	503970	95.012830
37846	白玫瑰	1	503971	95.013019
37847	白矽石	1	503972	95.013208
37848	白花	1	503973	95.013397
37849	白花花	1	503974	95.013586
37850	白虎	1	503975	95.013775
37851	白金唱片	1	503976	95.013964
37852	白俄羅斯	1	503977	95.014153
37853	白枯大山	1	503978	95.014342
37854	白枯木	1	503979	95.014531
37855	白朗峰	1	503980	95.014720
37856	白粉	1	503981	95.014909
37857	白粉蝶	1	503982	95.015098
37858	白紗	1	503983	95.015287
37859	白茶	1	503984	95.015476
37860	白馬	1	503985	95.015665
37861	白培英	1	503986	95.015854
37862	白族	1	503987	95.016043
37863	白晝	1	503988	95.016232
37864	白條	1	503989	95.016421
37865	白淨	1	503990	95.016610
37866	白球	1	503991	95.016799
37867	白蛇	1	503992	95.016988
37868	白蛋白	1	503993	95.017177
37869	白鹿	1	503994	95.017366
37870	白鹿皮	1	503995	95.017555
37871	白喉	1	503996	95.017744
37872	白斑	1	503997	95.017933
37873	白景瑞	1	503998	95.018122
37874	白犀牛	1	503999	95.018311
37875	白象	1	504000	95.018500
37876	白費	1	504001	95.018689
37877	白雲灰岩	1	504002	95.018878
37878	白雲庵	1	504003	95.019067
37879	白雲豬手	1	504004	95.019256
37880	白雲機場	1	504005	95.019445
37881	白飯	1	504006	95.019634
37882	白塔	1	504007	95.019823
37883	白搭	1	504008	95.020012
37884	白獅之戀	1	504009	95.020201
37885	白鼠	1	504010	95.020390
37886	白嘉莉	1	504011	95.020579
37887	白旗	1	504012	95.020768
37888	白榕	1	504013	95.020957
37889	白綾	1	504014	95.021146
37890	白蜘蛛	1	504015	95.021335
37891	白銀	1	504016	95.021524
37892	白領人	1	504017	95.021713
37893	白熱戰	1	504018	95.021902
37894	白線斑蚊	1	504019	95.022091
37895	白膠	1	504020	95.022280
37896	白蓮	1	504021	95.022469
37897	白蓮花	1	504022	95.022658
37898	白髮皤皤	1	504023	95.022847
37899	白樺湖	1	504024	95.023036
37900	白熾燈	1	504025	95.023225
37901	白褲	1	504026	95.023414
37902	白頭到老	1	504027	95.023603
37903	白頭偕老	1	504028	95.023792
37904	白環鸚嘴鵯	1	504029	95.023981
37905	白蟑螂	1	504030	95.024170
37906	白蟒	1	504031	95.024359
37907	白鴿	1	504032	95.024548
37908	白鯽	1	504033	95.024737
37909	白鼬	1	504034	95.024926
37910	白獸	1	504035	95.025115
37911	白霧	1	504036	95.025304
37912	白麵皮	1	504037	95.025493
37913	白蘭氏	1	504038	95.025682
37914	白襪	1	504039	95.025871
37915	白襪子	1	504040	95.026060
37916	白露	1	504041	95.026249
37917	白鶴	1	504042	95.026438
37918	白鷹	1	504043	95.026627
37919	白鷺	1	504044	95.026816
37920	白鷺洲公園	1	504045	95.027005
37921	白鷺絲鳥	1	504046	95.027194
37922	白鸚鵡	1	504047	95.027383
37923	白鶺鴒	1	504048	95.027572
37924	皮下結節	1	504049	95.027761
37925	皮尺	1	504050	95.027950
37926	皮肉	1	504051	95.028139
37927	皮肉之苦	1	504052	95.028328
37928	皮色	1	504053	95.028517
37929	皮夾	1	504054	95.028706
37930	皮沙發	1	504055	95.028895
37931	皮奈洛普	1	504056	95.029084
37932	皮冠	1	504057	95.029273
37933	皮相	1	504058	95.029462
37934	皮革繩	1	504059	95.029651
37935	皮索	1	504060	95.029840
37936	皮張	1	504061	95.030029
37937	皮條客	1	504062	95.030218
37938	皮蛋	1	504063	95.030407
37939	皮帽	1	504064	95.030596
37940	皮開肉綻	1	504065	95.030785
37941	皮黃腔	1	504066	95.030974
37942	皮腰帶	1	504067	95.031163
37943	皮鼓	1	504068	95.031352
37944	皮製	1	504069	95.031541
37945	皮層	1	504070	95.031730
37946	皮膚科	1	504071	95.031919
37947	皮膚症	1	504072	95.032108
37948	皮雕店	1	504073	95.032297
37949	目不斜視	1	504074	95.032486
37950	目不暇接	1	504075	95.032675
37951	目不識丁	1	504076	95.032864
37952	目光炯炯	1	504077	95.033053
37953	目的性	1	504078	95.033242
37954	目盲	1	504079	95.033431
37955	目空一切	1	504080	95.033620
37956	目屎	1	504081	95.033809
37957	目眩神馳	1	504082	95.033998
37958	目無尊長	1	504083	95.034187
37959	目視星	1	504084	95.034376
37960	目賭為真	1	504085	95.034565
37961	矢口否認	1	504086	95.034754
37962	矢志	1	504087	95.034943
37963	石刀	1	504088	95.035132
37964	石子路	1	504089	95.035321
37965	石化工業	1	504090	95.035510
37966	石化工業區	1	504091	95.035699
37967	石化工業國	1	504092	95.035888
37968	石化公司	1	504093	95.036077
37969	石文戶	1	504094	95.036266
37970	石木	1	504095	95.036455
37971	石田退三	1	504096	95.036644
37972	石印術	1	504097	95.036833
37973	石灰岩脈	1	504098	95.037022
37974	石材	1	504099	95.037211
37975	石刻像	1	504100	95.037400
37976	石岡瑛子	1	504101	95.037589
37977	石岡壩	1	504102	95.037778
37978	石斧	1	504103	95.037967
37979	石板墓	1	504104	95.038156
37980	石板燒	1	504105	95.038345
37981	石油公司	1	504106	95.038534
37982	石版	1	504107	95.038723
37983	石花	1	504108	95.038912
37984	石虎	1	504109	95.039101
37985	石門	1	504110	95.039290
37986	石門洞	1	504111	95.039479
37987	石雨傘教堂	1	504112	95.039668
37988	石洞	1	504113	95.039857
37989	石炭紀	1	504114	95.040046
37990	石砌	1	504115	95.040235
37991	石英	1	504116	95.040424
37992	石英岩板	1	504117	95.040613
37993	石英錶	1	504118	95.040802
37994	石料	1	504119	95.040991
37995	石海洞鄉	1	504120	95.041180
37996	石斛蘭	1	504121	95.041369
37997	石梯	1	504122	95.041558
37998	石梯坪	1	504123	95.041747
37999	石梯灣	1	504124	95.041936
38000	石條	1	504125	95.042125
38001	石造	1	504126	95.042314
38002	石敢當	1	504127	95.042503
38003	石斑魚	1	504128	95.042692
38004	石棺葬	1	504129	95.042881
38005	石椅	1	504130	95.043070
38006	石棚山	1	504131	95.043259
38007	石牌國小	1	504132	95.043448
38008	石黑賢	1	504133	95.043637
38009	石獅	1	504134	95.043826
38010	石經	1	504135	95.044015
38011	石榴花	1	504136	95.044204
38012	石綿	1	504137	95.044393
38013	石槽	1	504138	95.044582
38014	石質	1	504139	95.044771
38015	石墨	1	504140	95.044960
38016	石壁	1	504141	95.045149
38017	石澳	1	504142	95.045338
38018	石磨棒	1	504143	95.045527
38019	石雕像	1	504144	95.045716
38020	石頭城	1	504145	95.045905
38021	石頭魚	1	504146	95.046094
38022	石頭篇	1	504147	95.046283
38023	石濤	1	504148	95.046472
38024	石濤和尚	1	504149	95.046661
38025	石濤園大廈	1	504150	95.046850
38026	石牆蝶	1	504151	95.047039
38027	石縫	1	504152	95.047228
38028	石闕	1	504153	95.047417
38029	石獸	1	504154	95.047606
38030	石寶忠	1	504155	95.047795
38031	石礦場	1	504156	95.047984
38032	石菖蒲	1	504157	95.048173
38033	石碇國小	1	504158	95.048362
38034	示威者	1	504159	95.048551
38035	示範性	1	504160	95.048740
38036	示範區	1	504161	95.048929
38037	禾本科	1	504162	95.049118
38038	禾沙藝術公司	1	504163	95.049307
38039	穴悟	1	504164	95.049496
38040	穴道	1	504165	95.049685
38041	立仁國小	1	504166	95.049874
38042	立可白	1	504167	95.050063
38043	立正	1	504168	95.050252
38044	立即性	1	504169	95.050441
38045	立足之地	1	504170	95.050630
38046	立身	1	504171	95.050819
38047	立契	1	504172	95.051008
38048	立春儀	1	504173	95.051197
38049	立益	1	504174	95.051386
38050	立益紡織	1	504175	95.051575
38051	立起	1	504176	95.051764
38052	立傳	1	504177	95.051953
38053	立業	1	504178	95.052142
38054	立碑人	1	504179	95.052331
38055	立頓紅茶	1	504180	95.052520
38056	立縣	1	504181	95.052709
38057	立櫃	1	504182	95.052898
38058	立霧溪	1	504183	95.053087
38059	立體角單位	1	504184	95.053276
38060	立體派	1	504185	95.053465
38061	立體風箏	1	504186	95.053654
38062	立體紙塑	1	504187	95.053843
38063	立體停車塔	1	504188	95.054032
38064	立體感	1	504189	95.054221
38065	丞相	1	504190	95.054410
38066	丟入	1	504191	95.054599
38067	丟三落四	1	504192	95.054788
38068	丟出	1	504193	95.054977
38069	丟到	1	504194	95.055166
38070	丟進	1	504195	95.055355
38071	丟開	1	504196	95.055544
38072	丟還	1	504197	95.055733
38073	乩童	1	504198	95.055922
38074	亙古	1	504199	95.056111
38075	亙古彌新	1	504200	95.056300
38076	交叉匯率	1	504201	95.056489
38077	交叉點	1	504202	95.056678
38078	交口讚譽	1	504203	95.056867
38079	交大	1	504204	95.057056
38080	交心	1	504205	95.057245
38081	交片	1	504206	95.057434
38082	交加	1	504207	95.057623
38083	交白卷	1	504208	95.057812
38084	交好	1	504209	95.058001
38085	交州	1	504210	95.058190
38086	交扭	1	504211	95.058379
38087	交投	1	504212	95.058568
38088	交角	1	504213	95.058757
38089	交車量	1	504214	95.058946
38090	交易日	1	504215	95.059135
38091	交易法	1	504216	95.059324
38092	交易業	1	504217	95.059513
38093	交易廳	1	504218	95.059702
38094	交流式電視機	1	504219	95.059891
38095	交流電	1	504220	95.060080
38096	交界	1	504221	95.060269
38097	交相	1	504222	95.060458
38098	交相輝映	1	504223	95.060647
38099	交班	1	504224	95.060836
38100	交寄	1	504225	95.061025
38101	交接器	1	504226	95.061214
38102	交趾陶	1	504227	95.061403
38103	交通局長	1	504228	95.061592
38104	交通法規	1	504229	95.061781
38105	交通處	1	504230	95.061970
38106	交通博物館	1	504231	95.062159
38107	交通費	1	504232	95.062348
38108	交通號誌燈	1	504233	95.062537
38109	交通圖	1	504234	95.062726
38110	交通線	1	504235	95.062915
38111	交割股	1	504236	95.063104
38112	交插	1	504237	95.063293
38113	交期	1	504238	95.063482
38114	交匯	1	504239	95.063671
38115	交感神經節	1	504240	95.063860
38116	交際面	1	504241	95.064049
38117	交際帳	1	504242	95.064238
38118	交際費	1	504243	95.064427
38119	交際應酬	1	504244	95.064616
38120	交誼	1	504245	95.064805
38121	交談聲	1	504246	95.064994
38122	交還	1	504247	95.065183
38123	交警	1	504248	95.065372
38124	交響團	1	504249	95.065561
38125	亦步亦趨	1	504250	95.065750
38126	仿作	1	504251	95.065939
38127	仿宋字體	1	504252	95.066128
38128	仿冒品	1	504253	95.066317
38129	仿若	1	504254	95.066506
38130	仿傚	1	504255	95.066695
38131	仿照	1	504256	95.066884
38132	仿製	1	504257	95.067073
38133	伉儷情深	1	504258	95.067262
38134	伙頭福星	1	504259	95.067451
38135	伊凡大帝	1	504260	95.067640
38136	伊凡吉利斯塔	1	504261	95.067829
38137	伊丹十三	1	504262	95.068018
38138	伊夫布瓦塞	1	504263	95.068207
38139	伊戈‧施韋佐夫	1	504264	95.068396
38140	伊瓜蘇瀑布	1	504265	95.068585
38141	伊安‧皮奇	1	504266	95.068774
38142	伊利沙白二世	1	504267	95.068963
38143	伊利亞伍德	1	504268	95.069152
38144	伊利略瀑	1	504269	95.069341
38145	伊利莎白	1	504270	95.069530
38146	伊利奧特‧阿勃拉姆斯	1	504271	95.069719
38147	伊利諾	1	504272	95.069908
38148	伊朗－尼游事件	1	504273	95.070097
38149	伊朗－尼游事件委員會	1	504274	95.070286
38150	伊朗人	1	504275	95.070475
38151	伊朗人民革命組織	1	504276	95.070664
38152	伊國	1	504277	95.070853
38153	伊犁河流域	1	504278	95.071042
38154	伊莎貝艾珍妮	1	504279	95.071231
38155	伊莎貝拉艾珍尼	1	504280	95.071420
38156	伊莎貝爾一世	1	504281	95.071609
38157	伊莉沙白一世	1	504282	95.071798
38158	伊莉莎白女王	1	504283	95.071987
38159	伊循城	1	504284	95.072176
38160	伊斯馬羅斯城	1	504285	95.072365
38161	伊斯蘭保守主義	1	504286	95.072554
38162	伊斯蘭原教旨主義	1	504287	95.072743
38163	伊斯蘭教徒	1	504288	95.072932
38164	伊斯蘭集團	1	504289	95.073121
38165	伊登廣告公司	1	504290	95.073310
38166	伊萊思‧斯特里奇	1	504291	95.073499
38167	伊魯利沙特	1	504292	95.073688
38168	伊藤	1	504293	95.073877
38169	伊藤大輔	1	504294	95.074066
38170	伊藤博文	1	504295	95.074255
38171	伊麗莎白	1	504296	95.074444
38172	伊籐茂	1	504297	95.074633
38173	休士頓	1	504298	95.074822
38174	休止	1	504299	95.075011
38175	休兵	1	504300	95.075200
38176	休倫湖	1	504301	95.075389
38177	休息室	1	504302	95.075578
38178	休息站	1	504303	95.075767
38179	休息區	1	504304	95.075956
38180	休旅多用途車	1	504305	95.076145
38181	休耕	1	504306	95.076334
38182	休戚	1	504307	95.076523
38183	休斯五〇〇直升機	1	504308	95.076712
38184	休斯頓	1	504309	95.076901
38185	休閒天地	1	504310	95.077090
38186	休閒服	1	504311	95.077279
38187	休閒衫	1	504312	95.077468
38188	休閒椅	1	504313	95.077657
38189	休閒遊樂區	1	504314	95.077846
38190	休閒鞋	1	504315	95.078035
38191	休閒購物中心	1	504316	95.078224
38192	休會	1	504317	95.078413
38193	伏石蕨	1	504318	95.078602
38194	伏伺	1	504319	95.078791
38195	伏見晁	1	504320	95.078980
38196	伏松	1	504321	95.079169
38197	伏松林	1	504322	95.079358
38198	伏特	1	504323	95.079547
38199	伏羲	1	504324	95.079736
38200	仲夏夜之夢	1	504325	95.079925
38201	仲裁者	1	504326	95.080114
38202	仲裁案	1	504327	95.080303
38203	任免	1	504328	95.080492
38204	任勞	1	504329	95.080681
38205	任勞任怨	1	504330	95.080870
38206	任景豐	1	504331	95.081059
38207	任隨	1	504332	95.081248
38208	仰人鼻息	1	504333	95.081437
38209	仰式	1	504334	95.081626
38210	仰赤贊普	1	504335	95.081815
38211	仰看	1	504336	95.082004
38212	仰首	1	504337	95.082193
38213	仰望	1	504338	95.082382
38214	仰睡	1	504339	95.082571
38215	仰觀	1	504340	95.082760
38216	仳離	1	504341	95.082949
38217	份外	1	504342	95.083138
38218	企研所	1	504343	95.083327
38219	企望	1	504344	95.083516
38220	企畫科	1	504345	95.083705
38221	企畫書	1	504346	95.083894
38222	企業史	1	504347	95.084083
38223	企業多角化	1	504348	95.084272
38224	企業者	1	504349	95.084461
38225	企業股份有限公司	1	504350	95.084650
38226	企業稅	1	504351	95.084839
38227	企業管理研究所	1	504352	95.085028
38228	企業管理學系	1	504353	95.085217
38229	企劃組長	1	504354	95.085406
38230	企劃部	1	504355	95.085595
38231	企管博士	1	504356	95.085784
38232	企管顧問公司	1	504357	95.085973
38233	光大門楣	1	504358	95.086162
38234	光州銀行	1	504359	95.086351
38235	光男公司	1	504360	95.086540
38236	光男集團	1	504361	95.086729
38237	光明新村	1	504362	95.086918
38238	光柱	1	504363	95.087107
38239	光炬	1	504364	95.087296
38240	光音療法	1	504365	95.087485
38241	光效	1	504366	95.087674
38242	光能電離子	1	504367	95.087863
38243	光帶	1	504368	95.088052
38244	光敏薄膜	1	504369	95.088241
38245	光眼	1	504370	95.088430
38246	光統	1	504371	95.088619
38247	光復節	1	504372	95.088808
38248	光復鎮	1	504373	95.088997
38249	光華工業區	1	504374	95.089186
38250	光華國中	1	504375	95.089375
38251	光感應器	1	504376	95.089564
38252	光溜溜	1	504377	95.089753
38253	光祿卿	1	504378	95.089942
38254	光電	1	504379	95.090131
38255	光影交錯	1	504380	95.090320
38256	光靠	1	504381	95.090509
38257	光學式自動識別計測系統	1	504382	95.090698
38258	光學器材	1	504383	95.090887
38259	光學器械	1	504384	95.091076
38260	光點	1	504385	95.091265
38261	光簾	1	504386	95.091454
38262	光譜型式	1	504387	95.091643
38263	光譜線	1	504388	95.091832
38264	光纖電纜	1	504389	95.092021
38265	光熠	1	504390	95.092210
38266	兇巴巴	1	504391	95.092399
38267	兇案	1	504392	95.092588
38268	兇殺第六感	1	504393	95.092777
38269	兇鳥	1	504394	95.092966
38270	兇險	1	504395	95.093155
38271	兆頭	1	504396	95.093344
38272	先下手為強	1	504397	95.093533
38273	先天性心臟畸形	1	504398	95.093722
38274	先天性孤立腎	1	504399	95.093911
38275	先天性恆牙	1	504400	95.094100
38276	先天性眼皮脫垂症	1	504401	95.094289
38277	先天性髖關節脫臼	1	504402	95.094478
38278	先天缺陷	1	504403	95.094667
38279	先父	1	504404	95.094856
38280	先母鄒孺人靈表	1	504405	95.095045
38281	先決	1	504406	95.095234
38282	先決條件	1	504407	95.095423
38283	先見者	1	504408	95.095612
38284	先知先覺	1	504409	95.095801
38285	先知卓見	1	504410	95.095990
38286	先施百貨	1	504411	95.096179
38287	先皇遺老	1	504412	95.096368
38288	先烈	1	504413	95.096557
38289	先祖	1	504414	95.096746
38290	先發制人	1	504415	95.096935
38291	先進國	1	504416	95.097124
38292	先端	1	504417	95.097313
38293	先輩	1	504418	95.097502
38294	先鋒公司	1	504419	95.097691
38295	先聲	1	504420	95.097880
38296	先驅發展部門	1	504421	95.098069
38297	全中國	1	504422	95.098258
38298	全中國女性聯盟	1	504423	95.098447
38299	全友工業	1	504424	95.098636
38300	全友電腦	1	504425	95.098825
38301	全天	1	504426	95.099014
38302	全方面	1	504427	95.099203
38303	全片	1	504428	95.099392
38304	全功建設	1	504429	95.099581
38305	全功能數位畫面處理系統	1	504430	95.099770
38306	全包覆式座椅	1	504431	95.099959
38307	全年無休	1	504432	95.100148
38308	全自動洗衣機	1	504433	95.100337
38309	全村	1	504434	95.100526
38310	全身性	1	504435	95.100715
38311	全車系	1	504436	95.100904
38312	全版	1	504437	95.101093
38313	全盲	1	504438	95.101282
38314	全紅	1	504439	95.101471
38315	全美式裝備	1	504440	95.101660
38316	全頁	1	504441	95.101849
38317	全修結業生	1	504442	95.102038
38318	全時四輪傳動	1	504443	95.102227
38319	全時式	1	504444	95.102416
38320	全能型	1	504445	95.102605
38321	全院	1	504446	95.102794
38322	全國人民代表大會	1	504447	95.102983
38323	全國經濟會議	1	504448	95.103172
38324	全張	1	504449	95.103361
38325	全彩色	1	504450	95.103550
38326	全族	1	504451	95.103739
38327	全球存託憑證	1	504452	95.103928
38328	全球成長市場	1	504453	95.104117
38329	全球越野賽車活動	1	504454	95.104306
38330	全盛期	1	504455	95.104495
38331	全票	1	504456	95.104684
38332	全蛋	1	504457	95.104873
38333	全速度域循跡控制	1	504458	95.105062
38334	全殘	1	504459	95.105251
38335	全硬殼式	1	504460	95.105440
38336	全量	1	504461	95.105629
38337	全隊	1	504462	95.105818
38338	全雄法	1	504463	95.106007
38339	全黑	1	504464	95.106196
38340	全會	1	504465	95.106385
38341	全境	1	504466	95.106574
38342	全臺灣	1	504467	95.106763
38343	全雌法	1	504468	95.106952
38344	全歐公司	1	504469	95.107141
38345	全線	1	504470	95.107330
38346	全鎮	1	504471	95.107519
38347	全額獎學金	1	504472	95.107708
38348	共用品	1	504473	95.107897
38349	共同信託基金	1	504474	95.108086
38350	共性	1	504475	95.108275
38351	共枕眠	1	504476	95.108464
38352	共勉	1	504477	95.108653
38353	共容	1	504478	95.108842
38354	共振箱	1	504479	95.109031
38355	共商	1	504480	95.109220
38356	共產集團	1	504481	95.109409
38357	共產黨員	1	504482	95.109598
38358	共通點	1	504483	95.109787
38359	共創	1	504484	95.109976
38360	共鳴體	1	504485	95.110165
38361	共築	1	504486	95.110354
38362	共餐	1	504487	95.110543
38363	共體時艱	1	504488	95.110732
38364	再世為人	1	504489	95.110921
38365	再加速反應	1	504490	95.111110
38366	再犯	1	504491	95.111299
38367	再生水	1	504492	95.111488
38368	再生筆	1	504493	95.111677
38369	再再	1	504494	95.111866
38370	再別康橋	1	504495	95.112055
38371	再版	1	504496	95.112244
38372	再起	1	504497	95.112433
38373	再娶	1	504498	95.112622
38374	再教育	1	504499	95.112811
38375	再殺我一次	1	504500	95.113000
38376	再添	1	504501	95.113189
38377	再發性嚴重細菌性感染	1	504502	95.113378
38378	再會吧，上海	1	504503	95.113567
38379	再談	1	504504	95.113756
38380	再議	1	504505	95.113945
38381	冰山船	1	504506	95.114134
38382	冰心	1	504507	95.114323
38383	冰肌玉骨	1	504508	95.114512
38384	冰冷的太陽	1	504509	95.114701
38385	冰床	1	504510	95.114890
38386	冰谷	1	504511	95.115079
38387	冰河時代	1	504512	95.115268
38388	冰狀	1	504513	95.115457
38389	冰柱	1	504514	95.115646
38390	冰面	1	504515	95.115835
38391	冰宮	1	504516	95.116024
38392	冰島	1	504517	95.116213
38393	冰島文	1	504518	95.116402
38394	冰庫	1	504519	95.116591
38395	冰消瓦解	1	504520	95.116780
38396	冰海	1	504521	95.116969
38397	冰茶	1	504522	95.117158
38398	冰球	1	504523	95.117347
38399	冰寒	1	504524	95.117536
38400	冰晶	1	504525	95.117725
38401	冰棍	1	504526	95.117914
38402	冰窖	1	504527	95.118103
38403	冰筍	1	504528	95.118292
38404	冰敬	1	504529	95.118481
38405	冰粽	1	504530	95.118670
38406	冰嬉	1	504531	95.118859
38407	冰壁	1	504532	95.119048
38408	冰磧	1	504533	95.119237
38409	冰磧湖	1	504534	95.119426
38410	冰糖	1	504535	95.119615
38411	冰雕	1	504536	95.119804
38412	冰牆	1	504537	95.119993
38413	冰霜	1	504538	95.120182
38414	冰點	1	504539	95.120371
38415	冰鎮	1	504540	95.120560
38416	冰鎮烏龍茶	1	504541	95.120749
38417	冰鎬	1	504542	95.120938
38418	列車員	1	504543	95.121127
38419	列表機	1	504544	95.121316
38420	列案	1	504545	95.121505
38421	列帳	1	504546	95.121694
38422	列傳	1	504547	95.121883
38423	列寧	1	504548	95.122072
38424	列寧主義	1	504549	95.122261
38425	刑犯	1	504550	95.122450
38426	刑求	1	504551	95.122639
38427	刑事局	1	504552	95.122828
38428	刑度	1	504553	95.123017
38429	刑案	1	504554	95.123206
38430	刑殺	1	504555	95.123395
38431	刑部	1	504556	95.123584
38432	刑滿	1	504557	95.123773
38433	划水	1	504558	95.123962
38434	划行	1	504559	95.124151
38435	划拳	1	504560	95.124340
38436	劣品	1	504561	95.124529
38437	劣根性	1	504562	95.124718
38438	劣跡	1	504563	95.124907
38439	劣幣	1	504564	95.125096
38440	劣質	1	504565	95.125285
38441	匈牙利文	1	504566	95.125474
38442	匈牙利帝國	1	504567	95.125663
38443	匈奴	1	504568	95.125852
38444	匡正	1	504569	95.126041
38445	匡廬圖	1	504570	95.126230
38446	匠師	1	504571	95.126419
38447	印出	1	504572	95.126608
38448	印加帝國	1	504573	95.126797
38449	印尼文	1	504574	95.126986
38450	印尼尼亞斯島	1	504575	95.127175
38451	印本	1	504576	95.127364
38452	印石	1	504577	95.127553
38453	印地文	1	504578	95.127742
38454	印地安那	1	504579	95.127931
38455	印亞大陸	1	504580	95.128120
38456	印刷部	1	504581	95.128309
38457	印刷體	1	504582	95.128498
38458	印信	1	504583	95.128687
38459	印度之旅	1	504584	95.128876
38460	印度化	1	504585	95.129065
38461	印度文化	1	504586	95.129254
38462	印度式	1	504587	95.129443
38463	印度教	1	504588	95.129632
38464	印度黃花蚜	1	504589	95.129821
38465	印度瘤牛	1	504590	95.130010
38466	印書	1	504591	95.130199
38467	印第安文化	1	504592	95.130388
38468	印象派畫	1	504593	95.130577
38469	印鈔機	1	504594	95.130766
38470	印鑑	1	504595	95.130955
38471	危亡	1	504596	95.131144
38472	危言	1	504597	95.131333
38473	危重	1	504598	95.131522
38474	危弱	1	504599	95.131711
38475	危樓	1	504600	95.131900
38476	危機感	1	504601	95.132089
38477	危險性	1	504602	95.132278
38478	危險物	1	504603	95.132467
38479	危險度	1	504604	95.132656
38480	危險建築物	1	504605	95.132845
38481	危險重重	1	504606	95.133034
38482	危險第三情	1	504607	95.133223
38483	危險群	1	504608	95.133412
38484	吉日良辰	1	504609	95.133601
38485	吉安國小	1	504610	95.133790
38486	吉利馬札羅	1	504611	95.133979
38487	吉姆薛利丹	1	504612	95.134168
38488	吉祥如意	1	504613	95.134357
38489	吉祥話	1	504614	95.134546
38490	吉祥戲院	1	504615	95.134735
38491	吉普賽俘虜四號	1	504616	95.134924
38492	吉爾	1	504617	95.135113
38493	吉福瑞克連	1	504618	95.135302
38494	吉鳴公司	1	504619	95.135491
38495	吉鳴集團	1	504620	95.135680
38496	吏治	1	504621	95.135869
38497	吏屬	1	504622	95.136058
38498	同工同酬制	1	504623	95.136247
38499	同心同德	1	504624	95.136436
38500	同心合力	1	504625	95.136625
38501	同心圓	1	504626	95.136814
38502	同文館	1	504627	95.137003
38503	同安人	1	504628	95.137192
38504	同舟共濟	1	504629	95.137381
38505	同床共寢	1	504630	95.137570
38506	同步器	1	504631	95.137759
38507	同步輻射中心	1	504632	95.137948
38508	同來	1	504633	95.138137
38509	同命鳥	1	504634	95.138326
38510	同性戀者	1	504635	95.138515
38511	同肩寬	1	504636	95.138704
38512	同型車	1	504637	95.138893
38513	同流合污	1	504638	95.139082
38514	同時期	1	504639	95.139271
38515	同書	1	504640	95.139460
38516	同校	1	504641	95.139649
38517	同校生	1	504642	95.139838
38518	同桌	1	504643	95.140027
38519	同浴	1	504644	95.140216
38520	同病相憐	1	504645	95.140405
38521	同情性	1	504646	95.140594
38522	同袍	1	504647	95.140783
38523	同窗	1	504648	95.140972
38524	同軸	1	504649	95.141161
38525	同鄉會	1	504650	95.141350
38526	同路	1	504651	95.141539
38527	同遊	1	504652	95.141728
38528	同睡	1	504653	95.141917
38529	同種異體骨髓移植	1	504654	95.142106
38530	同質性	1	504655	95.142295
38531	同謀	1	504656	95.142484
38532	同濟會	1	504657	95.142673
38533	同聲譴責	1	504658	95.142862
38534	同歸於盡	1	504659	95.143051
38535	吊大筒	1	504660	95.143240
38536	吊車尾	1	504661	95.143429
38537	吊娃娃	1	504662	95.143618
38538	吊書袋	1	504663	95.143807
38539	吊帶	1	504664	95.143996
38540	吊帶西褲	1	504665	95.144185
38541	吊腳樓	1	504666	95.144374
38542	吊飾	1	504667	95.144563
38543	吊銷	1	504668	95.144752
38544	吊燈	1	504669	95.144941
38545	吊鐘花	1	504670	95.145130
38546	吊襪帶	1	504671	95.145319
38547	吐火羅語	1	504672	95.145508
38548	吐苦水	1	504673	95.145697
38549	吐氣	1	504674	95.145886
38550	吐納	1	504675	95.146075
38551	吐絲	1	504676	95.146264
38552	吐爾扈特部	1	504677	95.146453
38553	各出奇招	1	504678	95.146642
38554	各司其職	1	504679	95.146831
38555	各州	1	504680	95.147020
38556	各有	1	504681	95.147209
38557	各有千秋	1	504682	95.147398
38558	各奔東西	1	504683	95.147587
38559	各省	1	504684	95.147776
38560	各科	1	504685	95.147965
38561	各案	1	504686	95.148154
38562	各班	1	504687	95.148343
38563	各族一家親──群牛大戰	1	504688	95.148532
38564	各報	1	504689	95.148721
38565	各隊	1	504690	95.148910
38566	各路人馬	1	504691	95.149099
38567	各路英雄好漢	1	504692	95.149288
38568	各領風騷	1	504693	95.149477
38569	各闢蹊徑	1	504694	95.149666
38570	向光	1	504695	95.149855
38571	向列式	1	504696	95.150044
38572	向列型	1	504697	95.150233
38573	向例	1	504698	95.150422
38574	向度	1	504699	95.150611
38575	向敏中	1	504700	95.150800
38576	向善	1	504701	95.150989
38577	向陽	1	504702	95.151178
38578	向隅	1	504703	95.151367
38579	向暮	1	504704	95.151556
38580	名人賽	1	504705	95.151745
38581	名女	1	504706	95.151934
38582	名山	1	504707	95.152123
38583	名不見經傳	1	504708	95.152312
38584	名不符實	1	504709	95.152501
38585	名不虛傳	1	504710	95.152690
38586	名分	1	504711	95.152879
38587	名片型呼叫器	1	504712	95.153068
38588	名仕	1	504713	95.153257
38589	名古屋	1	504714	95.153446
38590	名句	1	504715	95.153635
38591	名正言順	1	504716	95.153824
38592	名存實亡	1	504717	95.154013
38593	名竹大橋	1	504718	95.154202
38594	名角	1	504719	95.154391
38595	名店街	1	504720	95.154580
38596	名花	1	504721	95.154769
38597	名城	1	504722	95.154958
38598	名重當世	1	504723	95.155147
38599	名望	1	504724	95.155336
38600	名媛	1	504725	95.155525
38601	名揚天下	1	504726	95.155714
38602	名畫家	1	504727	95.155903
38603	名筆	1	504728	95.156092
38604	名園	1	504729	95.156281
38605	名落孫山	1	504730	95.156470
38606	名實相副	1	504731	95.156659
38607	名聞世界	1	504732	95.156848
38608	名廚	1	504733	95.157037
38609	名廠	1	504734	95.157226
38610	名鋪	1	504735	95.157415
38611	名駒	1	504736	95.157604
38612	名導演	1	504737	95.157793
38613	名樹	1	504738	95.157982
38614	名錶	1	504739	95.158171
38615	名錄	1	504740	95.158360
38616	合成化學纖維	1	504741	95.158549
38617	合成器	1	504742	95.158738
38618	合成機油	1	504743	95.158927
38619	合住	1	504744	95.159116
38620	合作社法	1	504745	95.159305
38621	合作者	1	504746	95.159494
38622	合作無間	1	504747	95.159683
38623	合身	1	504748	95.159872
38624	合併症	1	504749	95.160061
38625	合肥	1	504750	95.160250
38626	合金材料亞太營運中心	1	504751	95.160439
38627	合金桿	1	504752	95.160628
38628	合金鋼材	1	504753	95.160817
38629	合建	1	504754	95.161006
38630	合音	1	504755	95.161195
38631	合時	1	504756	95.161384
38632	合格證明文件	1	504757	95.161573
38633	合班	1	504758	95.161762
38634	合租	1	504759	95.161951
38635	合情	1	504760	95.162140
38636	合理化誇張	1	504761	95.162329
38637	合理主義	1	504762	95.162518
38638	合理性指數	1	504763	95.162707
38639	合造	1	504764	95.162896
38640	合掌	1	504765	95.163085
38641	合著者	1	504766	95.163274
38642	合買	1	504767	95.163463
38643	合當	1	504768	95.163652
38644	合群	1	504769	95.163841
38645	合葬	1	504770	95.164030
38646	合該	1	504771	95.164219
38647	合資者	1	504772	95.164408
38648	合管處	1	504773	95.164597
38649	合算	1	504774	95.164786
38650	合製	1	504775	95.164975
38651	合擬	1	504776	95.165164
38652	合縫	1	504777	95.165353
38653	合縱	1	504778	95.165542
38654	合縱連橫	1	504779	95.165731
38655	合聲	1	504780	95.165920
38656	合歡花	1	504781	95.166109
38657	合歡花茶	1	504782	95.166298
38658	合纖市場	1	504783	95.166487
38659	合纖廠	1	504784	95.166676
38660	吃人	1	504785	95.166865
38661	吃大餐	1	504786	95.167054
38662	吃大虧	1	504787	95.167243
38663	吃早點	1	504788	95.167432
38664	吃角子老虎	1	504789	95.167621
38665	吃豆腐	1	504790	95.167810
38666	吃到飽	1	504791	95.167999
38667	吃味	1	504792	95.168188
38668	吃苦耐勞	1	504793	95.168377
38669	吃重	1	504794	95.168566
38670	吃食	1	504795	95.168755
38671	吃香的，喝辣的	1	504796	95.168944
38672	吃案	1	504797	95.169133
38673	吃茶	1	504798	95.169322
38674	吃敗戰	1	504799	95.169511
38675	吃票	1	504800	95.169700
38676	吃軟不吃硬	1	504801	95.169889
38677	吃喝嫖賭	1	504802	95.170078
38678	吃飯相	1	504803	95.170267
38679	吃盡	1	504804	95.170456
38680	吃膩	1	504805	95.170645
38681	吃錢	1	504806	95.170834
38682	吃鴨蛋	1	504807	95.171023
38683	吃螺絲	1	504808	95.171212
38684	吃鱉	1	504809	95.171401
38685	后妃傳	1	504810	95.171590
38686	后里	1	504811	95.171779
38687	吆喝聲	1	504812	95.171968
38688	因人	1	504813	95.172157
38689	因人廢言	1	504814	95.172346
38690	因子製劑	1	504815	95.172535
38691	因小失大	1	504816	95.172724
38692	因由	1	504817	95.172913
38693	因地	1	504818	95.173102
38694	因地制宜	1	504819	95.173291
38695	因何	1	504820	95.173480
38696	因果關係	1	504821	95.173669
38697	因故	1	504822	95.173858
38698	因陋就簡	1	504823	95.174047
38699	因時	1	504824	95.174236
38700	因循怠惰	1	504825	95.174425
38701	因斯布魯克大學	1	504826	95.174614
38702	因斯坦	1	504827	95.174803
38703	因勢利導	1	504828	95.174992
38704	因噎廢食	1	504829	95.175181
38705	因緣巧合	1	504830	95.175370
38706	因襲	1	504831	95.175559
38707	回天乏術	1	504832	95.175748
38708	回文	1	504833	95.175937
38709	回本	1	504834	95.176126
38710	回光返照	1	504835	95.176315
38711	回吐	1	504836	95.176504
38712	回字紋	1	504837	95.176693
38713	回扣	1	504838	95.176882
38714	回扣	1	504839	95.177071
38715	回收再生使用率	1	504840	95.177260
38716	回收再使用率	1	504841	95.177449
38717	回收物	1	504842	95.177638
38718	回收者	1	504843	95.177827
38719	回收站	1	504844	95.178016
38720	回收商	1	504845	95.178205
38721	回收袋	1	504846	95.178394
38722	回收筒	1	504847	95.178583
38723	回收量	1	504848	95.178772
38724	回收業	1	504849	95.178961
38725	回佣	1	504850	95.179150
38726	回攻	1	504851	95.179339
38727	回來	1	504852	95.179528
38728	回返	1	504853	95.179717
38729	回春	1	504854	95.179906
38730	回流率	1	504855	95.180095
38731	回紇汗國	1	504856	95.180284
38732	回降	1	504857	95.180473
38733	回首來時路	1	504858	95.180662
38734	回宮	1	504859	95.180851
38735	回校	1	504860	95.181040
38736	回航	1	504861	95.181229
38737	回巢	1	504862	95.181418
38738	回教基本教義派	1	504863	95.181607
38739	回族	1	504864	95.181796
38740	回途	1	504865	95.181985
38741	回郵	1	504866	95.182174
38742	回電話	1	504867	95.182363
38743	回臺	1	504868	95.182552
38744	回頭是岸	1	504869	95.182741
38745	回壓	1	504870	95.182930
38746	回縮	1	504871	95.183119
38747	回歸熱	1	504872	95.183308
38748	回禮	1	504873	95.183497
38749	回覆	1	504874	95.183686
38750	回疆	1	504875	95.183875
38751	回穩	1	504876	95.184064
38752	回贈	1	504877	95.184253
38753	回鶻	1	504878	95.184442
38754	地力	1	504879	95.184631
38755	地下化	1	504880	95.184820
38756	地下水道	1	504881	95.185009
38757	地下有知	1	504882	95.185198
38758	地下泉	1	504883	95.185387
38759	地下核試爆	1	504884	95.185576
38760	地下莖	1	504885	95.185765
38761	地下銀行	1	504886	95.185954
38762	地上權	1	504887	95.186143
38763	地久天長	1	504888	95.186332
38764	地中海色彩	1	504889	95.186521
38765	地中海型貧血	1	504890	95.186710
38766	地中海樂園	1	504891	95.186899
38767	地心吸力	1	504892	95.187088
38768	地方父母官	1	504893	95.187277
38769	地方性	1	504894	95.187466
38770	地方法庭	1	504895	95.187655
38771	地方法院	1	504896	95.187844
38772	地方型政客	1	504897	95.188033
38773	地方電視臺	1	504898	95.188222
38774	地方戲曲	1	504899	95.188411
38775	地方戲劇	1	504900	95.188600
38776	地牛	1	504901	95.188789
38777	地王	1	504902	95.188978
38778	地主之誼	1	504903	95.189167
38779	地利均霑	1	504904	95.189356
38780	地函	1	504905	95.189545
38781	地府	1	504906	95.189734
38782	地底動物	1	504907	95.189923
38783	地拉那	1	504908	95.190112
38784	地政	1	504909	95.190301
38785	地政司	1	504910	95.190490
38786	地政系	1	504911	95.190679
38787	地面管制塔臺	1	504912	95.190868
38788	地動儀	1	504913	95.191057
38789	地區醫院	1	504914	95.191246
38790	地域加給	1	504915	95.191435
38791	地密爾	1	504916	95.191624
38792	地球之夜	1	504917	95.191813
38793	地球日	1	504918	95.192002
38794	地球史	1	504919	95.192191
38795	地球保衛戰	1	504920	95.192380
38796	地球毀滅之後	1	504921	95.192569
38797	地球磁力	1	504922	95.192758
38798	地球儀	1	504923	95.192947
38799	地理雜誌	1	504924	95.193136
38800	地陷	1	504925	95.193325
38801	地稅	1	504926	95.193514
38802	地黃	1	504927	95.193703
38803	地勤人員	1	504928	95.193892
38804	地滑	1	504929	95.194081
38805	地道	1	504930	95.194270
38806	地鼠	1	504931	95.194459
38807	地獄門	1	504932	95.194648
38808	地臺	1	504933	95.194837
38809	地蜜	1	504934	95.195026
38810	地廣	1	504935	95.195215
38811	地熱發電廠	1	504936	95.195404
38812	地質調查所	1	504937	95.195593
38813	地鋪	1	504938	95.195782
38814	地藏王菩薩	1	504939	95.195971
38815	地藏菩薩	1	504940	95.196160
38816	地藏經	1	504941	95.196349
38817	地鐵站	1	504942	95.196538
38818	地攤貨	1	504943	95.196727
38819	地權	1	504944	95.196916
38820	地髓	1	504945	95.197105
38821	在世	1	504946	95.197294
38822	在地	1	504947	95.197483
38823	在在地	1	504948	95.197672
38824	在位者	1	504949	95.197861
38825	在劫難逃	1	504950	95.198050
38826	在即	1	504951	95.198239
38827	在來米	1	504952	95.198428
38828	在室男	1	504953	95.198617
38829	在座	1	504954	95.198806
38830	在校	1	504955	95.198995
38831	在商言商	1	504956	95.199184
38832	在野	1	504957	95.199373
38833	在朝	1	504958	95.199562
38834	在華	1	504959	95.199751
38835	在學	1	504960	95.199940
38836	在職研究生	1	504961	95.200129
38837	在職訓練	1	504962	95.200318
38838	多一事不如少一事	1	504963	95.200507
38839	多人	1	504964	95.200696
38840	多不飽和脂肪	1	504965	95.200885
38841	多仁南瑪	1	504966	95.201074
38842	多元民主社會	1	504967	95.201263
38843	多元的	1	504968	95.201452
38844	多元酯	1	504969	95.201641
38845	多少次	1	504970	95.201830
38846	多毛	1	504971	95.202019
38847	多功能防盜器	1	504972	95.202208
38848	多半是	1	504973	95.202397
38849	多布敦策楞車敏	1	504974	95.202586
38850	多民族大遷徙	1	504975	95.202775
38851	多民族國家	1	504976	95.202964
38852	多汁	1	504977	95.203153
38853	多用途功能車	1	504978	95.203342
38854	多目的	1	504979	95.203531
38855	多向性	1	504980	95.203720
38856	多多	1	504981	95.203909
38857	多多少少	1	504982	95.204098
38858	多年生	1	504983	95.204287
38859	多年來	1	504984	95.204476
38860	多有	1	504985	95.204665
38861	多次元	1	504986	95.204854
38862	多米諾超級電腦	1	504987	95.205043
38863	多災多難	1	504988	95.205232
38864	多角	1	504989	95.205421
38865	多角形	1	504990	95.205610
38866	多角度	1	504991	95.205799
38867	多事	1	504992	95.205988
38868	多些	1	504993	95.206177
38869	多明尼加共和國	1	504994	95.206366
38870	多明哥	1	504995	95.206555
38871	多空	1	504996	95.206744
38872	多采	1	504997	95.206933
38873	多指症	1	504998	95.207122
38874	多重人格	1	504999	95.207311
38875	多重心理	1	505000	95.207500
38876	多重性格	1	505001	95.207689
38877	多重晶體	1	505002	95.207878
38878	多氣門化	1	505003	95.208067
38879	多國	1	505004	95.208256
38880	多深	1	505005	95.208445
38881	多產	1	505006	95.208634
38882	多產國	1	505007	95.208823
38883	多連桿設計	1	505008	95.209012
38884	多連桿懸掛組件	1	505009	95.209201
38885	多媒體企劃	1	505010	95.209390
38886	多發性	1	505011	95.209579
38887	多發性神經炎	1	505012	95.209768
38888	多發性硬化症	1	505013	95.209957
38889	多量	1	505014	95.210146
38890	多感	1	505015	95.210335
38891	多愁善感	1	505016	95.210524
38892	多葉	1	505017	95.210713
38893	多疑	1	505018	95.210902
38894	多管閑事	1	505019	95.211091
38895	多管齊下	1	505020	95.211280
38896	多聚糖	1	505021	95.211469
38897	多語	1	505022	95.211658
38898	多層	1	505023	95.211847
38899	多頻道	1	505024	95.212036
38900	多聲帶	1	505025	95.212225
38901	多點式電子燃料噴射系統	1	505026	95.212414
38902	多點噴油	1	505027	95.212603
38903	多點噴油引擎	1	505028	95.212792
38904	多職人	1	505029	95.212981
38905	多羅貝勒	1	505030	95.213170
38906	多羅郡王	1	505031	95.213359
38907	多廳化	1	505032	95.213548
38908	多廳式戲院	1	505033	95.213737
38909	多肽	1	505034	95.213926
38910	夷山	1	505035	95.214115
38911	夷陵人	1	505036	95.214304
38912	夷陵縣	1	505037	95.214493
38913	夸恩村	1	505038	95.214682
38914	奸人	1	505039	95.214871
38915	奸邪	1	505040	95.215060
38916	奸相	1	505041	95.215249
38917	奸詐	1	505042	95.215438
38918	妃子	1	505043	95.215627
38919	好人好事	1	505044	95.215816
38920	好口彩	1	505045	95.216005
38921	好土	1	505046	95.216194
38922	好女人	1	505047	95.216383
38923	好天氣	1	505048	95.216572
38924	好心情	1	505049	95.216761
38925	好方法	1	505050	95.216950
38926	好日	1	505051	95.217139
38927	好父親	1	505052	95.217328
38928	好可惜	1	505053	95.217517
38929	好生	1	505054	95.217706
38930	好在	1	505055	95.217895
38931	好好地	1	505056	95.218084
38932	好字	1	505057	95.218273
38933	好成績	1	505058	95.218462
38934	好自在	1	505059	95.218651
38935	好色	1	505060	95.218840
38936	好車	1	505061	95.219029
38937	好事者	1	505062	95.219218
38938	好些年	1	505063	95.219407
38939	好來化工公司	1	505064	95.219596
38940	好法子	1	505065	95.219785
38941	好近	1	505066	95.219974
38942	好長	1	505067	95.220163
38943	好保母	1	505068	95.220352
38944	好美	1	505069	95.220541
38945	好面子	1	505070	95.220730
38946	好厝	1	505071	95.220919
38947	好哭	1	505072	95.221108
38948	好拿	1	505073	95.221297
38949	好時	1	505074	95.221486
38950	好時光	1	505075	95.221675
38951	好班	1	505076	95.221864
38952	好酒	1	505077	95.222053
38953	好高騖遠	1	505078	95.222242
38954	好動兒	1	505079	95.222431
38955	好問	1	505080	95.222620
38956	好強	1	505081	95.222809
38957	好彩頭	1	505082	95.222998
38958	好混	1	505083	95.223187
38959	好球	1	505084	95.223376
38960	好累	1	505085	95.223565
38961	好習慣	1	505086	95.223754
38962	好惡	1	505087	95.223943
38963	好景不常	1	505088	95.224132
38964	好脾氣	1	505089	95.224321
38965	好華廣告社	1	505090	95.224510
38966	好萊塢式	1	505091	95.224699
38967	好萊塢電影	1	505092	95.224888
38968	好飲	1	505093	95.225077
38969	好幹部	1	505094	95.225266
38970	好煩	1	505095	95.225455
38971	好榜樣	1	505096	95.225644
38972	好聚好散	1	505097	95.225833
38973	好酷	1	505098	95.226022
38974	好賭	1	505099	95.226211
38975	好學校	1	505100	95.226400
38976	好戰	1	505101	95.226589
38977	好機會	1	505102	95.226778
38978	好險	1	505103	95.226967
38979	好點了	1	505104	95.227156
38980	好辯	1	505105	95.227345
38981	她的床和她的男人	1	505106	95.227534
38982	如人願	1	505107	95.227723
38983	如日中天	1	505108	95.227912
38984	如火燎原	1	505109	95.228101
38985	如坐針氈	1	505110	95.228290
38986	如沐春風	1	505111	95.228479
38987	如來	1	505112	95.228668
38988	如注	1	505113	95.228857
38989	如後	1	505114	95.229046
38990	如狼似虎	1	505115	95.229235
38991	如荏	1	505116	95.229424
38992	如廁	1	505117	95.229613
38993	如畫	1	505118	95.229802
38994	如意公司	1	505119	95.229991
38995	如意郎君	1	505120	95.230180
38996	如詩	1	505121	95.230369
38997	如雷震耳	1	505122	95.230558
38998	如夢	1	505123	95.230747
38999	如履薄冰	1	505124	95.230936
39000	如影隨形	1	505125	95.231125
39001	如數	1	505126	95.231314
39002	如數家珍	1	505127	95.231503
39003	如膠似漆	1	505128	95.231692
39004	如臨深淵	1	505129	95.231881
39005	如簧之舌	1	505130	95.232070
39006	字句	1	505131	95.232259
39007	字字	1	505132	95.232448
39008	字帖	1	505133	95.232637
39009	字架	1	505134	95.232826
39010	字書	1	505135	95.233015
39011	字節	1	505136	95.233204
39012	字號	1	505137	95.233393
39013	字裡行間	1	505138	95.233582
39014	字跡	1	505139	95.233771
39015	字幕卡	1	505140	95.233960
39016	存底	1	505141	95.234149
39017	存酒	1	505142	95.234338
39018	存款單	1	505143	95.234527
39019	存款額	1	505144	95.234716
39020	存煤	1	505145	95.234905
39021	存廢	1	505146	95.235094
39022	存積	1	505147	95.235283
39023	存錢筒	1	505148	95.235472
39024	存錢簿	1	505149	95.235661
39025	存藏	1	505150	95.235850
39026	存簿	1	505151	95.236039
39027	存證	1	505152	95.236228
39028	宇宙人生哲學	1	505153	95.236417
39029	宇宙方程式	1	505154	95.236606
39030	宇宙光	1	505155	95.236795
39031	宇宙背景輻射	1	505156	95.236984
39032	宇宙超人──終極星	1	505157	95.237173
39033	宇宙論	1	505158	95.237362
39034	宇宙觀	1	505159	95.237551
39035	守在	1	505160	95.237740
39036	守身	1	505161	95.237929
39037	守門人	1	505162	95.238118
39038	守時	1	505163	95.238307
39039	守財奴	1	505164	95.238496
39040	守望	1	505165	95.238685
39041	守望相助	1	505166	95.238874
39042	守勢	1	505167	95.239063
39043	守寡	1	505168	95.239252
39044	守禮	1	505169	95.239441
39045	守舊	1	505170	95.239630
39046	守護者	1	505171	95.239819
39047	守靈	1	505172	95.240008
39048	宅心仁厚	1	505173	95.240197
39049	宅院	1	505174	95.240386
39050	宅第	1	505175	95.240575
39051	宅第聯	1	505176	95.240764
39052	安大略	1	505177	95.240953
39053	安大略省	1	505178	95.241142
39054	安之若素	1	505179	95.241331
39055	安可曲	1	505180	95.241520
39056	安份	1	505181	95.241709
39057	安全別針	1	505182	95.241898
39058	安全局	1	505183	95.242087
39059	安全局組織法草案	1	505184	95.242276
39060	安全座椅	1	505185	95.242465
39061	安全區	1	505186	95.242654
39062	安全組合鎖	1	505187	95.242843
39063	安全插座	1	505188	95.243032
39064	安全管理部門	1	505189	95.243221
39065	安全觀	1	505190	95.243410
39066	安地斯山	1	505191	95.243599
39067	安在	1	505192	95.243788
39068	安安靜靜	1	505193	95.243977
39069	安安穩穩	1	505194	95.244166
39070	安住	1	505195	95.244355
39071	安步	1	505196	95.244544
39072	安步當車	1	505197	95.244733
39073	安享天年	1	505198	95.244922
39074	安和樂利	1	505199	95.245111
39075	安奈貝寧	1	505200	95.245300
39076	安妮‧法蘭克日記	1	505201	95.245489
39077	安妮霍爾	1	505202	95.245678
39078	安妮薇亞森斯基	1	505203	95.245867
39079	安放	1	505204	95.246056
39080	安於現狀	1	505205	95.246245
39081	安東尼‧柏堅斯	1	505206	95.246434
39082	安東尼‧特羅洛普	1	505207	95.246623
39083	安東尼霍金斯	1	505208	95.246812
39084	安東尼霍普金斯	1	505209	95.247001
39085	安南國	1	505210	95.247190
39086	安帝	1	505211	95.247379
39087	安度	1	505212	95.247568
39088	安哥拉	1	505213	95.247757
39089	安哲羅普洛斯	1	505214	95.247946
39090	安娜	1	505215	95.248135
39091	安娜卡列尼娜	1	505216	95.248324
39092	安娜貝拉史歐勒	1	505217	95.248513
39093	安家費	1	505218	95.248702
39094	安徒生	1	505219	95.248891
39095	安息	1	505220	95.249080
39096	安息日	1	505221	95.249269
39097	安格魯－撒克遜	1	505222	95.249458
39098	安泰	1	505223	95.249647
39099	安泰商銀	1	505224	95.249836
39100	安培	1	505225	95.250025
39101	安設	1	505226	95.250214
39102	安通社區	1	505227	95.250403
39103	安琪拉蘭西貝琍	1	505228	95.250592
39104	安閒	1	505229	95.250781
39105	安業	1	505230	95.250970
39106	安蒂費特斯	1	505231	95.251159
39107	安道爾	1	505232	95.251348
39108	安達西貝	1	505233	95.251537
39109	安寧基金會	1	505234	95.251726
39110	安睡	1	505235	95.251915
39111	安魂曲	1	505236	95.252104
39112	安儂痛	1	505237	95.252293
39113	安德森	1	505238	95.252482
39114	安德魯古曼	1	505239	95.252671
39115	安德魯史強	1	505240	95.252860
39116	安慶國小	1	505241	95.253049
39117	安慰劑	1	505242	95.253238
39118	安撫使	1	505243	95.253427
39119	安樂窩	1	505244	95.253616
39120	安適	1	505245	95.253805
39121	安親班	1	505246	95.253994
39122	安鎖	1	505247	95.254183
39123	安藝群坂町	1	505248	95.254372
39124	寺門	1	505249	95.254561
39125	寺僧	1	505250	95.254750
39126	尖刀	1	505251	95.254939
39127	尖吻金鱗魚	1	505252	95.255128
39128	尖尾小野鴨	1	505253	95.255317
39129	尖沙咀	1	505254	95.255506
39130	尖底船	1	505255	95.255695
39131	尖底器	1	505256	95.255884
39132	尖物	1	505257	95.256073
39133	尖狀器	1	505258	95.256262
39134	尖長	1	505259	95.256451
39135	尖峰	1	505260	95.256640
39136	尖峰時間	1	505261	95.256829
39137	尖細	1	505262	95.257018
39138	尖晶石	1	505263	95.257207
39139	尖嘴猴腮	1	505264	95.257396
39140	尖聲	1	505265	95.257585
39141	尖聲大叫	1	505266	95.257774
39142	屹立不搖	1	505267	95.257963
39143	年子	1	505268	95.258152
39144	年少氣盛	1	505269	95.258341
39145	年代影視公司	1	505270	95.258530
39146	年平均雨量	1	505271	95.258719
39147	年生產量	1	505272	95.258908
39148	年妃	1	505273	95.259097
39149	年年公司	1	505274	95.259286
39150	年成長率	1	505275	95.259475
39151	年次	1	505276	95.259664
39152	年夜飯	1	505277	95.259853
39153	年初一	1	505278	95.260042
39154	年表	1	505279	95.260231
39155	年金信託	1	505280	95.260420
39156	年菜	1	505281	95.260609
39157	年號	1	505282	95.260798
39158	年過半百	1	505283	95.260987
39159	年輕人之夢	1	505284	95.261176
39160	年輕力壯	1	505285	95.261365
39161	年輕氣壯	1	505286	95.261554
39162	年線	1	505287	95.261743
39163	年輪	1	505288	95.261932
39164	年餘	1	505289	95.262121
39165	年營收淨額	1	505290	95.262310
39166	年營業額	1	505291	95.262499
39167	年鑑	1	505292	95.262688
39168	式子	1	505293	95.262877
39169	忙中有序	1	505294	95.263066
39170	忙於	1	505295	95.263255
39171	忙進忙出	1	505296	95.263444
39172	忙亂	1	505297	95.263633
39173	忖度	1	505298	95.263822
39174	戍兵	1	505299	95.264011
39175	戍堡	1	505300	95.264200
39176	戍衛	1	505301	95.264389
39177	成人禮	1	505302	95.264578
39178	成千上百	1	505303	95.264767
39179	成千成萬	1	505304	95.264956
39180	成大機械研究所	1	505305	95.265145
39181	成才	1	505306	95.265334
39182	成比例	1	505307	95.265523
39183	成仙	1	505308	95.265712
39184	成功大學	1	505309	95.265901
39185	成田	1	505310	95.266090
39186	成年期	1	505311	95.266279
39187	成百上千	1	505312	95.266468
39188	成行	1	505313	95.266657
39189	成批	1	505314	95.266846
39190	成事	1	505315	95.267035
39191	成性	1	505316	95.267224
39192	成果展	1	505317	95.267413
39193	成長力	1	505318	95.267602
39194	成長片	1	505319	95.267791
39195	成長性	1	505320	95.267980
39196	成長股	1	505321	95.268169
39197	成長班	1	505322	95.268358
39198	成長營	1	505323	95.268547
39199	成則為王，敗則為寇	1	505324	95.268736
39200	成型機	1	505325	95.268925
39201	成帝	1	505326	95.269114
39202	成套	1	505327	95.269303
39203	成家立室	1	505328	95.269492
39204	成豹	1	505329	95.269681
39205	成習	1	505330	95.269870
39206	成都市	1	505331	95.270059
39207	成團	1	505332	95.270248
39208	成語故事	1	505333	95.270437
39209	成層圈	1	505334	95.270626
39210	成廣澳	1	505335	95.270815
39211	成德	1	505336	95.271004
39212	成德國小	1	505337	95.271193
39213	成熟林	1	505338	95.271382
39214	成熟的	1	505339	95.271571
39215	成績表	1	505340	95.271760
39216	成獸	1	505341	95.271949
39217	成癮者	1	505342	95.272138
39218	扣上	1	505343	95.272327
39219	扣子	1	505344	95.272516
39220	扣工錢	1	505345	95.272705
39221	扣押	1	505346	95.272894
39222	扣抵	1	505347	95.273083
39223	扣環	1	505348	95.273272
39224	扛人	1	505349	95.273461
39225	托付	1	505350	95.273650
39226	托他提斯	1	505351	95.273839
39227	托克遜	1	505352	95.274028
39228	托育中心	1	505353	95.274217
39229	托貝哥島	1	505354	95.274406
39230	托兒中心	1	505355	95.274595
39231	托兒班	1	505356	95.274784
39232	托兒處	1	505357	95.274973
39233	托姆雷	1	505358	95.275162
39234	托倫斯湖	1	505359	95.275351
39235	托勒密	1	505360	95.275540
39236	托缽	1	505361	95.275729
39237	托斯卡涅利	1	505362	95.275918
39238	托葉	1	505363	95.276107
39239	托夢	1	505364	95.276296
39240	托盤	1	505365	95.276485
39241	收心操	1	505366	95.276674
39242	收合	1	505367	95.276863
39243	收成量	1	505368	95.277052
39244	收尾	1	505369	95.277241
39245	收束	1	505370	95.277430
39246	收身	1	505371	95.277619
39247	收放自如	1	505372	95.277808
39248	收信人	1	505373	95.277997
39249	收紅包	1	505374	95.278186
39250	收容中心	1	505375	95.278375
39251	收留	1	505376	95.278564
39252	收租	1	505377	95.278753
39253	收納	1	505378	95.278942
39254	收酒矸	1	505379	95.279131
39255	收假	1	505380	95.279320
39256	收桿	1	505381	95.279509
39257	收涎	1	505382	95.279698
39258	收棚	1	505383	95.279887
39259	收稅	1	505384	95.280076
39260	收視	1	505385	95.280265
39261	收視戶	1	505386	95.280454
39262	收網	1	505387	95.280643
39263	收銀員	1	505388	95.280832
39264	收銀機	1	505389	95.281021
39265	收養人	1	505390	95.281210
39266	收藏地	1	505391	95.281399
39267	收藏物	1	505392	95.281588
39268	收驗	1	505393	95.281777
39269	收攬人心	1	505394	95.281966
39270	早已	1	505395	95.282155
39271	早夭	1	505396	95.282344
39272	早日康復	1	505397	95.282533
39273	早出晚歸	1	505398	95.282722
39274	早早	1	505399	95.282911
39275	早泳	1	505400	95.283100
39276	早知今日，何必當初	1	505401	95.283289
39277	早洩	1	505402	95.283478
39278	早秋	1	505403	95.283667
39279	早寢	1	505404	95.283856
39280	早慧	1	505405	95.284045
39281	早課	1	505406	95.284234
39282	早霜	1	505407	95.284423
39283	旨趣	1	505408	95.284612
39284	旭日東升	1	505409	95.284801
39285	曲水流觴	1	505410	95.284990
39286	曲度	1	505411	95.285179
39287	曲柄	1	505412	95.285368
39288	曲風	1	505413	95.285557
39289	曲徑	1	505414	95.285746
39290	曲球	1	505415	95.285935
39291	曲棍球	1	505416	95.286124
39292	曲棍球賽	1	505417	95.286313
39293	曲結	1	505418	95.286502
39294	曲結竹譜	1	505419	95.286691
39295	曲領	1	505420	95.286880
39296	曲線度	1	505421	95.287069
39297	曲線美	1	505422	95.287258
39298	有土斯有財	1	505423	95.287447
39299	有才	1	505424	95.287636
39300	有才能	1	505425	95.287825
39301	有夫之婦	1	505426	95.288014
39302	有木國小	1	505427	95.288203
39303	有加	1	505428	95.288392
39304	有司	1	505429	95.288581
39305	有必要	1	505430	95.288770
39306	有用處	1	505431	95.288959
39307	有同感	1	505432	95.289148
39308	有好處	1	505433	95.289337
39309	有自信	1	505434	95.289526
39310	有色人種	1	505435	95.289715
39311	有行無市	1	505436	95.289904
39312	有別	1	505437	95.290093
39313	有否	1	505438	95.290282
39314	有希望	1	505439	95.290471
39315	有志之士	1	505440	95.290660
39316	有把握	1	505441	95.290849
39317	有些兒	1	505442	95.291038
39318	有例可循	1	505443	95.291227
39319	有所聞	1	505444	95.291416
39320	有板有眼	1	505445	95.291605
39321	有法	1	505446	95.291794
39322	有拼	1	505447	95.291983
39323	有柄海百合	1	505448	95.292172
39324	有毒生物鹼	1	505449	95.292361
39325	有為有守	1	505450	95.292550
39326	有耐性	1	505451	95.292739
39327	有胎盤類	1	505452	95.292928
39328	有苦說不出	1	505453	95.293117
39329	有苦難言	1	505454	95.293306
39330	有限元素法	1	505455	95.293495
39331	有限度	1	505456	95.293684
39332	有害寄生蟲	1	505457	95.293873
39333	有害無益	1	505458	95.294062
39334	有家歸不得	1	505459	95.294251
39335	有效性	1	505460	95.294440
39336	有效量	1	505461	95.294629
39337	有氧運動	1	505462	95.294818
39338	有氧舞	1	505463	95.295007
39339	有氧舞蹈	1	505464	95.295196
39340	有疾	1	505465	95.295385
39341	有神	1	505466	95.295574
39342	有秩序	1	505467	95.295763
39343	有馬稻子	1	505468	95.295952
39344	有鬼	1	505469	95.296141
39345	有問題	1	505470	95.296330
39346	有條不紊	1	505471	95.296519
39347	有條件	1	505472	95.296708
39348	有條有理	1	505473	95.296897
39349	有淚不輕彈	1	505474	95.297086
39350	有理	1	505475	95.297275
39351	有理說不清	1	505476	95.297464
39352	有異	1	505477	95.297653
39353	有眼無珠	1	505478	95.297842
39354	有規律	1	505479	95.298031
39355	有備而來	1	505480	95.298220
39356	有喜	1	505481	95.298409
39357	有智	1	505482	95.298598
39358	有智慧	1	505483	95.298787
39359	有期徒刑	1	505484	95.298976
39360	有閒人	1	505485	95.299165
39361	有幹勁	1	505486	95.299354
39362	有意識	1	505487	95.299543
39363	有感地震	1	505488	95.299732
39364	有稜有角	1	505489	95.299921
39365	有經驗	1	505490	95.300110
39366	有腦筋	1	505491	95.300299
39367	有道	1	505492	95.300488
39368	有實力	1	505493	95.300677
39369	有弊	1	505494	95.300866
39370	有福同享	1	505495	95.301055
39371	有種	1	505496	95.301244
39372	有管海葵	1	505497	95.301433
39373	有裨益	1	505498	95.301622
39374	有說有笑	1	505499	95.301811
39375	有價值	1	505500	95.302000
39376	有增無已	1	505501	95.302189
39377	有獎	1	505502	95.302378
39378	有獎問答	1	505503	95.302567
39379	有獎猜謎	1	505504	95.302756
39380	有線傳播	1	505505	95.302945
39381	有線電視系統	1	505506	95.303134
39382	有線電視網	1	505507	95.303323
39383	有線電視播放系統	1	505508	95.303512
39384	有線網路	1	505509	95.303701
39385	有憑有據	1	505510	95.303890
39386	有機可乘	1	505511	95.304079
39387	有機垃圾	1	505512	95.304268
39388	有機物	1	505513	95.304457
39389	有機碳化物	1	505514	95.304646
39390	有機酸	1	505515	95.304835
39391	有機廢棄物	1	505516	95.305024
39392	有機磷中毒	1	505517	95.305213
39393	有機磷農藥中毒	1	505518	95.305402
39394	有辦法	1	505519	95.305591
39395	有頭有尾	1	505520	95.305780
39396	有頭無尾	1	505521	95.305969
39397	有償	1	505522	95.306158
39398	有償服務	1	505523	95.306347
39399	有償捐獻	1	505524	95.306536
39400	有翼太空穿梭機	1	505525	95.306725
39401	有聲世界	1	505526	95.306914
39402	有聲出版品	1	505527	95.307103
39403	有聲故事書	1	505528	95.307292
39404	有聲時代	1	505529	95.307481
39405	有聲時期	1	505530	95.307670
39406	有聲短片	1	505531	95.307859
39407	有聲電影機	1	505532	95.308048
39408	有賺頭	1	505533	95.308237
39409	有關於	1	505534	95.308426
39410	有關係	1	505535	95.308615
39411	有關連	1	505536	95.308804
39412	有權人	1	505537	95.308993
39413	有權者	1	505538	95.309182
39414	朽木	1	505539	95.309371
39415	朽爛	1	505540	95.309560
39416	朴子	1	505541	95.309749
39417	朴泰俊	1	505542	95.309938
39418	朱天文	1	505543	95.310127
39419	朱可	1	505544	95.310316
39420	朱印	1	505545	95.310505
39421	朱宗軻	1	505546	95.310694
39422	朱彼特	1	505547	95.310883
39423	朱松華	1	505548	95.311072
39424	朱芸宜	1	505549	95.311261
39425	朱門恩怨	1	505550	95.311450
39426	朱門酒肉	1	505551	95.311639
39427	朱建中	1	505552	95.311828
39428	朱紅	1	505553	95.312017
39429	朱苔麗	1	505554	95.312206
39430	朱迪思	1	505555	95.312395
39431	朱迪思‧古德溫	1	505556	95.312584
39432	朱家寨	1	505557	95.312773
39433	朱荃	1	505558	95.312962
39434	朱高正	1	505559	95.313151
39435	朱曼婷	1	505560	95.313340
39436	朱執信	1	505561	95.313529
39437	朱雀	1	505562	95.313718
39438	朱慈涵	1	505563	95.313907
39439	朱榕基	1	505564	95.314096
39440	朱劍華	1	505565	95.314285
39441	朱德	1	505566	95.314474
39442	朱德群	1	505567	95.314663
39443	朱慶基	1	505568	95.314852
39444	朱熹	1	505569	95.315041
39445	朱顏	1	505570	95.315230
39446	朱籃子	1	505571	95.315419
39447	朱橚	1	505572	95.315608
39448	朱鸝	1	505573	95.315797
39449	次之	1	505574	95.315986
39450	次亞氯酸鈉溶液	1	505575	95.316175
39451	次級	1	505576	95.316364
39452	次高層	1	505577	95.316553
39453	次等	1	505578	95.316742
39454	次等駕車文化	1	505579	95.316931
39455	次微米	1	505580	95.317120
39456	次微米實驗室	1	505581	95.317309
39457	此起彼落	1	505582	95.317498
39458	死亡的讚美	1	505583	95.317687
39459	死亡證明	1	505584	95.317876
39460	死心眼	1	505585	95.318065
39461	死囚	1	505586	95.318254
39462	死皮細胞	1	505587	95.318443
39463	死刑犯	1	505588	95.318632
39464	死囝仔	1	505589	95.318821
39465	死地	1	505590	95.319010
39466	死守	1	505591	95.319199
39467	死命	1	505592	95.319388
39468	死板	1	505593	95.319577
39469	死城	1	505594	95.319766
39470	死後重生	1	505595	95.319955
39471	死星	1	505596	95.320144
39472	死氣沉沉	1	505597	95.320333
39473	死訊	1	505598	95.320522
39474	死產	1	505599	95.320711
39475	死路	1	505600	95.320900
39476	死對頭	1	505601	95.321089
39477	死戰	1	505602	95.321278
39478	死翹翹	1	505603	95.321467
39479	死纏濫打	1	505604	95.321656
39480	汗毛	1	505605	95.321845
39481	汗水淋漓	1	505606	95.322034
39482	汗涔涔	1	505607	95.322223
39483	汗珠	1	505608	95.322412
39484	汗臭	1	505609	95.322601
39485	汗溼	1	505610	95.322790
39486	汙水機	1	505611	95.322979
39487	汙痕	1	505612	95.323168
39488	汙黑	1	505613	95.323357
39489	汙煙	1	505614	95.323546
39490	汙漬	1	505615	95.323735
39491	汙蔑	1	505616	95.323924
39492	汙糟氣	1	505617	95.324113
39493	江山代有才人出	1	505618	95.324302
39494	江山萬里情	1	505619	95.324491
39495	江戶	1	505620	95.324680
39496	江戶風鈴	1	505621	95.324869
39497	江文也	1	505622	95.325058
39498	江水	1	505623	95.325247
39499	江左	1	505624	95.325436
39500	江西版	1	505625	95.325625
39501	江西省	1	505626	95.325814
39502	江宏	1	505627	95.326003
39503	江金章	1	505628	95.326192
39504	江勁彥	1	505629	95.326381
39505	江春岳	1	505630	95.326570
39506	江洋大盜	1	505631	95.326759
39507	江茂林	1	505632	95.326948
39508	江浙	1	505633	95.327137
39509	江陵縣	1	505634	95.327326
39510	江陰市	1	505635	95.327515
39511	江惠卿	1	505636	95.327704
39512	江湖一點訣	1	505637	95.327893
39513	江湖事	1	505638	95.328082
39514	江湖味	1	505639	95.328271
39515	江湖術語	1	505640	95.328460
39516	江湖路	1	505641	95.328649
39517	江義雄	1	505642	95.328838
39518	江道聲	1	505643	95.329027
39519	江碧貞	1	505644	95.329216
39520	江蕙	1	505645	95.329405
39521	江濱	1	505646	95.329594
39522	江豐	1	505647	95.329783
39523	江鵬堅	1	505648	95.329972
39524	池上	1	505649	95.330161
39525	池水	1	505650	95.330350
39526	池坊	1	505651	95.330539
39527	池畔	1	505652	95.330728
39528	池釣	1	505653	95.330917
39529	池鹽	1	505654	95.331106
39530	汕頭	1	505655	95.331295
39531	污水淨化槽	1	505656	95.331484
39532	污水處理廠	1	505657	95.331673
39533	污吏	1	505658	95.331862
39534	污染地	1	505659	95.332051
39535	污染源	1	505660	95.332240
39536	污辱	1	505661	95.332429
39537	污漬	1	505662	95.332618
39538	汎巴比倫主義	1	505663	95.332807
39539	灰分	1	505664	95.332996
39540	灰心	1	505665	95.333185
39541	灰白色	1	505666	95.333374
39542	灰色世界	1	505667	95.333563
39543	灰色地帶	1	505668	95.333752
39544	灰冷	1	505669	95.333941
39545	灰狗巴士	1	505670	95.334130
39546	灰飛煙滅	1	505671	95.334319
39547	灰海豹	1	505672	95.334508
39548	灰鼠	1	505673	95.334697
39549	灰撲撲	1	505674	95.334886
39550	灰褐色	1	505675	95.335075
39551	灰質	1	505676	95.335264
39552	灰樸樸	1	505677	95.335453
39553	灰濛濛	1	505678	95.335642
39554	灰鴿	1	505679	95.335831
39555	灰舊	1	505680	95.336020
39556	灰鯨	1	505681	95.336209
39557	灰鸚鵡	1	505682	95.336398
39558	牟利者	1	505683	95.336587
39559	牟宗三	1	505684	95.336776
39560	百大集團	1	505685	95.336965
39561	百公尺	1	505686	95.337154
39562	百分比	1	505687	95.337343
39563	百孔千瘡	1	505688	95.337532
39564	百立公司	1	505689	95.337721
39565	百合科	1	505690	95.337910
39566	百合計畫	1	505691	95.338099
39567	百年孤寂	1	505692	95.338288
39568	百年建設	1	505693	95.338477
39569	百年樹木	1	505694	95.338666
39570	百年難得一見	1	505695	95.338855
39571	百忙中	1	505696	95.339044
39572	百百旗	1	505697	95.339233
39573	百米賽	1	505698	95.339422
39574	百老匯工地	1	505699	95.339611
39575	百事可樂	1	505700	95.339800
39576	百味	1	505701	95.339989
39577	百味雜陳	1	505702	95.340178
39578	百花	1	505703	95.340367
39579	百花爭豔	1	505704	95.340556
39580	百思莫解	1	505705	95.340745
39581	百星大戲院	1	505706	95.340934
39582	百科出版社	1	505707	95.341123
39583	百香果	1	505708	95.341312
39584	百害而無一利	1	505709	95.341501
39585	百家爭鳴	1	505710	95.341690
39586	百家齊鳴	1	505711	95.341879
39587	百病之源	1	505712	95.342068
39588	百病叢生	1	505713	95.342257
39589	百般阻撓	1	505714	95.342446
39590	百密一疏	1	505715	95.342635
39591	百無一用	1	505716	95.342824
39592	百無一用是書生	1	505717	95.343013
39593	百感交集	1	505718	95.343202
39594	百萬元	1	505719	95.343391
39595	百葉窗	1	505720	95.343580
39596	百壽園	1	505721	95.343769
39597	百福國中	1	505722	95.343958
39598	百億	1	505723	95.344147
39599	百戰天龍	1	505724	95.344336
39600	百戰百勝	1	505725	95.344525
39601	百錢	1	505726	95.344714
39602	百嶽	1	505727	95.344903
39603	百戲	1	505728	95.345092
39604	百鍊鋼	1	505729	95.345281
39605	百轉迴腸	1	505730	95.345470
39606	百齡	1	505731	95.345659
39607	百讀不厭	1	505732	95.345848
39608	竹山	1	505733	95.346037
39609	竹井忠夫	1	505734	95.346226
39610	竹占	1	505735	95.346415
39611	竹東	1	505736	95.346604
39612	竹林國小	1	505737	95.346793
39613	竹陀螺	1	505738	95.346982
39614	竹竿舞	1	505739	95.347171
39615	竹苗	1	505740	95.347360
39616	竹哨	1	505741	95.347549
39617	竹師	1	505742	95.347738
39618	竹海	1	505743	95.347927
39619	竹馬	1	505744	95.348116
39620	竹崎	1	505745	95.348305
39621	竹條	1	505746	95.348494
39622	竹笙	1	505747	95.348683
39623	竹圍賓館	1	505748	95.348872
39624	竹椅子	1	505749	95.349061
39625	竹筒飯	1	505750	95.349250
39626	竹筏	1	505751	95.349439
39627	竹塔	1	505752	95.349628
39628	竹幹	1	505753	95.349817
39629	竹節	1	505754	95.350006
39630	竹葉字	1	505755	95.350195
39631	竹鈴	1	505756	95.350384
39632	竹製	1	505757	95.350573
39633	竹劍少年	1	505758	95.350762
39634	竹影	1	505759	95.350951
39635	竹編	1	505760	95.351140
39636	竹燈籠	1	505761	95.351329
39637	竹藝博物館	1	505762	95.351518
39638	竹藤	1	505763	95.351707
39639	竹籬	1	505764	95.351896
39640	米十七直升機	1	505765	95.352085
39641	米十七型直升機	1	505766	95.352274
39642	米十七飛行醫院	1	505767	95.352463
39643	米甸地	1	505768	95.352652
39644	米里拉尼城	1	505769	95.352841
39645	米卓	1	505770	95.353030
39646	米店	1	505771	95.353219
39647	米格	1	505772	95.353408
39648	米特朗	1	505773	95.353597
39649	米酒	1	505774	95.353786
39650	米象	1	505775	95.353975
39651	米開尼	1	505776	95.354164
39652	米開朗基羅	1	505777	95.354353
39653	米開朗基羅病毒	1	505778	95.354542
39654	米開蘭基羅	1	505779	95.354731
39655	米壽	1	505780	95.354920
39656	米製	1	505781	95.355109
39657	米諾斯	1	505782	95.355298
39658	米羅	1	505783	95.355487
39659	米羅島	1	505784	95.355676
39660	羊毛	1	505785	95.355865
39661	羊毛衣	1	505786	95.356054
39662	羊角	1	505787	95.356243
39663	羊角哀	1	505788	95.356432
39664	羊乳	1	505789	95.356621
39665	羊兒	1	505790	95.356810
39666	羊背石	1	505791	95.356999
39667	羊群	1	505792	95.357188
39668	羊膜穿刺	1	505793	95.357377
39669	羊蹄甲	1	505794	95.357566
39670	羽化登仙	1	505795	95.357755
39671	羽毛狀	1	505796	95.357944
39672	羽毛球	1	505797	95.358133
39673	羽毛撢子	1	505798	95.358322
39674	羽田企業	1	505799	95.358511
39675	羽田機場	1	505800	95.358700
39676	羽狀脈	1	505801	95.358889
39677	羽冠	1	505802	95.359078
39678	羽絨	1	505803	95.359267
39679	老人公寓	1	505804	95.359456
39680	老人社會福利	1	505805	95.359645
39681	老人病	1	505806	95.359834
39682	老人茶	1	505807	95.360023
39683	老人痴呆	1	505808	95.360212
39684	老人痴呆症	1	505809	95.360401
39685	老土	1	505810	95.360590
39686	老山參	1	505811	95.360779
39687	老六	1	505812	95.360968
39688	老公公	1	505813	95.361157
39689	老牛	1	505814	95.361346
39690	老王賣瓜	1	505815	95.361535
39691	老主管	1	505816	95.361724
39692	老古董	1	505817	95.361913
39693	老市區	1	505818	95.362102
39694	老本行	1	505819	95.362291
39695	老生	1	505820	95.362480
39696	老生常談	1	505821	95.362669
39697	老同學	1	505822	95.362858
39698	老奸巨滑	1	505823	95.363047
39699	老宅	1	505824	95.363236
39700	老年痴呆症	1	505825	95.363425
39701	老死不相往來	1	505826	95.363614
39702	老老少少	1	505827	95.363803
39703	老老實實	1	505828	95.363992
39704	老臣	1	505829	95.364181
39705	老命	1	505830	95.364370
39706	老妻	1	505831	95.364559
39707	老松國小	1	505832	95.364748
39708	老舍	1	505833	95.364937
39709	老花眼	1	505834	95.365126
39710	老花眼鏡	1	505835	95.365315
39711	老虎鉗	1	505836	95.365504
39712	老信東	1	505837	95.365693
39713	老哈河	1	505838	95.365882
39714	老城	1	505839	95.366071
39715	老美	1	505840	95.366260
39716	老哥	1	505841	95.366449
39717	老祖先	1	505842	95.366638
39718	老祖宗	1	505843	95.366827
39719	老神在在	1	505844	95.367016
39720	老蚌生珠	1	505845	95.367205
39721	老骨頭	1	505846	95.367394
39722	老埤農場	1	505847	95.367583
39723	老淚縱橫	1	505848	95.367772
39724	老莊	1	505849	95.367961
39725	老牌子	1	505850	95.368150
39726	老鄉	1	505851	95.368339
39727	老媽子	1	505852	95.368528
39728	老爺酒店	1	505853	95.368717
39729	老爺爺	1	505854	95.368906
39730	老路	1	505855	95.369095
39731	老路徑	1	505856	95.369284
39732	老農	1	505857	95.369473
39733	老頑童	1	505858	95.369662
39734	老僧	1	505859	95.369851
39735	老僧入定	1	505860	95.370040
39736	老境	1	505861	95.370229
39737	老夥伴	1	505862	95.370418
39738	老態龍鍾	1	505863	95.370607
39739	老蒼頭	1	505864	95.370796
39740	老遠	1	505865	95.370985
39741	老熟	1	505866	95.371174
39742	老練	1	505867	95.371363
39743	老編	1	505868	95.371552
39744	老鋪	1	505869	95.371741
39745	老學究	1	505870	95.371930
39746	老戲	1	505871	95.372119
39747	老戲迷	1	505872	95.372308
39748	老總	1	505873	95.372497
39749	老薑	1	505874	95.372686
39750	老鎮	1	505875	95.372875
39751	老饕	1	505876	95.373064
39752	考友	1	505877	95.373253
39753	考古研究所	1	505878	95.373442
39754	考古家	1	505879	95.373631
39755	考古隊	1	505880	95.373820
39756	考法	1	505881	95.374009
39757	考後症候群	1	505882	95.374198
39758	考訂	1	505883	95.374387
39759	考照	1	505884	95.374576
39760	考試局	1	505885	95.374765
39761	考試卷	1	505886	95.374954
39762	考試院長	1	505887	95.375143
39763	考慮再三	1	505888	95.375332
39764	考選部	1	505889	95.375521
39765	而立之年	1	505890	95.375710
39766	耳內神經	1	505891	95.375899
39767	耳孔	1	505892	95.376088
39768	耳光	1	505893	95.376277
39769	耳垂	1	505894	95.376466
39770	耳屋	1	505895	95.376655
39771	耳毒	1	505896	95.376844
39772	耳毒藥物	1	505897	95.377033
39773	耳科專家	1	505898	95.377222
39774	耳帶蝶魚	1	505899	95.377411
39775	耳痛	1	505900	95.377600
39776	耳順	1	505901	95.377789
39777	耳溫計	1	505902	95.377978
39778	耳罩	1	505903	95.378167
39779	耳鼓	1	505904	95.378356
39780	耳廓	1	505905	95.378545
39781	耳福	1	505906	95.378734
39782	耳際	1	505907	95.378923
39783	耳鼻喉	1	505908	95.379112
39784	耳鼻喉科學系	1	505909	95.379301
39785	耳邊風	1	505910	95.379490
39786	耳聾患者	1	505911	95.379679
39787	肉包子	1	505912	95.379868
39788	肉味	1	505913	95.380057
39789	肉芽腫	1	505914	95.380246
39790	肉屏風	1	505915	95.380435
39791	肉食性	1	505916	95.380624
39792	肉食性恐龍	1	505917	95.380813
39793	肉食動物	1	505918	95.381002
39794	肉香	1	505919	95.381191
39795	肉票	1	505920	95.381380
39796	肉販	1	505921	95.381569
39797	肉麻	1	505922	95.381758
39798	肉絲	1	505923	95.381947
39799	肉圓	1	505924	95.382136
39800	肉圓子	1	505925	95.382325
39801	肉搏	1	505926	95.382514
39802	肉搏戰	1	505927	95.382703
39803	肉價	1	505928	95.382892
39804	肉彈	1	505929	95.383081
39805	肉慾	1	505930	95.383270
39806	肉瘤	1	505931	95.383459
39807	肉質	1	505932	95.383648
39808	肉鋪	1	505933	95.383837
39809	肉羹	1	505934	95.384026
39810	肉體美	1	505935	95.384215
39811	肋骨牽開器	1	505936	95.384404
39812	肌肉痙攣	1	505937	95.384593
39813	肌張力	1	505938	95.384782
39814	肌無力症	1	505939	95.384971
39815	肌腹	1	505940	95.385160
39816	肌體	1	505941	95.385349
39817	臣子	1	505942	95.385538
39818	自力更生	1	505943	95.385727
39819	自小	1	505944	95.385916
39820	自今	1	505945	95.386105
39821	自主力	1	505946	95.386294
39822	自主化	1	505947	95.386483
39823	自古到今	1	505948	95.386672
39824	自用住宅	1	505949	95.386861
39825	自用客車	1	505950	95.387050
39826	自用資產	1	505951	95.387239
39827	自由人	1	505952	95.387428
39828	自由女神	1	505953	95.387617
39829	自由市場	1	505954	95.387806
39830	自由報	1	505955	95.387995
39831	自由發揮	1	505956	95.388184
39832	自由買賣	1	505957	95.388373
39833	自由貿易協定	1	505958	95.388562
39834	自由感	1	505959	95.388751
39835	自由業	1	505960	95.388940
39836	自由號	1	505961	95.389129
39837	自由舞蹈班	1	505962	95.389318
39838	自由競爭	1	505963	95.389507
39839	自由黨	1	505964	95.389696
39840	自立自強	1	505965	95.389885
39841	自刎	1	505966	95.390074
39842	自危	1	505967	95.390263
39843	自成一派	1	505968	95.390452
39844	自成一格	1	505969	95.390641
39845	自有不動產	1	505970	95.390830
39846	自有主張	1	505971	95.391019
39847	自有住宅	1	505972	95.391208
39848	自有資本	1	505973	95.391397
39849	自有資產	1	505974	95.391586
39850	自行車工業研發中心	1	505975	95.391775
39851	自行車業	1	505976	95.391964
39852	自住	1	505977	95.392153
39853	自助助人	1	505978	95.392342
39854	自助餐廳	1	505979	95.392531
39855	自告奮勇	1	505980	95.392720
39856	自找	1	505981	95.392909
39857	自投羅網	1	505982	95.393098
39858	自身難保	1	505983	95.393287
39859	自身權益	1	505984	95.393476
39860	自來水公司	1	505985	95.393665
39861	自來水管	1	505986	95.393854
39862	自取	1	505987	95.394043
39863	自命	1	505988	95.394232
39864	自命不凡	1	505989	95.394421
39865	自定	1	505990	95.394610
39866	自況	1	505991	95.394799
39867	自治化	1	505992	95.394988
39868	自治市長	1	505993	95.395177
39869	自治法庭	1	505994	95.395366
39870	自治新村	1	505995	95.395555
39871	自治權	1	505996	95.395744
39872	自勉	1	505997	95.395933
39873	自封	1	505998	95.396122
39874	自怨	1	505999	95.396311
39875	自怨自艾	1	506000	95.396500
39876	自恃	1	506001	95.396689
39877	自虐	1	506002	95.396878
39878	自重而人重	1	506003	95.397067
39879	自食其力	1	506004	95.397256
39880	自食苦果	1	506005	95.397445
39881	自食惡果	1	506006	95.397634
39882	自個兒	1	506007	95.397823
39883	自剖	1	506008	95.398012
39884	自娛	1	506009	95.398201
39885	自家人	1	506010	95.398390
39886	自耕農	1	506011	95.398579
39887	自討沒趣	1	506012	95.398768
39888	自動上肩式安全帶	1	506013	95.398957
39889	自動化生產	1	506014	95.399146
39890	自動安全帶	1	506015	95.399335
39891	自動恆溫空調系統	1	506016	95.399524
39892	自動控制門	1	506017	95.399713
39893	自動筆	1	506018	95.399902
39894	自動照明	1	506019	95.400091
39895	自動對焦	1	506020	95.400280
39896	自動點唱機	1	506021	95.400469
39897	自動轉帳	1	506022	95.400658
39898	自動灑水	1	506023	95.400847
39899	自強不息	1	506024	95.401036
39900	自強育樂營	1	506025	95.401225
39901	自強國小	1	506026	95.401414
39902	自強聯盟	1	506027	95.401603
39903	自控	1	506028	95.401792
39904	自控力	1	506029	95.401981
39905	自排車	1	506030	95.402170
39906	自排變速系統	1	506031	95.402359
39907	自救系統	1	506032	95.402548
39908	自救委員會	1	506033	95.402737
39909	自處	1	506034	95.402926
39910	自閉	1	506035	95.403115
39911	自尋短見	1	506036	95.403304
39912	自悲	1	506037	95.403493
39913	自然人	1	506038	95.403682
39914	自然主義婚紗攝影	1	506039	95.403871
39915	自然史	1	506040	95.404060
39916	自然史博館	1	506041	95.404249
39917	自然生態保護區	1	506042	95.404438
39918	自然死亡率	1	506043	95.404627
39919	自然吸氣引擎	1	506044	95.404816
39920	自然步道	1	506045	95.405005
39921	自然星占學	1	506046	95.405194
39922	自然科學中心	1	506047	95.405383
39923	自然神	1	506048	95.405572
39924	自然捲	1	506049	95.405761
39925	自然淨化作用	1	506050	95.405950
39926	自然進氣引擎	1	506051	95.406139
39927	自然歷史博物館	1	506052	95.406328
39928	自然營	1	506053	95.406517
39929	自畫像	1	506054	95.406706
39930	自裁	1	506055	95.406895
39931	自視甚高	1	506056	95.407084
39932	自註	1	506057	95.407273
39933	自訴	1	506058	95.407462
39934	自亂陣腳	1	506059	95.407651
39935	自傳式	1	506060	95.407840
39936	自會	1	506061	95.408029
39937	自毀	1	506062	95.408218
39938	自毀前程	1	506063	95.408407
39939	自溺	1	506064	95.408596
39940	自號	1	506065	95.408785
39941	自嘆	1	506066	95.408974
39942	自製率	1	506067	95.409163
39943	自認為	1	506068	95.409352
39944	自鳴清高	1	506069	95.409541
39945	自彈自唱	1	506070	95.409730
39946	自樂	1	506071	95.409919
39947	自學考試	1	506072	95.410108
39948	自學委會	1	506073	95.410297
39949	自縊	1	506074	95.410486
39950	自勵	1	506075	95.410675
39951	自擬	1	506076	95.410864
39952	自斃	1	506077	95.411053
39953	自謙	1	506078	95.411242
39954	自醫	1	506079	95.411431
39955	自願信託	1	506080	95.411620
39956	自願捐獻法	1	506081	95.411809
39957	自願就學班	1	506082	95.411998
39958	自覺症狀	1	506083	95.412187
39959	自顧不暇	1	506084	95.412376
39960	自戀	1	506085	95.412565
39961	至友	1	506086	95.412754
39962	至多	1	506087	95.412943
39963	至死不休	1	506088	95.413132
39964	至高無上	1	506089	95.413321
39965	至理	1	506090	95.413510
39966	至喜記	1	506091	95.413699
39967	至喜堂	1	506092	95.413888
39968	至尊特警	1	506093	95.414077
39969	至尊機器終結者	1	506094	95.414266
39970	至善至美	1	506095	95.414455
39971	至善廳	1	506096	95.414644
39972	至愛	1	506097	95.414833
39973	至愛園	1	506098	95.415022
39974	至鉅	1	506099	95.415211
39975	至德堂	1	506100	95.415400
39976	至親	1	506101	95.415589
39977	舌尖	1	506102	95.415778
39978	舌戰	1	506103	95.415967
39979	舌燦蓮花	1	506104	95.416156
39980	舛蹙	1	506105	95.416345
39981	舟船	1	506106	95.416534
39982	色界	1	506107	95.416723
39983	色香味俱全	1	506108	95.416912
39984	色情刊物	1	506109	95.417101
39985	色情陷阱	1	506110	95.417290
39986	色通	1	506111	95.417479
39987	色塊	1	506112	95.417668
39988	色褪不包	1	506113	95.417857
39989	艾丁湖	1	506114	95.418046
39990	艾力耶	1	506115	95.418235
39991	艾文	1	506116	95.418424
39992	艾比	1	506117	95.418613
39993	艾弗隆比	1	506118	95.418802
39994	艾沙古伊爾黏土板	1	506119	95.418991
39995	艾金生	1	506120	95.419180
39996	艾勃	1	506121	95.419369
39997	艾咪‧匹娃舞團	1	506122	95.419558
39998	艾科卡	1	506123	95.419747
39999	艾美	1	506124	95.419936
40000	艾美愛雲	1	506125	95.420125
40001	艾迪遜	1	506126	95.420314
40002	艾倫‧奈爾	1	506127	95.420503
40003	艾恩‧史帝芬生	1	506128	95.420692
40004	艾時	1	506129	95.420881
40005	艾格爾雪峰	1	506130	95.421070
40006	艾茲克相機	1	506131	95.421259
40007	艾茲那佛	1	506132	95.421448
40008	艾勒碧	1	506133	95.421637
40009	艾敏穆勒史塔	1	506134	95.421826
40010	艾莉絲法拉	1	506135	95.422015
40011	艾斯林敦	1	506136	95.422204
40012	艾登卡辨識系統	1	506137	95.422393
40013	艾敬	1	506138	95.422582
40014	艾瑞莎富蘭克林	1	506139	95.422771
40015	艾爾西	1	506140	95.422960
40016	艾爾湖	1	506141	95.423149
40017	艾瑪	1	506142	95.423338
40018	艾維斯‧普里斯萊	1	506143	95.423527
40019	艾維斯普利斯萊	1	506144	95.423716
40020	艾德‧沙利文	1	506145	95.423905
40021	艾德加‧米歇爾	1	506146	95.424094
40022	血小板	1	506147	95.424283
40023	血水	1	506148	95.424472
40024	血本	1	506149	95.424661
40025	血本無歸	1	506150	95.424850
40026	血肉之軀	1	506151	95.425039
40027	血行	1	506152	95.425228
40028	血吸蟲	1	506153	95.425417
40029	血吸蟲病	1	506154	95.425606
40030	血泊	1	506155	95.425795
40031	血便	1	506156	95.425984
40032	血流成河	1	506157	95.426173
40033	血紅素	1	506158	95.426362
40034	血容量	1	506159	95.426551
40035	血書	1	506160	95.426740
40036	血案	1	506161	95.426929
40037	血氣	1	506162	95.427118
40038	血氧	1	506163	95.427307
40039	血脈賁張	1	506164	95.427496
40040	血液中心	1	506165	95.427685
40041	血液稀釋劑	1	506166	95.427874
40042	血液管理中心	1	506167	95.428063
40043	血液製劑	1	506168	95.428252
40044	血清	1	506169	95.428441
40045	血球	1	506170	95.428630
40046	血細胞	1	506171	95.428819
40047	血絲蟲病	1	506172	95.429008
40048	血管硬化	1	506173	95.429197
40049	血管瘤	1	506174	95.429386
40050	血精	1	506175	95.429575
40051	血槳	1	506176	95.429764
40052	血凝塊	1	506177	95.429953
40053	血濃於水	1	506178	95.430142
40054	血膽固醇	1	506179	95.430331
40055	血黏度	1	506180	95.430520
40056	血證	1	506181	95.430709
40057	行人穿越道	1	506182	95.430898
40058	行人道	1	506183	95.431087
40059	行乞	1	506184	95.431276
40060	行兇	1	506185	95.431465
40061	行同陌路	1	506186	95.431654
40062	行色	1	506187	95.431843
40063	行李箱	1	506188	95.432032
40064	行受	1	506189	95.432221
40065	行幸	1	506190	95.432410
40066	行房	1	506191	95.432599
40067	行舍	1	506192	95.432788
40068	行長	1	506193	95.432977
40069	行屍	1	506194	95.433166
40070	行政首都	1	506195	95.433355
40071	行政院主計處	1	506196	95.433544
40072	行政院研考會主任委員	1	506197	95.433733
40073	行政院科技顧問組	1	506198	95.433922
40074	行政院國家科學委員會	1	506199	95.434111
40075	行政院陸委會	1	506200	95.434300
40076	行政院新聞局	1	506201	95.434489
40077	行政區域	1	506202	95.434678
40078	行政處	1	506203	95.434867
40079	行政裁量權	1	506204	95.435056
40080	行政訴訟	1	506205	95.435245
40081	行星系	1	506206	95.435434
40082	行星狀星雲	1	506207	95.435623
40083	行星帶	1	506208	95.435812
40084	行星群	1	506209	95.436001
40085	行為治療	1	506210	95.436190
40086	行為科學	1	506211	95.436379
40087	行為特質	1	506212	95.436568
40088	行為規範	1	506213	95.436757
40089	行為模式	1	506214	95.436946
40090	行為療法	1	506215	95.437135
40091	行省	1	506216	95.437324
40092	行軍	1	506217	95.437513
40093	行家一出手，便知有沒有	1	506218	95.437702
40094	行旅	1	506219	95.437891
40095	行氣	1	506220	95.438080
40096	行酒	1	506221	95.438269
40097	行動力	1	506222	95.438458
40098	行動不便者	1	506223	95.438647
40099	行動能力	1	506224	95.438836
40100	行動處	1	506225	95.439025
40101	行商	1	506226	95.439214
40102	行控中心	1	506227	95.439403
40103	行規	1	506228	95.439592
40104	行款	1	506229	95.439781
40105	行程表	1	506230	95.439970
40106	行雲流水	1	506231	95.440159
40107	行搶	1	506232	95.440348
40108	行腳	1	506233	95.440537
40109	行遍	1	506234	95.440726
40110	行歌	1	506235	95.440915
40111	行賞	1	506236	95.441104
40112	行銷協理	1	506237	95.441293
40113	行銷部	1	506238	95.441482
40114	行銷傳播	1	506239	95.441671
40115	行銷網路	1	506240	95.441860
40116	行銷學	1	506241	95.442049
40117	行銷戰	1	506242	95.442238
40118	行銷戰略	1	506243	95.442427
40119	行銷聯盟	1	506244	95.442616
40120	行憲	1	506245	95.442805
40121	行憲紀念日	1	506246	95.442994
40122	行頭	1	506247	95.443183
40123	行館	1	506248	95.443372
40124	行竊	1	506249	95.443561
40125	衣扣	1	506250	95.443750
40126	衣角	1	506251	95.443939
40127	衣冠	1	506252	95.444128
40128	衣冠禽獸	1	506253	95.444317
40129	衣架子	1	506254	95.444506
40130	衣衫	1	506255	95.444695
40131	衣食	1	506256	95.444884
40132	衣食住行	1	506257	95.445073
40133	衣食無缺	1	506258	95.445262
40134	衣食無虞	1	506259	95.445451
40135	衣原體抗體	1	506260	95.445640
40136	衣原體感染	1	506261	95.445829
40137	衣索匹亞正教	1	506262	95.446018
40138	衣索比亞	1	506263	95.446207
40139	衣缽	1	506264	95.446396
40140	衣袖	1	506265	95.446585
40141	衣帽架	1	506266	95.446774
40142	衣飾	1	506267	95.446963
40143	衣錦榮歸	1	506268	95.447152
40144	衣錦還鄉	1	506269	95.447341
40145	西乃	1	506270	95.447530
40146	西化	1	506271	95.447719
40147	西天	1	506272	95.447908
40148	西太平洋	1	506273	95.448097
40149	西太后	1	506274	95.448286
40150	西巴丹	1	506275	95.448475
40151	西方之珠	1	506276	95.448664
40152	西方文化	1	506277	95.448853
40153	西方社會	1	506278	95.449042
40154	西方語言	1	506279	95.449231
40155	西水泉	1	506280	95.449420
40156	西水泉類型	1	506281	95.449609
40157	西片商	1	506282	95.449798
40158	西北方	1	506283	95.449987
40159	西北歐	1	506284	95.450176
40160	西瓜棒	1	506285	95.450365
40161	西瓜藤	1	506286	95.450554
40162	西生菜	1	506287	95.450743
40163	西西	1	506288	95.450932
40164	西西史派克	1	506289	95.451121
40165	西伯利亞地區	1	506290	95.451310
40166	西伯利亞橫貫鐵路	1	506291	95.451499
40167	西伯利亞營	1	506292	95.451688
40168	西更	1	506293	95.451877
40169	西沙群島	1	506294	95.452066
40170	西那加格蘭	1	506295	95.452255
40171	西岸	1	506296	95.452444
40172	西帕丹島	1	506297	95.452633
40173	西拉雅族	1	506298	95.452822
40174	西昌市	1	506299	95.453011
40175	西林書院	1	506300	95.453200
40176	西松國小	1	506301	95.453389
40177	西門無恨	1	506302	95.453578
40178	西門慶	1	506303	95.453767
40179	西亭書院	1	506304	95.453956
40180	西南向	1	506305	95.454145
40181	西南夷	1	506306	95.454334
40182	西南角堡	1	506307	95.454523
40183	西南非	1	506308	95.454712
40184	西城故事	1	506309	95.454901
40185	西洋梨	1	506310	95.455090
40186	西洋棋	1	506311	95.455279
40187	西洋畫	1	506312	95.455468
40188	西班牙文	1	506313	95.455657
40189	西班牙話	1	506314	95.455846
40190	西陣織會館	1	506315	95.456035
40191	西區	1	506316	95.456224
40192	西域聞見錄	1	506317	95.456413
40193	西清詩府	1	506318	95.456602
40194	西部牛仔	1	506319	95.456791
40195	西廂	1	506320	95.456980
40196	西湖工商	1	506321	95.457169
40197	西番蓮	1	506322	95.457358
40198	西華	1	506323	95.457547
40199	西華門	1	506324	95.457736
40200	西塔廟	1	506325	95.457925
40201	西奧托曼帝國	1	506326	95.458114
40202	西新井	1	506327	95.458303
40203	西楚霸王	1	506328	95.458492
40204	西裝畢挺	1	506329	95.458681
40205	西電公司	1	506330	95.458870
40206	西爾斯百貨	1	506331	95.459059
40207	西蒙古	1	506332	95.459248
40208	西歐人	1	506333	95.459437
40209	西歐佛島	1	506334	95.459626
40210	西潮	1	506335	95.459815
40211	西學	1	506336	95.460004
40212	西澳	1	506337	95.460193
40213	西諺	1	506338	95.460382
40214	西餐館	1	506339	95.460571
40215	西嶼坪	1	506340	95.460760
40216	西濱快速道路	1	506341	95.460949
40217	西環	1	506342	95.461138
40218	西點	1	506343	95.461327
40219	西藏文物展	1	506344	95.461516
40220	西藏高原	1	506345	95.461705
40221	西薩摩亞群島	1	506346	95.461894
40222	西藥	1	506347	95.462083
40223	西藥房	1	506348	95.462272
40224	西關廂	1	506349	95.462461
40225	西壩	1	506350	95.462650
40226	串位	1	506351	95.462839
40227	串門	1	506352	95.463028
40228	串門子	1	506353	95.463217
40229	串起	1	506354	95.463406
40230	串謀	1	506355	95.463595
40231	亨弗萊‧鮑嘉	1	506356	95.463784
40232	亨利‧米修	1	506357	95.463973
40233	亨利五世	1	506358	95.464162
40234	亨利航海王	1	506359	95.464351
40235	亨通	1	506360	95.464540
40236	位元	1	506361	95.464729
40237	位能	1	506362	95.464918
40238	位高權重	1	506363	95.465107
40239	位處	1	506364	95.465296
40240	位置圖	1	506365	95.465485
40241	住友集團	1	506366	95.465674
40242	住手	1	506367	95.465863
40243	住者有其屋	1	506368	95.466052
40244	住校	1	506369	95.466241
40245	住院醫生	1	506370	95.466430
40246	住商大廈	1	506371	95.466619
40247	住商用地	1	506372	95.466808
40248	佇足	1	506373	95.466997
40249	佇候	1	506374	95.467186
40250	伴生動物	1	506375	95.467375
40251	伴我縱橫	1	506376	95.467564
40252	伴舞	1	506377	95.467753
40253	佛土	1	506378	95.467942
40254	佛手瓜	1	506379	95.468131
40255	佛牙	1	506380	95.468320
40256	佛光	1	506381	95.468509
40257	佛光山	1	506382	95.468698
40258	佛光山文教會	1	506383	95.468887
40259	佛光會	1	506384	95.469076
40260	佛印	1	506385	95.469265
40261	佛性	1	506386	95.469454
40262	佛陀山	1	506387	95.469643
40263	佛陀舍利塔	1	506388	95.469832
40264	佛洛依德	1	506389	95.470021
40265	佛家	1	506390	95.470210
40266	佛恩	1	506391	95.470399
40267	佛書	1	506392	95.470588
40268	佛格士	1	506393	95.470777
40269	佛國	1	506394	95.470966
40270	佛畫	1	506395	95.471155
40271	佛萊德利克多爾佛萊德利克森	1	506396	95.471344
40272	佛爺	1	506397	95.471533
40273	佛道	1	506398	95.471722
40274	佛濟	1	506399	95.471911
40275	佛羅里達半島	1	506400	95.472100
40276	佛羅里達州	1	506401	95.472289
40277	佛羅倫斯	1	506402	95.472478
40278	佛羅倫戲劇學校	1	506403	95.472667
40279	佛蘭克卡普拉	1	506404	95.472856
40280	佛偈	1	506405	95.473045
40281	佛龕	1	506406	95.473234
40282	何人	1	506407	95.473423
40283	何干	1	506408	95.473612
40284	何內	1	506409	95.473801
40285	何日君再來	1	506410	95.473990
40286	何止	1	506411	95.474179
40287	何仙姑	1	506412	95.474368
40288	何弘	1	506413	95.474557
40289	何必情死	1	506414	95.474746
40290	何伯特‧皮爾遜	1	506415	95.474935
40291	何忍	1	506416	95.475124
40292	何其	1	506417	95.475313
40293	何杰金氏淋巴瘤	1	506418	95.475502
40294	何首烏	1	506419	95.475691
40295	何家驊	1	506420	95.475880
40296	何峻	1	506421	95.476069
40297	何振梁	1	506422	95.476258
40298	何景賢	1	506423	95.476447
40299	何進財	1	506424	95.476636
40300	何須	1	506425	95.476825
40301	何翠瑛	1	506426	95.477014
40302	何德何能	1	506427	95.477203
40303	何樂不為	1	506428	95.477392
40304	何賽飛	1	506429	95.477581
40305	佐佐木舜	1	506430	95.477770
40306	佐助	1	506431	95.477959
40307	佐料	1	506432	95.478148
40308	佐理	1	506433	95.478337
40309	佐野周二	1	506434	95.478526
40310	佐藤章夫	1	506435	95.478715
40311	伽利略太空船	1	506436	95.478904
40312	伽藍	1	506437	95.479093
40313	伺服	1	506438	95.479282
40314	伸入	1	506439	95.479471
40315	伸手不見五指	1	506440	95.479660
40316	伸肘	1	506441	95.479849
40317	伸展性	1	506442	95.480038
40318	伸展臺	1	506443	95.480227
40319	伸援	1	506444	95.480416
40320	伸援手	1	506445	95.480605
40321	伸開	1	506446	95.480794
40322	伸論	1	506447	95.480983
40323	伸頸	1	506448	95.481172
40324	伸縮鏡頭	1	506449	95.481361
40325	佔上風	1	506450	95.481550
40326	佔用	1	506451	95.481739
40327	佔地	1	506452	95.481928
40328	佔為己有	1	506453	95.482117
40329	佔據點	1	506454	95.482306
40330	似水流年	1	506455	95.482495
40331	似有若無	1	506456	95.482684
40332	似是而非	1	506457	95.482873
40333	似懂非懂	1	506458	95.483062
40334	但見	1	506459	95.483251
40335	但書	1	506460	95.483440
40336	但憑	1	506461	95.483629
40337	作手	1	506462	95.483818
40338	作文課	1	506463	95.484007
40339	作文簿	1	506464	95.484196
40340	作古	1	506465	95.484385
40341	作奸犯科	1	506466	95.484574
40342	作伴	1	506467	95.484763
40343	作弄	1	506468	95.484952
40344	作秀	1	506469	95.485141
40345	作育	1	506470	95.485330
40346	作事	1	506471	95.485519
40347	作者權	1	506472	95.485708
40348	作保	1	506473	95.485897
40349	作料	1	506474	95.486086
40350	作假	1	506475	95.486275
40351	作巢	1	506476	95.486464
40352	作帳	1	506477	95.486653
40353	作梗	1	506478	95.486842
40354	作票	1	506479	95.487031
40355	作惡	1	506480	95.487220
40356	作筆記	1	506481	95.487409
40357	作筆錄	1	506482	95.487598
40358	作結	1	506483	95.487787
40359	作詞	1	506484	95.487976
40360	作亂	1	506485	95.488165
40361	作愛	1	506486	95.488354
40362	作業系統	1	506487	95.488543
40363	作業系統軟體	1	506488	95.488732
40364	作業指導室	1	506489	95.488921
40365	作業簿	1	506490	95.489110
40366	作態	1	506491	95.489299
40367	作價	1	506492	95.489488
40368	作賤	1	506493	95.489677
40369	作聲	1	506494	95.489866
40370	你我	1	506495	95.490055
40371	你推我擠	1	506496	95.490244
40372	你儂我儂	1	506497	95.490433
40373	伯公壠遺址	1	506498	95.490622
40374	伯母	1	506499	95.490811
40375	伯亞斯	1	506500	95.491000
40376	伯特利	1	506501	95.491189
40377	伯勞	1	506502	95.491378
40378	伯勞鳥	1	506503	95.491567
40379	伯爵	1	506504	95.491756
40380	伯爵山莊	1	506505	95.491945
40381	伯爵表	1	506506	95.492134
40382	伯羅奔尼撒半島	1	506507	95.492323
40383	低凹	1	506508	95.492512
40384	低伸	1	506509	95.492701
40385	低利	1	506510	95.492890
40386	低利貸款	1	506511	95.493079
40387	低所得	1	506512	95.493268
40388	低眉斂目	1	506513	95.493457
40389	低音	1	506514	95.493646
40390	低弱	1	506515	95.493835
40391	低能	1	506516	95.494024
40392	低能兒	1	506517	95.494213
40393	低迴	1	506518	95.494402
40394	低控制臂	1	506519	95.494591
40395	低接	1	506520	95.494780
40396	低速檔	1	506521	95.494969
40397	低單價	1	506522	95.495158
40398	低等	1	506523	95.495347
40399	低訴	1	506524	95.495536
40400	低貶	1	506525	95.495725
40401	低鈉鹽	1	506526	95.495914
40402	低微	1	506527	95.496103
40403	低溫體溫計	1	506528	95.496292
40404	低腰	1	506529	95.496481
40405	低暢	1	506530	95.496670
40406	低窪地	1	506531	95.496859
40407	低聚糖	1	506532	95.497048
40408	低鳴	1	506533	95.497237
40409	低廣角	1	506534	95.497426
40410	低熱量	1	506535	95.497615
40411	低賤	1	506536	95.497804
40412	低糖	1	506537	95.497993
40413	低壓力	1	506538	95.498182
40414	低濕	1	506539	95.498371
40415	低薪	1	506540	95.498560
40416	低薪資	1	506541	95.498749
40417	低懸	1	506542	95.498938
40418	余天	1	506543	95.499127
40419	余太	1	506544	95.499316
40420	余玉照	1	506545	95.499505
40421	余各錦	1	506546	95.499694
40422	余紀忠	1	506547	95.499883
40423	余家	1	506548	95.500072
40424	余淑芬	1	506549	95.500261
40425	余皓然	1	506550	95.500450
40426	余澤元	1	506551	95.500639
40427	余濟	1	506552	95.500828
40428	余鴻	1	506553	95.501017
40429	余繞理	1	506554	95.501206
40430	余懷在	1	506555	95.501395
40431	余麗玲	1	506556	95.501584
40432	佈置品	1	506557	95.501773
40433	佈道家	1	506558	95.501962
40434	佈樁	1	506559	95.502151
40435	佚名	1	506560	95.502340
40436	佚事	1	506561	95.502529
40437	兌換率	1	506562	95.502718
40438	兌款	1	506563	95.502907
40439	克什米爾	1	506564	95.503096
40440	克分子	1	506565	95.503285
40441	克夫	1	506566	95.503474
40442	克氏小丑魚	1	506567	95.503663
40443	克瓦納灣	1	506568	95.503852
40444	克利斯	1	506569	95.504041
40445	克利斯汀	1	506570	95.504230
40446	克利斯傑若莫	1	506571	95.504419
40447	克孜爾石窟	1	506572	95.504608
40448	克孜爾鎮	1	506573	95.504797
40449	克希霍夫	1	506574	95.504986
40450	克里桑提	1	506575	95.505175
40451	克里曼角峰	1	506576	95.505364
40452	克里族人	1	506577	95.505553
40453	克里斯尤寧	1	506578	95.505742
40454	克里斯汀	1	506579	95.505931
40455	克里斯多夫‧摩雷	1	506580	95.506120
40456	克里斯多佛李	1	506581	95.506309
40457	克拉克蓋博	1	506582	95.506498
40458	克拉蚩	1	506583	95.506687
40459	克林頓	1	506584	95.506876
40460	克苦耐勞	1	506585	95.507065
40461	克卿	1	506586	95.507254
40462	克朗普頓	1	506587	95.507443
40463	克莉斯塔	1	506588	95.507632
40464	克勞塞維茲	1	506589	95.507821
40465	克萊恩	1	506590	95.508010
40466	克萊斯勒汽車	1	506591	95.508199
40467	克萊頓環境顧問公司	1	506592	95.508388
40468	克萊蒙	1	506593	95.508577
40469	克敵致勝	1	506594	95.508766
40470	克魯斯頓	1	506595	95.508955
40471	克蟑	1	506596	95.509144
40472	克羅	1	506597	95.509333
40473	克羅地亞人	1	506598	95.509522
40474	克羅西	1	506599	95.509711
40475	克羅福特	1	506600	95.509900
40476	克麗奧佩特拉	1	506601	95.510089
40477	免付	1	506602	95.510278
40478	免去	1	506603	95.510467
40479	免疫性不孕	1	506604	95.510656
40480	免疫法	1	506605	95.510845
40481	免疫能力	1	506606	95.511034
40482	免息	1	506607	95.511223
40483	免費巴士	1	506608	95.511412
40484	免費醫療補助證	1	506609	95.511601
40485	免費醫療證	1	506610	95.511790
40486	免煩惱	1	506611	95.511979
40487	免罪	1	506612	95.512168
40488	免徵	1	506613	95.512357
40489	免辦	1	506614	95.512546
40490	免職	1	506615	95.512735
40491	兵工廠	1	506616	95.512924
40492	兵分兩路	1	506617	95.513113
40493	兵戎相見	1	506618	95.513302
40494	兵卒	1	506619	95.513491
40495	兵法	1	506620	95.513680
40496	兵家必爭	1	506621	95.513869
40497	兵家必爭之地	1	506622	95.514058
40498	兵庫縣	1	506623	95.514247
40499	兵馬	1	506624	95.514436
40500	兵燹黃泛	1	506625	95.514625
40501	冶容	1	506626	95.514814
40502	冶煉	1	506627	95.515003
40503	冶鍊	1	506628	95.515192
40504	冶豔感	1	506629	95.515381
40505	冷冰冰	1	506630	95.515570
40506	冷血動物	1	506631	95.515759
40507	冷冷地	1	506632	95.515948
40508	冷冽	1	506633	95.516137
40509	冷空氣	1	506634	95.516326
40510	冷卻盤整期	1	506635	95.516515
40511	冷卻劑	1	506636	95.516704
40512	冷若冰霜	1	506637	95.516893
40513	冷凍法	1	506638	95.517082
40514	冷凍蔬菜	1	506639	95.517271
40515	冷飲店	1	506640	95.517460
40516	冷飲攤	1	506641	95.517649
40517	冷意	1	506642	95.517838
40518	冷暖不定	1	506643	95.518027
40519	冷暖氣	1	506644	95.518216
40520	冷漠無情	1	506645	95.518405
40521	冷僻	1	506646	95.518594
40522	冷嘲熱諷	1	506647	95.518783
40523	冷盤	1	506648	95.518972
40524	冷調	1	506649	95.519161
40525	冷鋒	1	506650	95.519350
40526	冷凝劑	1	506651	95.519539
40527	冷澀	1	506652	95.519728
40528	冷藏	1	506653	95.519917
40529	冷藏室	1	506654	95.520106
40530	冷顫	1	506655	95.520295
40531	別人家	1	506656	95.520484
40532	別出	1	506657	95.520673
40533	別名	1	506658	95.520862
40534	別有風味	1	506659	95.521051
40535	別具用心	1	506660	95.521240
40536	別具意義	1	506661	95.521429
40537	別急	1	506662	95.521618
40538	別家	1	506663	95.521807
40539	別峰	1	506664	95.521996
40540	別無他法	1	506665	95.522185
40541	別想	1	506666	95.522374
40542	別號	1	506667	95.522563
40543	別漏氣	1	506668	95.522752
40544	別闖陰陽界	1	506669	95.522941
40545	判例	1	506670	95.523130
40546	判例法	1	506671	95.523319
40547	判官圖	1	506672	95.523508
40548	判斷書	1	506673	95.523697
40549	利己	1	506674	95.523886
40550	利己主義	1	506675	95.524075
40551	利己利人	1	506676	95.524264
40552	利多卡因	1	506677	95.524453
40553	利安納德‧喬治	1	506678	95.524642
40554	利尿劑	1	506679	95.524831
40555	利物浦	1	506680	95.525020
40556	利害得失	1	506681	95.525209
40557	利害關係	1	506682	95.525398
40558	利差	1	506683	95.525587
40559	利益共同體	1	506684	95.525776
40560	利益率	1	506685	95.525965
40561	利益點	1	506686	95.526154
40562	利馬卡波山	1	506687	95.526343
40563	利得	1	506688	95.526532
40564	利瑪竇	1	506689	95.526721
40565	利誘	1	506690	95.526910
40566	利劍	1	506691	95.527099
40567	利澤國小	1	506692	95.527288
40568	利藪	1	506693	95.527477
40569	利尻龍膽	1	506694	95.527666
40570	刪剪	1	506695	95.527855
40571	刪換	1	506696	95.528044
40572	刪節版	1	506697	95.528233
40573	刨土	1	506698	95.528422
40574	劫後餘生	1	506699	95.528611
40575	劫財	1	506700	95.528800
40576	劫殺	1	506701	95.528989
40577	劫數	1	506702	95.529178
40578	劫數難逃	1	506703	95.529367
40579	劫難	1	506704	95.529556
40580	助益匪淺	1	506705	95.529745
40581	助教授	1	506706	95.529934
40582	助理國務卿	1	506707	95.530123
40583	助理處長	1	506708	95.530312
40584	助理駕駛	1	506709	95.530501
40585	助產	1	506710	95.530690
40586	助跑	1	506711	95.530879
40587	助養人	1	506712	95.531068
40588	助學	1	506713	95.531257
40589	助學金	1	506714	95.531446
40590	助講	1	506715	95.531635
40591	努比亞人	1	506716	95.531824
40592	努爾哈齊	1	506717	95.532013
40593	匣子	1	506718	95.532202
40594	即便	1	506719	95.532391
40595	即席演說	1	506720	95.532580
40596	即興式	1	506721	95.532769
40597	卵生	1	506722	95.532958
40598	卵形	1	506723	95.533147
40599	卵型	1	506724	95.533336
40600	卵巢癌	1	506725	95.533525
40601	卵粒	1	506726	95.533714
40602	卵磷脂	1	506727	95.533903
40603	吭聲	1	506728	95.534092
40604	吞舟之魚	1	506729	95.534281
40605	吞沒	1	506730	95.534470
40606	吞金	1	506731	95.534659
40607	吞雲吐霧	1	506732	95.534848
40608	否決權	1	506733	95.535037
40609	否極泰來	1	506734	95.535226
40610	呆子	1	506735	95.535415
40611	呆水位	1	506736	95.535604
40612	呆呆	1	506737	95.535793
40613	呆床	1	506738	95.535982
40614	呆滯	1	506739	95.536171
40615	呆頭呆腦	1	506740	95.536360
40616	吳三桂	1	506741	95.536549
40617	吳三桂與陳圓圓	1	506742	95.536738
40618	吳三連	1	506743	95.536927
40619	吳三連散文獎	1	506744	95.537116
40620	吳大維	1	506745	95.537305
40621	吳子丹	1	506746	95.537494
40622	吳牛喘月	1	506747	95.537683
40623	吳王	1	506748	95.537872
40624	吳正富	1	506749	95.538061
40625	吳永剛	1	506750	95.538250
40626	吳宇森	1	506751	95.538439
40627	吳有家	1	506752	95.538628
40628	吳自牧	1	506753	95.538817
40629	吳延環	1	506754	95.539006
40630	吳忠吉	1	506755	95.539195
40631	吳東進	1	506756	95.539384
40632	吳東賢	1	506757	95.539573
40633	吳信緯	1	506758	95.539762
40634	吳俊霖	1	506759	95.539951
40635	吳俗	1	506760	95.540140
40636	吳建昌	1	506761	95.540329
40637	吳建國	1	506762	95.540518
40638	吳思忠	1	506763	95.540707
40639	吳思遠	1	506764	95.540896
40640	吳思鍾	1	506765	95.541085
40641	吳政憲	1	506766	95.541274
40642	吳英璋	1	506767	95.541463
40643	吳哲	1	506768	95.541652
40644	吳恩文	1	506769	95.541841
40645	吳晉淮	1	506770	95.542030
40646	吳曼雲	1	506771	95.542219
40647	吳國	1	506772	95.542408
40648	吳梅村	1	506773	95.542597
40649	吳梅東	1	506774	95.542786
40650	吳淑珍	1	506775	95.542975
40651	吳盛順	1	506776	95.543164
40652	吳郭義	1	506777	95.543353
40653	吳博全	1	506778	95.543542
40654	吳惠林	1	506779	95.543731
40655	吳敦	1	506780	95.543920
40656	吳欽智	1	506781	95.544109
40657	吳舜文傳	1	506782	95.544298
40658	吳越文化	1	506783	95.544487
40659	吳傳成	1	506784	95.544676
40660	吳萬	1	506785	95.544865
40661	吳經國	1	506786	95.545054
40662	吳經熊	1	506787	95.545243
40663	吳義雄	1	506788	95.545432
40664	吳質義	1	506789	95.545621
40665	吳學謙	1	506790	95.545810
40666	吳濁流	1	506791	95.545999
40667	吳興街	1	506792	95.546188
40668	吳錫源	1	506793	95.546377
40669	吳靜嫻	1	506794	95.546566
40670	吳鴻禧	1	506795	95.546755
40671	吳鐵雄	1	506796	95.546944
40672	呈交	1	506797	95.547133
40673	呈准	1	506798	95.547322
40674	呈展	1	506799	95.547511
40675	呈遞	1	506800	95.547700
40676	呂綉菱	1	506801	95.547889
40677	呂公著	1	506802	95.548078
40678	呂玉虛	1	506803	95.548267
40679	呂克貝松	1	506804	95.548456
40680	呂宋島	1	506805	95.548645
40681	呂貝克	1	506806	95.548834
40682	呂坤傳	1	506807	95.549023
40683	呂明賜	1	506808	95.549212
40684	呂芳契	1	506809	95.549401
40685	呂洞賓	1	506810	95.549590
40686	呂茂雄	1	506811	95.549779
40687	呂理聖	1	506812	95.549968
40688	呂景蒙	1	506813	95.550157
40689	呂溪木	1	506814	95.550346
40690	呂榮海	1	506815	95.550535
40691	呂端	1	506816	95.550724
40692	呂蒙正	1	506817	95.550913
40693	呂赫若	1	506818	95.551102
40694	呂麗莉	1	506819	95.551291
40695	呂鑾昌	1	506820	95.551480
40696	君士坦丁堡	1	506821	95.551669
40697	君子之交	1	506822	95.551858
40698	君長	1	506823	95.552047
40699	告示板	1	506824	95.552236
40700	告別作	1	506825	95.552425
40701	告別信	1	506826	95.552614
40702	告別紫禁城	1	506827	95.552803
40703	告吹	1	506828	95.552992
40704	告狀	1	506829	95.553181
40705	告票	1	506830	95.553370
40706	告貸	1	506831	95.553559
40707	告慰	1	506832	95.553748
40708	吹入	1	506833	95.553937
40709	吹回	1	506834	95.554126
40710	吹走	1	506835	95.554315
40711	吹拂	1	506836	95.554504
40712	吹風機	1	506837	95.554693
40713	吹倒	1	506838	95.554882
40714	吹破	1	506839	95.555071
40715	吹起來	1	506840	95.555260
40716	吹送	1	506841	95.555449
40717	吹掠	1	506842	95.555638
40718	吹笛	1	506843	95.555827
40719	吹熄	1	506844	95.556016
40720	吹管	1	506845	95.556205
40721	吹響	1	506846	95.556394
40722	吻合槍	1	506847	95.556583
40723	吻別	1	506848	95.556772
40724	吸入器	1	506849	95.556961
40725	吸力	1	506850	95.557150
40726	吸水	1	506851	95.557339
40727	吸收力	1	506852	95.557528
40728	吸血蟲病	1	506853	95.557717
40729	吸星大法	1	506854	95.557906
40730	吸音	1	506855	95.558095
40731	吸氧	1	506856	95.558284
40732	吸氧量	1	506857	95.558473
40733	吸頂置物盒	1	506858	95.558662
40734	吸煙者	1	506859	95.558851
40735	吸煙室	1	506860	95.559040
40736	吸煙區	1	506861	95.559229
40737	吸盤	1	506862	95.559418
40738	吸震筒	1	506863	95.559607
40739	吵嚷	1	506864	95.559796
40740	吠叫	1	506865	95.559985
40741	吱吱叫	1	506866	95.560174
40742	吱喳	1	506867	95.560363
40743	吱喳聲	1	506868	95.560552
40744	吱嘎	1	506869	95.560741
40745	含元殿	1	506870	95.560930
40746	含服	1	506871	95.561119
40747	含恨以終	1	506872	95.561308
40748	含氟量	1	506873	95.561497
40749	含風殿	1	506874	95.561686
40750	含笑以終	1	506875	95.561875
40751	含情	1	506876	95.562064
40752	含情脈脈	1	506877	95.562253
40753	含族	1	506878	95.562442
40754	含混不清	1	506879	95.562631
40755	含淚	1	506880	95.562820
40756	含悲吞怨	1	506881	95.563009
40757	含悲忍淚	1	506882	95.563198
40758	含菌數	1	506883	95.563387
40759	含藏	1	506884	95.563576
40760	含鐵酶	1	506885	95.563765
40761	吟詠	1	506886	95.563954
40762	吟誦	1	506887	95.564143
40763	困厄	1	506888	95.564332
40764	困乏	1	506889	95.564521
40765	困住	1	506890	95.564710
40766	困局	1	506891	95.564899
40767	困挫	1	506892	95.565088
40768	困窘	1	506893	95.565277
40769	困窮	1	506894	95.565466
40770	囤積居奇	1	506895	95.565655
40771	囫圇	1	506896	95.565844
40772	坑人	1	506897	95.566033
40773	坑坑窪窪	1	506898	95.566222
40774	坑窪	1	506899	95.566411
40775	坑頭	1	506900	95.566600
40776	坍橋	1	506901	95.566789
40777	均勻性	1	506902	95.566978
40778	均可	1	506903	95.567167
40779	均質奶	1	506904	95.567356
40780	均霑	1	506905	95.567545
40781	坎辛頓宮	1	506906	95.567734
40782	坎德拉	1	506907	95.567923
40783	坐二望一	1	506908	95.568112
40784	坐失契機	1	506909	95.568301
40785	坐失時機	1	506910	95.568490
40786	坐正	1	506911	95.568679
40787	坐立	1	506912	95.568868
40788	坐地為王	1	506913	95.569057
40789	坐收	1	506914	95.569246
40790	坐困孤城	1	506915	95.569435
40791	坐坐	1	506916	95.569624
40792	坐臥不寧	1	506917	95.569813
40793	坐食山空	1	506918	95.570002
40794	坐骨海棉體肌	1	506919	95.570191
40795	坐骨神經	1	506920	95.570380
40796	坐墊	1	506921	95.570569
40797	坐擁	1	506922	95.570758
40798	坐禪	1	506923	95.570947
40799	坐轎	1	506924	95.571136
40800	壯年人	1	506925	95.571325
40801	壯年期	1	506926	95.571514
40802	壯志	1	506927	95.571703
40803	壯美	1	506928	95.571892
40804	壯健	1	506929	95.572081
40805	壯族自治區	1	506930	95.572270
40806	壯盛	1	506931	95.572459
40807	壯陽	1	506932	95.572648
40808	壯聲勢	1	506933	95.572837
40809	壯麗恢宏	1	506934	95.573026
40810	夾七雜八	1	506935	95.573215
40811	夾子	1	506936	95.573404
40812	夾竹桃	1	506937	95.573593
40813	夾砂褐陶	1	506938	95.573782
40814	夾槍帶棒	1	506939	95.573971
40815	夾層	1	506940	95.574160
40816	夾擠	1	506941	95.574349
40817	夾縫	1	506942	95.574538
40818	夾藏	1	506943	95.574727
40819	夾纏	1	506944	95.574916
40820	妙手	1	506945	95.575105
40821	妙用無窮	1	506946	95.575294
40822	妙事	1	506947	95.575483
40823	妙叔叔	1	506948	95.575672
40824	妙果	1	506949	95.575861
40825	妙策	1	506950	95.576050
40826	妙筆	1	506951	95.576239
40827	妙答	1	506952	95.576428
40828	妙想天開	1	506953	95.576617
40829	妙語	1	506954	95.576806
40830	妙趣	1	506955	95.576995
40831	妙諦	1	506956	95.577184
40832	妙點	1	506957	95.577373
40833	妙麗集團	1	506958	95.577562
40834	妖形怪狀	1	506959	95.577751
40835	妖獸都市	1	506960	95.577940
40836	妖魔	1	506961	95.578129
40837	妓館	1	506962	95.578318
40838	妥協性	1	506963	95.578507
40839	孝成皇帝	1	506964	95.578696
40840	孝行	1	506965	95.578885
40841	孝思	1	506966	95.579074
40842	孝悌	1	506967	95.579263
40843	孝道	1	506968	95.579452
40844	孝養	1	506969	95.579641
40845	孜孜	1	506970	95.579830
40846	孜孜不倦	1	506971	95.580019
40847	孜孜營生	1	506972	95.580208
40848	孜孜矻矻	1	506973	95.580397
40849	完全中學	1	506974	95.580586
40850	完全自治	1	506975	95.580775
40851	完好如初	1	506976	95.580964
40852	完成帶	1	506977	95.581153
40853	完妥	1	506978	95.581342
40854	完完全全	1	506979	95.581531
40855	完完整整	1	506980	95.581720
40856	完事	1	506981	95.581909
40857	完封	1	506982	95.582098
40858	完納	1	506983	95.582287
40859	完婚	1	506984	95.582476
40860	完密	1	506985	95.582665
40861	完結	1	506986	95.582854
40862	完糧	1	506987	95.583043
40863	宋人	1	506988	95.583232
40864	宋子文	1	506989	95.583421
40865	宋元	1	506990	95.583610
40866	宋史記	1	506991	95.583799
40867	宋江	1	506992	95.583988
40868	宋江陣	1	506993	95.584177
40869	宋忠堅	1	506994	95.584366
40870	宋長志	1	506995	95.584555
40871	宋亮	1	506996	95.584744
40872	宋教仁	1	506997	95.584933
40873	宋敏	1	506998	95.585122
40874	宋詞	1	506999	95.585311
40875	宋會要	1	507000	95.585500
40876	宋會要輯稿	1	507001	95.585689
40877	宋慶齡	1	507002	95.585878
40878	宋慶齡基金會	1	507003	95.586067
40879	宏益纖維	1	507004	95.586256
40880	宏偉壯麗	1	507005	95.586445
40881	宏偉壯觀	1	507006	95.586634
40882	局促	1	507007	95.586823
40883	局部按摩法	1	507008	95.587012
40884	尿失禁	1	507009	95.587201
40885	尿毒症	1	507010	95.587390
40886	尿盆	1	507011	95.587579
40887	尿道肉阜	1	507012	95.587768
40888	尿道炎	1	507013	95.587957
40889	尿頻	1	507014	95.588146
40890	尿療法	1	507015	95.588335
40891	尾上菊五郎	1	507016	95.588524
40892	尾大不掉	1	507017	95.588713
40893	尾屏	1	507018	95.588902
40894	尾骨	1	507019	95.589091
40895	尾側	1	507020	95.589280
40896	尾崎秀	1	507021	95.589469
40897	尾崎秀真	1	507022	95.589658
40898	尾場	1	507023	95.589847
40899	尾廂	1	507024	95.590036
40900	尾期	1	507025	95.590225
40901	尾端	1	507026	95.590414
40902	尾燈組	1	507027	95.590603
40903	岔路	1	507028	95.590792
40904	岔道	1	507029	95.590981
40905	巫山	1	507030	95.591170
40906	巫祝	1	507031	95.591359
40907	巫舞	1	507032	95.591548
40908	巫醫	1	507033	95.591737
40909	希伯來文	1	507034	95.591926
40910	希克索斯	1	507035	95.592115
40911	希波特	1	507036	95.592304
40912	希泰特	1	507037	95.592493
40913	希泰特族	1	507038	95.592682
40914	希區考克	1	507039	95.592871
40915	希望工程	1	507040	95.593060
40916	希斯魯機場	1	507041	95.593249
40917	希爾波尼斯湖	1	507042	95.593438
40918	希維特	1	507043	95.593627
40919	希薩里克丘	1	507044	95.593816
40920	希臘女神	1	507045	95.594005
40921	希臘文	1	507046	95.594194
40922	希臘文化	1	507047	95.594383
40923	希臘正教	1	507048	95.594572
40924	希臘神話	1	507049	95.594761
40925	希臘神話故事	1	507050	95.594950
40926	希臘語	1	507051	95.595139
40927	序文	1	507052	95.595328
40928	序列式	1	507053	95.595517
40929	序列式多點燃料噴射系統	1	507054	95.595706
40930	序列式噴油控制	1	507055	95.595895
40931	序列式燃油噴射引擎	1	507056	95.596084
40932	序例	1	507057	95.596273
40933	庇佑	1	507058	95.596462
40934	庇護地	1	507059	95.596651
40935	床沿	1	507060	95.596840
40936	床畔	1	507061	95.597029
40937	床頭櫃	1	507062	95.597218
40938	床頭鐘	1	507063	95.597407
40939	床邊小說	1	507064	95.597596
40940	床笫之間	1	507065	95.597785
40941	廷試	1	507066	95.597974
40942	弄巧成拙	1	507067	95.598163
40943	弄丟	1	507068	95.598352
40944	弄車鼓	1	507069	95.598541
40945	弄破	1	507070	95.598730
40946	弄堂	1	507071	95.598919
40947	弄潮	1	507072	95.599108
40948	弄懂	1	507073	95.599297
40949	弄權	1	507074	95.599486
40950	弟兄們	1	507075	95.599675
40951	弟兄會長	1	507076	95.599864
40952	形上學	1	507077	95.600053
40953	形式美	1	507078	95.600242
40954	形而上	1	507079	95.600431
40955	形色	1	507080	95.600620
40956	形似	1	507081	95.600809
40957	形制	1	507082	95.600998
40958	形諸筆墨	1	507083	95.601187
40959	形聲	1	507084	95.601376
40960	忘我	1	507085	95.601565
40961	忘恩負義	1	507086	95.601754
40962	忘憂草	1	507087	95.601943
40963	忌憚	1	507088	95.602132
40964	志士	1	507089	95.602321
40965	志文	1	507090	95.602510
40966	志文出版社	1	507091	95.602699
40967	志在必得	1	507092	95.602888
40968	志氣昂揚	1	507093	95.603077
40969	志留紀	1	507094	95.603266
40970	志得意滿	1	507095	95.603455
40971	志趣	1	507096	95.603644
40972	志趣相投	1	507097	95.603833
40973	志願者	1	507098	95.604022
40974	忍氣	1	507099	95.604211
40975	忍辱負重	1	507100	95.604400
40976	忍痛	1	507101	95.604589
40977	忍讓	1	507102	95.604778
40978	快打	1	507103	95.604967
40979	快打旋風	1	507104	95.605156
40980	快快樂樂	1	507105	95.605345
40981	快事	1	507106	95.605534
40982	快速球	1	507107	95.605723
40983	快盜露比	1	507108	95.605912
40984	快遞公司	1	507109	95.606101
40985	快樂天堂	1	507110	95.606290
40986	快樂仙	1	507111	95.606479
40987	快樂谷	1	507112	95.606668
40988	快樂兒童中心	1	507113	95.606857
40989	快樂傳千里	1	507114	95.607046
40990	快樂頌	1	507115	95.607235
40991	快餐	1	507116	95.607424
40992	戒律	1	507117	95.607613
40993	戒指	1	507118	95.607802
40994	戒毒村	1	507119	95.607991
40995	戒毒輔導村	1	507120	95.608180
40996	戒疤	1	507121	95.608369
40997	戒師	1	507122	95.608558
40998	戒酒	1	507123	95.608747
40999	戒壇	1	507124	95.608936
41000	戒嚴令	1	507125	95.609125
41001	戒護中心	1	507126	95.609314
41002	戒護所	1	507127	95.609503
41003	戒癮	1	507128	95.609692
41004	我和我的唐山	1	507129	95.609881
41005	我的心中只有妳妳妳	1	507130	95.610070
41006	我思故我在	1	507131	95.610259
41007	我為卿狂	1	507132	95.610448
41008	我會等待你	1	507133	95.610637
41009	我輩	1	507134	95.610826
41010	抄本	1	507135	95.611015
41011	抄抄寫寫	1	507136	95.611204
41012	抄球	1	507137	95.611393
41013	抄寫	1	507138	95.611582
41014	抄錄	1	507139	95.611771
41015	抗力	1	507140	95.611960
41016	抗日戰爭	1	507141	95.612149
41017	抗生素甲硝噠唑	1	507142	95.612338
41018	抗血栓	1	507143	95.612527
41019	抗免疫力	1	507144	95.612716
41020	抗旱	1	507145	95.612905
41021	抗命	1	507146	95.613094
41022	抗性	1	507147	95.613283
41023	抗俄	1	507148	95.613472
41024	抗洪	1	507149	95.613661
41025	抗組織胺	1	507150	95.613850
41026	抗焦慮劑	1	507151	95.614039
41027	抗痙攣	1	507152	95.614228
41028	抗結核藥物	1	507153	95.614417
41029	抗菌物質	1	507154	95.614606
41030	抗瘧	1	507155	95.614795
41031	抗瘧性	1	507156	95.614984
41032	抗瘧藥	1	507157	95.615173
41033	抗精神病藥物	1	507158	95.615362
41034	抗憂鬱劑	1	507159	95.615551
41035	抗皺因子	1	507160	95.615740
41036	抗震	1	507161	95.615929
41037	抗輻射	1	507162	95.616118
41038	抗藥性	1	507163	95.616307
41039	抗齡	1	507164	95.616496
41040	抗辯	1	507165	95.616685
41041	抗黴藥	1	507166	95.616874
41042	抗黴藥粉	1	507167	95.617063
41043	抖出	1	507168	95.617252
41044	抖起來	1	507169	95.617441
41045	抖掉	1	507170	95.617630
41046	抖瑟	1	507171	95.617819
41047	技工	1	507172	95.618008
41048	技正	1	507173	95.618197
41049	技高一籌	1	507174	95.618386
41050	技術力	1	507175	95.618575
41051	技術分析圖	1	507176	95.618764
41052	技術合理化	1	507177	95.618953
41053	技術研究院	1	507178	95.619142
41054	技術移民	1	507179	95.619331
41055	技術線型	1	507180	95.619520
41056	技術學校	1	507181	95.619709
41057	技術導向	1	507182	95.619898
41058	技擊館	1	507183	95.620087
41059	技檢	1	507184	95.620276
41060	技藝班	1	507185	95.620465
41061	技藝園	1	507186	95.620654
41062	技癢難耐	1	507187	95.620843
41063	扶乩	1	507188	95.621032
41064	扶住	1	507189	95.621221
41065	扶梯	1	507190	95.621410
41066	扶疏	1	507191	95.621599
41067	扶搖直上	1	507192	95.621788
41068	扶溝	1	507193	95.621977
41069	扶輪社	1	507194	95.622166
41070	扶欄	1	507195	95.622355
41071	扭力峰值	1	507196	95.622544
41072	扭力桿	1	507197	95.622733
41073	扭手腕	1	507198	95.622922
41074	扭打	1	507199	95.623111
41075	扭曲度	1	507200	95.623300
41076	扭扭捏捏	1	507201	95.623489
41077	扭扭舞	1	507202	95.623678
41078	扭到	1	507203	95.623867
41079	扭動	1	507204	95.624056
41080	扭腰	1	507205	95.624245
41081	扭頭	1	507206	95.624434
41082	把手言歡	1	507207	95.624623
41083	把目	1	507208	95.624812
41084	把守	1	507209	95.625001
41085	把式	1	507210	95.625190
41086	把持	1	507211	95.625379
41087	把酒言歡	1	507212	95.625568
41088	把桿	1	507213	95.625757
41089	把愛找回來	1	507214	95.625946
41090	把盞	1	507215	95.626135
41091	把關者	1	507216	95.626324
41092	扼死	1	507217	95.626513
41093	扼住	1	507218	95.626702
41094	扼要	1	507219	95.626891
41095	扼頸	1	507220	95.627080
41096	找找看	1	507221	95.627269
41097	找事	1	507222	95.627458
41098	找樂子	1	507223	95.627647
41099	找錢	1	507224	95.627836
41100	批八字	1	507225	95.628025
41101	批文	1	507226	95.628214
41102	批可	1	507227	95.628403
41103	批命	1	507228	95.628592
41104	批流年	1	507229	95.628781
41105	批發商	1	507230	95.628970
41106	批評者	1	507231	95.629159
41107	批評家	1	507232	95.629348
41108	扳回	1	507233	95.629537
41109	扳倒	1	507234	95.629726
41110	扳動	1	507235	95.629915
41111	扳開	1	507236	95.630104
41112	扳機	1	507237	95.630293
41113	抒情歌曲	1	507238	95.630482
41114	抒解	1	507239	95.630671
41115	抒懷	1	507240	95.630860
41116	扯平	1	507241	95.631049
41117	扯住	1	507242	95.631238
41118	扯起	1	507243	95.631427
41119	折合	1	507244	95.631616
41120	折服	1	507245	95.631805
41121	折返	1	507246	95.631994
41122	折算	1	507247	95.632183
41123	折價	1	507248	95.632372
41124	折價券	1	507249	95.632561
41125	折衝	1	507250	95.632750
41126	折翼	1	507251	95.632939
41127	折疊車	1	507252	95.633128
41128	扮成	1	507253	95.633317
41129	扮鬼	1	507254	95.633506
41130	扮鬼臉	1	507255	95.633695
41131	投石器	1	507256	95.633884
41132	投放	1	507257	95.634073
41133	投河	1	507258	95.634262
41134	投保人	1	507259	95.634451
41135	投保率	1	507260	95.634640
41136	投降書	1	507261	95.634829
41137	投射式	1	507262	95.635018
41138	投射式四燈	1	507263	95.635207
41139	投書	1	507264	95.635396
41140	投宿	1	507265	95.635585
41141	投訴無門	1	507266	95.635774
41142	投開票所	1	507267	95.635963
41143	投誠分子	1	507268	95.636152
41144	投資性	1	507269	95.636341
41145	投資型信託	1	507270	95.636530
41146	投資商	1	507271	95.636719
41147	投資量	1	507272	95.636908
41148	投資業	1	507273	95.637097
41149	投資熱	1	507274	95.637286
41150	投遞	1	507275	95.637475
41151	投影片	1	507276	95.637664
41152	投影電視	1	507277	95.637853
41153	投影機	1	507278	95.638042
41154	投機分子	1	507279	95.638231
41155	投機份子	1	507280	95.638420
41156	投機性	1	507281	95.638609
41157	投機者	1	507282	95.638798
41158	投縣	1	507283	95.638987
41159	投擲	1	507284	95.639176
41160	投醫	1	507285	95.639365
41161	投藥	1	507286	95.639554
41162	投繯	1	507287	95.639743
41163	抓人	1	507288	95.639932
41164	抓去	1	507289	95.640121
41165	抓狂歌	1	507290	95.640310
41166	抓周	1	507291	95.640499
41167	抓娃娃機	1	507292	95.640688
41168	抓捏	1	507293	95.640877
41169	抓鬼大師	1	507294	95.641066
41170	抓飯	1	507295	95.641255
41171	抓傷	1	507296	95.641444
41172	抓賊	1	507297	95.641633
41173	抓賄選	1	507298	95.641822
41174	抓錯	1	507299	95.642011
41175	抓癢	1	507300	95.642200
41176	抓權	1	507301	95.642389
41177	抑止	1	507302	95.642578
41178	抑制素	1	507303	95.642767
41179	抑或	1	507304	95.642956
41180	抑霧劑	1	507305	95.643145
41181	抑鬱症	1	507306	95.643334
41182	改口	1	507307	95.643523
41183	改天換地	1	507308	95.643712
41184	改日	1	507309	95.643901
41185	改向	1	507310	95.644090
41186	改判	1	507311	95.644279
41187	改良式蒸汽機	1	507312	95.644468
41188	改良場	1	507313	95.644657
41189	改良費	1	507314	95.644846
41190	改良點	1	507315	95.645035
41191	改宗	1	507316	95.645224
41192	改型	1	507317	95.645413
41193	改訂	1	507318	95.645602
41194	改革者	1	507319	95.645791
41195	改做	1	507320	95.645980
41196	改換	1	507321	95.646169
41197	改期	1	507322	95.646358
41198	改程	1	507323	95.646547
41199	改進型	1	507324	95.646736
41200	改嫁	1	507325	95.646925
41201	改運	1	507326	95.647114
41202	改稿	1	507327	95.647303
41203	改錯	1	507328	95.647492
41204	改購	1	507329	95.647681
41205	改隸	1	507330	95.647870
41206	攻守	1	507331	95.648059
41207	攻防地	1	507332	95.648248
41208	攻城掠地	1	507333	95.648437
41209	攻城略地	1	507334	95.648626
41210	攻城戰	1	507335	95.648815
41211	攻倒	1	507336	95.649004
41212	攻堅	1	507337	95.649193
41213	攻進	1	507338	95.649382
41214	攻籃	1	507339	95.649571
41215	攸戚與共	1	507340	95.649760
41216	旱年	1	507341	95.649949
41217	旱災	1	507342	95.650138
41218	旱害	1	507343	95.650327
41219	旱稻	1	507344	95.650516
41220	旱鴨子	1	507345	95.650705
41221	旱關	1	507346	95.650894
41222	旱澇	1	507347	95.651083
41223	更生	1	507348	95.651272
41224	更年	1	507349	95.651461
41225	更年期綜合症	1	507350	95.651650
41226	更約權	1	507351	95.651839
41227	更添	1	507352	95.652028
41228	束之高閣	1	507353	95.652217
41229	束手	1	507354	95.652406
41230	束衣	1	507355	95.652595
41231	束角控制連桿	1	507356	95.652784
41232	束腰	1	507357	95.652973
41233	束腹	1	507358	95.653162
41234	束裝	1	507359	95.653351
41235	束褲	1	507360	95.653540
41236	李‧崔維諾	1	507361	95.653729
41237	李士宏	1	507362	95.653918
41238	李子村	1	507363	95.654107
41239	李子酒	1	507364	95.654296
41240	李仁傑	1	507365	95.654485
41241	李壬癸	1	507366	95.654674
41242	李少傑	1	507367	95.654863
41243	李世芹	1	507368	95.655052
41244	李充嗣	1	507369	95.655241
41245	李台安	1	507370	95.655430
41246	李民中	1	507371	95.655619
41247	李永明	1	507372	95.655808
41248	李永熾	1	507373	95.655997
41249	李石樵	1	507374	95.656186
41250	李仲英	1	507375	95.656375
41251	李光壂	1	507376	95.656564
41252	李先念	1	507377	95.656753
41253	李在文	1	507378	95.656942
41254	李安祥	1	507379	95.657131
41255	李作楠	1	507380	95.657320
41256	李志村	1	507381	95.657509
41257	李志承	1	507382	95.657698
41258	李秀蘭	1	507383	95.657887
41259	李明依	1	507384	95.658076
41260	李金堆	1	507385	95.658265
41261	李金龍	1	507386	95.658454
41262	李長庚	1	507387	95.658643
41263	李長榮	1	507388	95.658832
41264	李冠章	1	507389	95.659021
41265	李南衡	1	507390	95.659210
41266	李厚高	1	507391	95.659399
41267	李屏賓	1	507392	95.659588
41268	李柱銘	1	507393	95.659777
41269	李茂山	1	507394	95.659966
41270	李香蘭	1	507395	95.660155
41271	李姬傳	1	507396	95.660344
41272	李宸妃	1	507397	95.660533
41273	李格非	1	507398	95.660722
41274	李祖永	1	507399	95.660911
41275	李祖源	1	507400	95.661100
41276	李國添	1	507401	95.661289
41277	李梅樹	1	507402	95.661478
41278	李清雲	1	507403	95.661667
41279	李清標	1	507404	95.661856
41280	李雪雯	1	507405	95.662045
41281	李嵐	1	507406	95.662234
41282	李復中小組	1	507407	95.662423
41283	李曾文惠	1	507408	95.662612
41284	李賀	1	507409	95.662801
41285	李逵	1	507410	95.662990
41286	李雅樵	1	507411	95.663179
41287	李園	1	507412	95.663368
41288	李奧	1	507413	95.663557
41289	李殿魁	1	507414	95.663746
41290	李源藻	1	507415	95.663935
41291	李煦	1	507416	95.664124
41292	李誠	1	507417	95.664313
41293	李資謙	1	507418	95.664502
41294	李道洪	1	507419	95.664691
41295	李達海	1	507420	95.664880
41296	李嘉欣	1	507421	95.665069
41297	李嘉俊	1	507422	95.665258
41298	李夢陽	1	507423	95.665447
41299	李察	1	507424	95.665636
41300	李察‧希爾	1	507425	95.665825
41301	李察‧卑瑪	1	507426	95.666014
41302	李察‧賽考德	1	507427	95.666203
41303	李察吉爾	1	507428	95.666392
41304	李察唐納	1	507429	95.666581
41305	李察基爾	1	507430	95.666770
41306	李熙亭	1	507431	95.666959
41307	李碧華	1	507432	95.667148
41308	李福善	1	507433	95.667337
41309	李端	1	507434	95.667526
41310	李銘輝	1	507435	95.667715
41311	李廣田	1	507436	95.667904
41312	李德	1	507437	95.668093
41313	李德進	1	507438	95.668282
41314	李慶安	1	507439	95.668471
41315	李慶華	1	507440	95.668660
41316	李慶榮	1	507441	95.668849
41317	李潔明	1	507442	95.669038
41318	李範	1	507443	95.669227
41319	李蓮英	1	507444	95.669416
41320	李黎	1	507445	95.669605
41321	李曉蕾	1	507446	95.669794
41322	李樹桐	1	507447	95.669983
41323	李錦霞	1	507448	95.670172
41324	李靜美	1	507449	95.670361
41325	李勵君	1	507450	95.670550
41326	李濟琛	1	507451	95.670739
41327	李濬	1	507452	95.670928
41328	李穗謇	1	507453	95.671117
41329	李鍾桂	1	507454	95.671306
41330	李麗芬	1	507455	95.671495
41331	李寶春	1	507456	95.671684
41332	李鐵嘴	1	507457	95.671873
41333	李顯光	1	507458	95.672062
41334	李豔妃	1	507459	95.672251
41335	李翊中	1	507460	95.672440
41336	李璇	1	507461	95.672629
41337	李鶻	1	507462	95.672818
41338	杏仁	1	507463	95.673007
41339	杏眼	1	507464	95.673196
41340	村山知義	1	507465	95.673385
41341	村角	1	507466	95.673574
41342	村縣	1	507467	95.673763
41343	杜文奇	1	507468	95.673952
41344	杜比音響	1	507469	95.674141
41345	杜比環繞收音擴大機	1	507470	95.674330
41346	杜氏	1	507471	95.674519
41347	杜卡斯	1	507472	95.674708
41348	杜布羅夫尼克港	1	507473	95.674897
41349	杜甫	1	507474	95.675086
41350	杜牧	1	507475	95.675275
41351	杜拜	1	507476	95.675464
41352	杜衍	1	507477	95.675653
41353	杜密傳	1	507478	95.675842
41354	杜凱吉斯	1	507479	95.676031
41355	杜普瑞	1	507480	95.676220
41356	杜森	1	507481	95.676409
41357	杜黑	1	507482	95.676598
41358	杜塞朵夫	1	507483	95.676787
41359	杜德	1	507484	95.676976
41360	杜德偉	1	507485	95.677165
41361	杜篤之	1	507486	95.677354
41362	杜鵑鳥	1	507487	95.677543
41363	杜鵑窩	1	507488	95.677732
41364	杜麗雲	1	507489	95.677921
41365	杜蘭朵公主	1	507490	95.678110
41366	杜恒芳	1	507491	95.678299
41367	杉村春子	1	507492	95.678488
41368	杉原	1	507493	95.678677
41369	杉原灣	1	507494	95.678866
41370	步子	1	507495	95.679055
41371	步向	1	507496	95.679244
41372	步步高升	1	507497	95.679433
41373	步步驚魂	1	507498	95.679622
41374	步履蹣跚	1	507499	95.679811
41375	每周	1	507500	95.680000
41376	每盤	1	507501	95.680189
41377	求才若渴	1	507502	95.680378
41378	求仕	1	507503	95.680567
41379	求仙	1	507504	95.680756
41380	求平安	1	507505	95.680945
41381	求全	1	507506	95.681134
41382	求全之毀	1	507507	95.681323
41383	求好心切	1	507508	95.681512
41384	求助者	1	507509	95.681701
41385	求助無門	1	507510	95.681890
41386	求真	1	507511	95.682079
41387	求神問卜	1	507512	95.682268
41388	求情	1	507513	95.682457
41389	求過於供	1	507514	95.682646
41390	求戰	1	507515	95.682835
41391	求饒	1	507516	95.683024
41392	求歡	1	507517	95.683213
41393	沙人	1	507518	95.683402
41394	沙中	1	507519	95.683591
41395	沙文主義	1	507520	95.683780
41396	沙田區	1	507521	95.683969
41397	沙地	1	507522	95.684158
41398	沙西米	1	507523	95.684347
41399	沙坑	1	507524	95.684536
41400	沙弟	1	507525	95.684725
41401	沙岸	1	507526	95.684914
41402	沙拉	1	507527	95.685103
41403	沙拉油	1	507528	95.685292
41404	沙拉梅	1	507529	95.685481
41405	沙法	1	507530	95.685670
41406	沙門	1	507531	95.685859
41407	沙門氏菌	1	507532	95.686048
41408	沙門氏菌血症	1	507533	95.686237
41409	沙門氏菌腸炎	1	507534	95.686426
41410	沙俄	1	507535	95.686615
41411	沙威馬	1	507536	95.686804
41412	沙洲	1	507537	95.686993
41413	沙案	1	507538	95.687182
41414	沙海	1	507539	95.687371
41415	沙烏地阿拉伯	1	507540	95.687560
41416	沙爹	1	507541	95.687749
41417	沙茶	1	507542	95.687938
41418	沙球	1	507543	95.688127
41419	沙鹿	1	507544	95.688316
41420	沙鹿國小	1	507545	95.688505
41421	沙場	1	507546	95.688694
41422	沙黃色	1	507547	95.688883
41423	沙塔威	1	507548	95.689072
41424	沙塵	1	507549	95.689261
41425	沙塵漫天	1	507550	95.689450
41426	沙塵蔽天	1	507551	95.689639
41427	沙漠氣候	1	507552	95.689828
41428	沙漠區	1	507553	95.690017
41429	沙爾曼‧拉什迪	1	507554	95.690206
41430	沙盤	1	507555	95.690395
41431	沙羅那	1	507556	95.690584
41432	沙羅周	1	507557	95.690773
41433	沙蟹科	1	507558	95.690962
41434	沙礫	1	507559	95.691151
41435	沁出	1	507560	95.691340
41436	沁涼	1	507561	95.691529
41437	沁縣	1	507562	95.691718
41438	沁鮮	1	507563	95.691907
41439	沈大泰	1	507564	95.692096
41440	沈中洲	1	507565	95.692285
41441	沈世雄	1	507566	95.692474
41442	沈丘	1	507567	95.692663
41443	沈昌煥	1	507568	95.692852
41444	沈清松	1	507569	95.693041
41445	沈殿霞	1	507570	95.693230
41446	沈葆楨	1	507571	95.693419
41447	沈德符	1	507572	95.693608
41448	沈競辰	1	507573	95.693797
41449	沉沒	1	507574	95.693986
41450	沉垢	1	507575	95.694175
41451	沉映	1	507576	95.694364
41452	沉重無比	1	507577	95.694553
41453	沉浮	1	507578	95.694742
41454	沉淨	1	507579	95.694931
41455	沉陷	1	507580	95.695120
41456	沉魚落雁	1	507581	95.695309
41457	沉湎	1	507582	95.695498
41458	沉逸	1	507583	95.695687
41459	沉緩	1	507584	95.695876
41460	沉醉不已	1	507585	95.696065
41461	沉積作用	1	507586	95.696254
41462	沉積岩層	1	507587	95.696443
41463	沉默無言	1	507588	95.696632
41464	沉鬱	1	507589	95.696821
41465	汪兆銘	1	507590	95.697010
41466	汪兆鏞	1	507591	95.697199
41467	汪多志	1	507592	95.697388
41468	汪東興	1	507593	95.697577
41469	汪威宜	1	507594	95.697766
41470	汪洋大海	1	507595	95.697955
41471	汪笨湖	1	507596	95.698144
41472	汪敬煦	1	507597	95.698333
41473	汪道涵	1	507598	95.698522
41474	汪錕	1	507599	95.698711
41475	汪琡如	1	507600	95.698900
41476	決一死戰	1	507601	95.699089
41477	決定論	1	507602	95.699278
41478	決定權	1	507603	95.699467
41479	決勝點	1	507604	95.699656
41480	決堤	1	507605	95.699845
41481	決策模式	1	507606	95.700034
41482	決策權	1	507607	95.700223
41483	決裂	1	507608	95.700412
41484	決對	1	507609	95.700601
41485	決疑	1	507610	95.700790
41486	決審	1	507611	95.700979
41487	決審日	1	507612	95.701168
41488	沐浴用品	1	507613	95.701357
41489	沐浴精	1	507614	95.701546
41490	沐浴器	1	507615	95.701735
41491	汰舊換新	1	507616	95.701924
41492	汨羅江	1	507617	95.702113
41493	沖天	1	507618	95.702302
41494	沖片機	1	507619	95.702491
41495	沖洗費	1	507620	95.702680
41496	沖浪板	1	507621	95.702869
41497	沖涼	1	507622	95.703058
41498	沖毀	1	507623	95.703247
41499	沖溝	1	507624	95.703436
41500	沖銷	1	507625	95.703625
41501	沖擊	1	507626	95.703814
41502	沖繩小灰蝶	1	507627	95.704003
41503	沒入	1	507628	95.704192
41504	沒沒無名	1	507629	95.704381
41505	沒來由	1	507630	95.704570
41506	沒頂	1	507631	95.704759
41507	沒離梨	1	507632	95.704948
41508	汽化爐	1	507633	95.705137
41509	汽水廠	1	507634	95.705326
41510	汽車史	1	507635	95.705515
41511	汽車百科	1	507636	95.705704
41512	汽車百貨店	1	507637	95.705893
41513	汽車協會	1	507638	95.706082
41514	汽車股	1	507639	95.706271
41515	汽車保險	1	507640	95.706460
41516	汽車業務員	1	507641	95.706649
41517	汽車銷售員	1	507642	95.706838
41518	汽車銷售業	1	507643	95.707027
41519	汽車險	1	507644	95.707216
41520	汽車營業部	1	507645	95.707405
41521	汽車雜誌	1	507646	95.707594
41522	汽油引擎系統	1	507647	95.707783
41523	汽缸頂	1	507648	95.707972
41524	汽缸墊	1	507649	95.708161
41525	汽缸體	1	507650	95.708350
41526	汽酒	1	507651	95.708539
41527	汽船	1	507652	95.708728
41528	沃土	1	507653	95.708917
41529	沃克雪朗道夫	1	507654	95.709106
41530	沃野	1	507655	95.709295
41531	沃渣	1	507656	95.709484
41532	汴市	1	507657	95.709673
41533	汴州	1	507658	95.709862
41534	汴州城	1	507659	95.710051
41535	汴京	1	507660	95.710240
41536	汴京元夕	1	507661	95.710429
41537	汴城	1	507662	95.710618
41538	汴城圍陷記	1	507663	95.710807
41539	汴梁	1	507664	95.710996
41540	汴圍濕襟錄	1	507665	95.711185
41541	灶君	1	507666	95.711374
41542	灶房	1	507667	95.711563
41543	灶爺	1	507668	95.711752
41544	灶壁	1	507669	95.711941
41545	灶糖	1	507670	95.712130
41546	灼燒	1	507671	95.712319
41547	灼燙傷	1	507672	95.712508
41548	災胞	1	507673	95.712697
41549	災難史	1	507674	95.712886
41550	牢不可破	1	507675	95.713075
41551	牢什子	1	507676	95.713264
41552	牢友	1	507677	95.713453
41553	牢牢地	1	507678	95.713642
41554	牢固	1	507679	95.713831
41555	牢房	1	507680	95.714020
41556	牢記在心	1	507681	95.714209
41557	牢獄	1	507682	95.714398
41558	牢騷話	1	507683	95.714587
41559	牡丹王國	1	507684	95.714776
41560	牡丹社	1	507685	95.714965
41561	牡丹國小	1	507686	95.715154
41562	牡丹榮辱志	1	507687	95.715343
41563	牡牛	1	507688	95.715532
41564	牡羊	1	507689	95.715721
41565	牡羊座	1	507690	95.715910
41566	牡蠣	1	507691	95.716099
41567	狄西嘉	1	507692	95.716288
41568	狄青	1	507693	95.716477
41569	狄斯科海灣	1	507694	95.716666
41570	狄斯耐卡通	1	507695	95.716855
41571	狄斯耐樂園	1	507696	95.717044
41572	狄奧	1	507697	95.717233
41573	狂吼	1	507698	95.717422
41574	狂呼	1	507699	95.717611
41575	狂放	1	507700	95.717800
41576	狂怒	1	507701	95.717989
41577	狂風巨浪	1	507702	95.718178
41578	狂悖	1	507703	95.718367
41579	狂草	1	507704	95.718556
41580	狂情	1	507705	95.718745
41581	狂野	1	507706	95.718934
41582	狂喊	1	507707	95.719123
41583	狂喜	1	507708	95.719312
41584	狂亂	1	507709	95.719501
41585	狂傲不羈	1	507710	95.719690
41586	狂跳	1	507711	95.719879
41587	狂暴	1	507712	95.720068
41588	狂潮	1	507713	95.720257
41589	狂熱主義	1	507714	95.720446
41590	狂銷	1	507715	95.720635
41591	狂魔	1	507716	95.720824
41592	狂飆少年	1	507717	95.721013
41593	甫自	1	507718	95.721202
41594	甫行	1	507719	95.721391
41595	男女有別	1	507720	95.721580
41596	男子組	1	507721	95.721769
41597	男生班	1	507722	95.721958
41598	男生組	1	507723	95.722147
41599	男同性戀	1	507724	95.722336
41600	男男女女	1	507725	95.722525
41601	男服	1	507726	95.722714
41602	男孩子氣	1	507727	95.722903
41603	男相	1	507728	95.723092
41604	男耕女織	1	507729	95.723281
41605	男配角獎	1	507730	95.723470
41606	男將	1	507731	95.723659
41607	男患者	1	507732	95.723848
41608	男尊女卑	1	507733	95.724037
41609	男僕	1	507734	95.724226
41610	男歌星	1	507735	95.724415
41611	男儐相	1	507736	95.724604
41612	男權社會	1	507737	95.724793
41613	盯人	1	507738	95.724982
41614	盯稅	1	507739	95.725171
41615	盯緊	1	507740	95.725360
41616	私人財產	1	507741	95.725549
41617	私己	1	507742	95.725738
41618	私生女	1	507743	95.725927
41619	私田	1	507744	95.726116
41620	私宅	1	507745	95.726305
41621	私有化	1	507746	95.726494
41622	私有制	1	507747	95.726683
41623	私有財產制	1	507748	95.726872
41624	私有財產制度	1	507749	95.727061
41625	私有經濟制度	1	507750	95.727250
41626	私吞	1	507751	95.727439
41627	私房	1	507752	95.727628
41628	私約	1	507753	95.727817
41629	私務	1	507754	95.728006
41630	私習	1	507755	95.728195
41631	私章	1	507756	95.728384
41632	私菸	1	507757	95.728573
41633	私賂	1	507758	95.728762
41634	私銀	1	507759	95.728951
41635	私闖	1	507760	95.729140
41636	秀山	1	507761	95.729329
41637	秀姑巒	1	507762	95.729518
41638	秀岡山莊	1	507763	95.729707
41639	秀朗國小	1	507764	95.729896
41640	秀朗橋	1	507765	95.730085
41641	秀酒歌	1	507766	95.730274
41642	秀逸	1	507767	95.730463
41643	秀雅	1	507768	95.730652
41644	禿頂	1	507769	95.730841
41645	禿髮	1	507770	95.731030
41646	禿鷲	1	507771	95.731219
41647	系列稿	1	507772	95.731408
41648	系所	1	507773	95.731597
41649	系統工程師	1	507774	95.731786
41650	系統化	1	507775	95.731975
41651	系統性	1	507776	95.732164
41652	系統性循環	1	507777	95.732353
41653	罕用字	1	507778	95.732542
41654	肖恩	1	507779	95.732731
41655	肝係數	1	507780	95.732920
41656	肝段	1	507781	95.733109
41657	肝氣	1	507782	95.733298
41658	肝細胞	1	507783	95.733487
41659	肝腸寸斷	1	507784	95.733676
41660	肝腸俱裂	1	507785	95.733865
41661	肝腫瘤	1	507786	95.734054
41662	肝腦塗地	1	507787	95.734243
41663	肝癌	1	507788	95.734432
41664	肝膽相照	1	507789	95.734621
41665	肚臍眼	1	507790	95.734810
41666	育仁小學	1	507791	95.734999
41667	育那木他納礦業公司	1	507792	95.735188
41668	育英中文學校	1	507793	95.735377
41669	育達商職	1	507794	95.735566
41670	育樂展	1	507795	95.735755
41671	育嬰室	1	507796	95.735944
41672	良心果	1	507797	95.736133
41673	良心話	1	507798	95.736322
41674	良民證	1	507799	95.736511
41675	良伴	1	507800	95.736700
41676	良助	1	507801	95.736889
41677	良言	1	507802	95.737078
41678	良辰	1	507803	95.737267
41679	良妻	1	507804	95.737456
41680	良性瘤	1	507805	95.737645
41681	良法	1	507806	95.737834
41682	良品	1	507807	95.738023
41683	良相	1	507808	95.738212
41684	良美建設	1	507809	95.738401
41685	良美飯店	1	507810	95.738590
41686	良宵	1	507811	95.738779
41687	良能	1	507812	95.738968
41688	良渚文化	1	507813	95.739157
41689	良率	1	507814	95.739346
41690	良莠	1	507815	95.739535
41691	良幣	1	507816	95.739724
41692	良駒	1	507817	95.739913
41693	良劑	1	507818	95.740102
41694	良醫所	1	507819	95.740291
41695	芒景	1	507820	95.740480
41696	芋名月	1	507821	95.740669
41697	芋泥酥	1	507822	95.740858
41698	芋圓	1	507823	95.741047
41699	芋葉	1	507824	95.741236
41700	芋頭	1	507825	95.741425
41701	芋頭狸	1	507826	95.741614
41702	芍藥花	1	507827	95.741803
41703	芍藥詩序	1	507828	95.741992
41704	芍藥屬	1	507829	95.742181
41705	見光	1	507830	95.742370
41706	見地	1	507831	95.742559
41707	見地獨到	1	507832	95.742748
41708	見多識廣	1	507833	95.742937
41709	見死不救	1	507834	95.743126
41710	見底	1	507835	95.743315
41711	見怪	1	507836	95.743504
41712	見招拆招	1	507837	95.743693
41713	見長	1	507838	95.743882
41714	見紅	1	507839	95.744071
41715	見面禮	1	507840	95.744260
41716	見風轉舵	1	507841	95.744449
41717	見報	1	507842	95.744638
41718	見廣識多	1	507843	95.744827
41719	見諒	1	507844	95.745016
41720	見賢思齊	1	507845	95.745205
41721	見機行事	1	507846	95.745394
41722	見獵心喜	1	507847	95.745583
41723	見禮	1	507848	95.745772
41724	見證式	1	507849	95.745961
41725	見證者	1	507850	95.746150
41726	角化	1	507851	95.746339
41727	角板山	1	507852	95.746528
41728	角度型	1	507853	95.746717
41729	角料	1	507854	95.746906
41730	角馬	1	507855	95.747095
41731	角基部	1	507856	95.747284
41732	角速度	1	507857	95.747473
41733	角端	1	507858	95.747662
41734	角膜	1	507859	95.747851
41735	角質狀	1	507860	95.748040
41736	角龍	1	507861	95.748229
41737	角觝	1	507862	95.748418
41738	言下	1	507863	95.748607
41739	言出必行	1	507864	95.748796
41740	言行相悖	1	507865	95.748985
41741	言明	1	507866	95.749174
41742	言情小說	1	507867	95.749363
41743	言語無味	1	507868	95.749552
41744	言談舉止	1	507869	95.749741
41745	言歸正傳	1	507870	95.749930
41746	谷名倫	1	507871	95.750119
41747	谷崎潤一郎	1	507872	95.750308
41748	谷關	1	507873	95.750497
41749	豆大	1	507874	95.750686
41750	豆沙月餅	1	507875	95.750875
41751	豆酥白肉	1	507876	95.751064
41752	豆腐宴	1	507877	95.751253
41753	豆腐乾子	1	507878	95.751442
41754	豆薯	1	507879	95.751631
41755	貝汀	1	507880	95.751820
41756	貝列弗醫學中心	1	507881	95.752009
41757	貝克	1	507882	95.752198
41758	貝拉宮	1	507883	95.752387
41759	貝洛斯	1	507884	95.752576
41760	貝特杭布里葉	1	507885	95.752765
41761	貝特杭塔維涅	1	507886	95.752954
41762	貝斯聲	1	507887	95.753143
41763	貝塚	1	507888	95.753332
41764	貝塔	1	507889	95.753521
41765	貝蒂米德勒	1	507890	95.753710
41766	貝爾格勒	1	507891	95.753899
41767	貝爾電話公司	1	507892	95.754088
41768	貝齊寮人	1	507893	95.754277
41769	貝類	1	507894	95.754466
41770	赤子之情	1	507895	95.754655
41771	赤手	1	507896	95.754844
41772	赤日	1	507897	95.755033
41773	赤地之戀	1	507898	95.755222
41774	赤身	1	507899	95.755411
41775	赤身裸體	1	507900	95.755600
41776	赤馬國小	1	507901	95.755789
41777	赤貧	1	507902	95.755978
41778	赤貧區	1	507903	95.756167
41779	赤嵌樓	1	507904	95.756356
41780	赤膊	1	507905	95.756545
41781	赤褐色	1	507906	95.756734
41782	赤膽忠心	1	507907	95.756923
41783	赤瓊花	1	507908	95.757112
41784	走步	1	507909	95.757301
41785	走私案	1	507910	95.757490
41786	走私販	1	507911	95.757679
41787	走後門	1	507912	95.757868
41788	走馬上任	1	507913	95.758057
41789	走馬看花	1	507914	95.758246
41790	走馬瀨	1	507915	95.758435
41791	走馬觀花	1	507916	95.758624
41792	走掉	1	507917	95.758813
41793	走廊線	1	507918	95.759002
41794	走廊環	1	507919	95.759191
41795	走著瞧	1	507920	95.759380
41796	走貶	1	507921	95.759569
41797	走資派	1	507922	95.759758
41798	走遍天下	1	507923	95.759947
41799	走遠	1	507924	95.760136
41800	走錯路	1	507925	95.760325
41801	走避	1	507926	95.760514
41802	走獸	1	507927	95.760703
41803	走穩	1	507928	95.760892
41804	足下藝術	1	507929	95.761081
41805	足印	1	507930	95.761270
41806	足足有餘	1	507931	95.761459
41807	足使	1	507932	95.761648
41808	足底	1	507933	95.761837
41809	足球員	1	507934	95.762026
41810	足球場	1	507935	95.762215
41811	足趾	1	507936	95.762404
41812	足絲蟻	1	507937	95.762593
41813	足隊	1	507938	95.762782
41814	足傷	1	507939	95.762971
41815	身心靈療法	1	507940	95.763160
41816	身先士卒	1	507941	95.763349
41817	身免	1	507942	95.763538
41818	身受其害	1	507943	95.763727
41819	身畔	1	507944	95.763916
41820	身強體壯	1	507945	95.764105
41821	身敗名裂	1	507946	95.764294
41822	身輕如燕	1	507947	95.764483
41823	身歷聲	1	507948	95.764672
41824	身懷六甲	1	507949	95.764861
41825	身體檢查	1	507950	95.765050
41826	車水馬龍	1	507951	95.765239
41827	車用潤滑油	1	507952	95.765428
41828	車行	1	507953	95.765617
41829	車衣	1	507954	95.765806
41830	車身防滾桿	1	507955	95.765995
41831	車房	1	507956	95.766184
41832	車況	1	507957	95.766373
41833	車前雷達警示系統	1	507958	95.766562
41834	車城	1	507959	95.766751
41835	車架	1	507960	95.766940
41836	車軌	1	507961	95.767129
41837	車針	1	507962	95.767318
41838	車馬炮	1	507963	95.767507
41839	車高	1	507964	95.767696
41840	車停	1	507965	95.767885
41841	車側進氣口	1	507966	95.768074
41842	車側裙腳	1	507967	95.768263
41843	車匙	1	507968	95.768452
41844	車帶	1	507969	95.768641
41845	車頂置物架	1	507970	95.768830
41846	車場	1	507971	95.769019
41847	車棚	1	507972	95.769208
41848	車稅	1	507973	95.769397
41849	車距	1	507974	95.769586
41850	車距系統	1	507975	95.769775
41851	車量	1	507976	95.769964
41852	車號	1	507977	95.770153
41853	車鼓	1	507978	95.770342
41854	車鼓陣	1	507979	95.770531
41855	車爾臣	1	507980	95.770720
41856	車鼻	1	507981	95.770909
41857	車踏板	1	507982	95.771098
41858	車艙	1	507983	95.771287
41859	車險	1	507984	95.771476
41860	車頭水箱網罩	1	507985	95.771665
41861	車頭蓋	1	507986	95.771854
41862	車頭燈	1	507987	95.772043
41863	車聲	1	507988	95.772232
41864	車轍	1	507989	95.772421
41865	車埕	1	507990	95.772610
41866	辛巴達	1	507991	95.772799
41867	辛亥	1	507992	95.772988
41868	辛亥革命	1	507993	95.773177
41869	辛亥路	1	507994	95.773366
41870	辛亥雙十	1	507995	95.773555
41871	辛貝克	1	507996	95.773744
41872	辛妮歐康諾	1	507997	95.773933
41873	辛金傳	1	507998	95.774122
41874	辛登	1	507999	95.774311
41875	辛酸史	1	508000	95.774500
41876	辛酸血淚	1	508001	95.774689
41877	迅即	1	508002	95.774878
41878	迅快	1	508003	95.775067
41879	迄未	1	508004	95.775256
41880	巡弋飛彈	1	508005	95.775445
41881	巡防	1	508006	95.775634
41882	巡航公司	1	508007	95.775823
41883	巡航引擎轉速	1	508008	95.776012
41884	巡迴公演	1	508009	95.776201
41885	巡迴站	1	508010	95.776390
41886	巡迴演出	1	508011	95.776579
41887	巡訪	1	508012	95.776768
41888	巡演	1	508013	95.776957
41889	巡閱	1	508014	95.777146
41890	巡邏艦	1	508015	95.777335
41891	邢玉林	1	508016	95.777524
41892	邢真理	1	508017	95.777713
41893	邢慧	1	508018	95.777902
41894	邪氣	1	508019	95.778091
41895	邪神	1	508020	95.778280
41896	邪魔	1	508021	95.778469
41897	那不勒斯	1	508022	95.778658
41898	那回事	1	508023	95.778847
41899	那夏巴鎮	1	508024	95.779036
41900	那根所有權	1	508025	95.779225
41901	那索羅	1	508026	95.779414
41902	那般	1	508027	95.779603
41903	那琦	1	508028	95.779792
41904	那端	1	508029	95.779981
41905	那麼地	1	508030	95.780170
41906	那樣子	1	508031	95.780359
41907	酉陽雜俎	1	508032	95.780548
41908	里卡河	1	508033	95.780737
41909	里卡高原	1	508034	95.780926
41910	里民	1	508035	95.781115
41911	里肌	1	508036	95.781304
41912	里約	1	508037	95.781493
41913	里耶卡城	1	508038	95.781682
41914	里港鄉	1	508039	95.781871
41915	里諾市	1	508040	95.782060
41916	里諾市創傷治療中心	1	508041	95.782249
41917	防氾	1	508042	95.782438
41918	防汙設備	1	508043	95.782627
41919	防杜	1	508044	95.782816
41920	防沙	1	508045	95.783005
41921	防身	1	508046	95.783194
41922	防身術	1	508047	95.783383
41923	防制法	1	508048	95.783572
41924	防空洞	1	508049	95.783761
41925	防空演習	1	508050	95.783950
41926	防洪	1	508051	95.784139
41927	防音設備	1	508052	95.784328
41928	防風	1	508053	95.784517
41929	防風林	1	508054	95.784706
41930	防眩光照明設備	1	508055	95.784895
41931	防患	1	508056	95.785084
41932	防桿	1	508057	95.785273
41933	防盜系統	1	508058	95.785462
41934	防微杜漸	1	508059	95.785651
41935	防滑衣架	1	508060	95.785840
41936	防塵保護蓋	1	508061	95.786029
41937	防弊除害	1	508062	95.786218
41938	防腐	1	508063	95.786407
41939	防颱中心	1	508064	95.786596
41940	防彈衣	1	508065	95.786785
41941	防彈車	1	508066	95.786974
41942	防撞器	1	508067	95.787163
41943	防潛滑前座椅椅墊	1	508068	95.787352
41944	防潮	1	508069	95.787541
41945	防皺	1	508070	95.787730
41946	防範未然	1	508071	95.787919
41947	防蝨	1	508072	95.788108
41948	防衛隊	1	508073	95.788297
41949	防衛網	1	508074	95.788486
41950	防衛廳	1	508075	95.788675
41951	防震教育	1	508076	95.788864
41952	防禦性	1	508077	95.789053
41953	防禦塔	1	508078	95.789242
41954	防諜	1	508079	95.789431
41955	防鎖死煞車	1	508080	95.789620
41956	防鎖煞車	1	508081	95.789809
41957	防爆衣	1	508082	95.789998
41958	防鏽鋼板	1	508083	95.790187
41959	防護眼鏡	1	508084	95.790376
41960	防鹽性	1	508085	95.790565
41961	阮成章	1	508086	95.790754
41962	阮剛猛	1	508087	95.790943
41963	阮崇武	1	508088	95.791132
41964	阮義忠	1	508089	95.791321
41965	並肩齊步	1	508090	95.791510
41966	並陳	1	508091	95.791699
41967	並進	1	508092	95.791888
41968	並稱	1	508093	95.792077
41969	乖乖牌	1	508094	95.792266
41970	乖謬	1	508095	95.792455
41971	乖寶寶	1	508096	95.792644
41972	乳母	1	508097	95.792833
41973	乳白	1	508098	95.793022
41974	乳黃色	1	508099	95.793211
41975	乳膏	1	508100	95.793400
41976	乳製品	1	508101	95.793589
41977	乳酸	1	508102	95.793778
41978	乳酸菌	1	508103	95.793967
41979	乳頭狀	1	508104	95.794156
41980	事不宜遲	1	508105	95.794345
41981	事不關己	1	508106	95.794534
41982	事在人為	1	508107	95.794723
41983	事成	1	508108	95.794912
41984	事有蹺蹊	1	508109	95.795101
41985	事物紀原	1	508110	95.795290
41986	事後案	1	508111	95.795479
41987	事勢	1	508112	95.795668
41988	事業有成	1	508113	95.795857
41989	事業宮	1	508114	95.796046
41990	事端	1	508115	95.796235
41991	事權	1	508116	95.796424
41992	亞丁	1	508117	95.796613
41993	亞丁灣	1	508118	95.796802
41994	亞力山大	1	508119	95.796991
41995	亞力山卓	1	508120	95.797180
41996	亞大經合高峰會	1	508121	95.797369
41997	亞太中心	1	508122	95.797558
41998	亞太共同體	1	508123	95.797747
41999	亞太偶戲展	1	508124	95.797936
42000	亞太經合高峰會議	1	508125	95.798125
42001	亞太廣告獎	1	508126	95.798314
42002	亞太影展	1	508127	95.798503
42003	亞西比	1	508128	95.798692
42004	亞利桑那	1	508129	95.798881
42005	亞那馬族	1	508130	95.799070
42006	亞里斯多德	1	508131	95.799259
42007	亞里斯特爾	1	508132	95.799448
42008	亞拉臘山	1	508133	95.799637
42009	亞東劇團	1	508134	95.799826
42010	亞油酸	1	508135	95.800015
42011	亞洲大陸	1	508136	95.800204
42012	亞洲地區	1	508137	95.800393
42013	亞洲基金會	1	508138	95.800582
42014	亞洲聚合	1	508139	95.800771
42015	亞洲證券	1	508140	95.800960
42016	亞美尼亞高原	1	508141	95.801149
42017	亞述群島	1	508142	95.801338
42018	亞修爾巴尼帕爾王	1	508143	95.801527
42019	亞倫可惠	1	508144	95.801716
42020	亞倫派庫拉	1	508145	95.801905
42021	亞倫馬歇爾	1	508146	95.802094
42022	亞倫曼肯	1	508147	95.802283
42023	亞倫雷奈	1	508148	95.802472
42024	亞哥	1	508149	95.802661
42025	亞馬孫	1	508150	95.802850
42026	亞馬孫河	1	508151	95.803039
42027	亞馬遜	1	508152	95.803228
42028	亞馬遜鸚鵡	1	508153	95.803417
42029	亞得里亞海之珠	1	508154	95.803606
42030	亞速群島	1	508155	95.803795
42031	亞麻布	1	508156	95.803984
42032	亞寒帶	1	508157	95.804173
42033	亞硝胺	1	508158	95.804362
42034	亞塞拜然	1	508159	95.804551
42035	亞瑟希勒	1	508160	95.804740
42036	亞瑟潘	1	508161	95.804929
42037	亞裔	1	508162	95.805118
42038	亞賊社	1	508163	95.805307
42039	亞運會	1	508164	95.805496
42040	亞歌花園	1	508165	95.805685
42041	亞種	1	508166	95.805874
42042	亞網	1	508167	95.806063
42043	亞歐大陸橋	1	508168	95.806252
42044	亞衛	1	508169	95.806441
42045	亞衛頻道	1	508170	95.806630
42046	亞歷山大大帝	1	508171	95.806819
42047	亞歷山大王	1	508172	95.807008
42048	亞歷山大古城	1	508173	95.807197
42049	亞歷克‧斯提爾	1	508174	95.807386
42050	亞蘭德倫鴨肉米粉	1	508175	95.807575
42051	享盡	1	508176	95.807764
42052	享樂者	1	508177	95.807953
42053	京兆	1	508178	95.808142
42054	京華證券投信	1	508179	95.808331
42055	京菜館	1	508180	95.808520
42056	京劇院	1	508181	95.808709
42057	佯狂	1	508182	95.808898
42058	依人	1	508183	95.809087
42059	依什爾	1	508184	95.809276
42060	依存度	1	508185	95.809465
42061	依時	1	508186	95.809654
42062	依索匹亞人	1	508187	95.809843
42063	依偎	1	508188	95.810032
42064	依莉莎白一世	1	508189	95.810221
42065	依傍	1	508190	95.810410
42066	依親	1	508191	95.810599
42067	依屬	1	508192	95.810788
42068	侍姬	1	508193	95.810977
42069	侍從	1	508194	95.811166
42070	侍衙	1	508195	95.811355
42071	侍應生	1	508196	95.811544
42072	佳山	1	508197	95.811733
42073	佳山機場	1	508198	95.811922
42074	佳句	1	508199	95.812111
42075	佳物	1	508200	95.812300
42076	佳品	1	508201	95.812489
42077	佳特利	1	508202	95.812678
42078	佳特利牌	1	508203	95.812867
42079	佳偶	1	508204	95.813056
42080	佳婿	1	508205	95.813245
42081	佳期	1	508206	95.813434
42082	佳評	1	508207	95.813623
42083	佳評如潮	1	508208	95.813812
42084	佳麗	1	508209	95.814001
42085	佳釀	1	508210	95.814190
42086	使女	1	508211	95.814379
42087	使用者付費	1	508212	95.814568
42088	使用品	1	508213	95.814757
42089	使用率	1	508214	95.814946
42090	使用量	1	508215	95.815135
42091	使君子	1	508216	95.815324
42092	使君子丸	1	508217	95.815513
42093	使徒	1	508218	95.815702
42094	使華	1	508219	95.815891
42095	使節	1	508220	95.816080
42096	使館	1	508221	95.816269
42097	供玉欽	1	508222	95.816458
42098	供血	1	508223	95.816647
42099	供油系統	1	508224	95.816836
42100	供花	1	508225	95.817025
42101	供花獻果	1	508226	95.817214
42102	供給面	1	508227	95.817403
42103	供電法	1	508228	95.817592
42104	供稱	1	508229	95.817781
42105	供需失調	1	508230	95.817970
42106	供應地	1	508231	95.818159
42107	供應面	1	508232	95.818348
42108	供應區	1	508233	95.818537
42109	供應量	1	508234	95.818726
42110	供髓	1	508235	95.818915
42111	例假日	1	508236	95.819104
42112	例常	1	508237	95.819293
42113	例常性	1	508238	95.819482
42114	例會	1	508239	95.819671
42115	來日	1	508240	95.819860
42116	來令片	1	508241	95.820049
42117	來犯	1	508242	95.820238
42118	來生	1	508243	95.820427
42119	來由	1	508244	95.820616
42120	來回票	1	508245	95.820805
42121	來年	1	508246	95.820994
42122	來此	1	508247	95.821183
42123	來來百貨	1	508248	95.821372
42124	來者不拒	1	508249	95.821561
42125	來勁	1	508250	95.821750
42126	來客	1	508251	95.821939
42127	來看天堂	1	508252	95.822128
42128	來時路	1	508253	95.822317
42129	來馬德雷山	1	508254	95.822506
42130	來處	1	508255	95.822695
42131	來富狗	1	508256	95.822884
42132	來朝	1	508257	95.823073
42133	來勢	1	508258	95.823262
42134	來意	1	508259	95.823451
42135	來福槍	1	508260	95.823640
42136	來潮	1	508261	95.823829
42137	來龍去脈	1	508262	95.824018
42138	侃侃	1	508263	95.824207
42139	併用	1	508264	95.824396
42140	併吞	1	508265	95.824585
42141	併計	1	508266	95.824774
42142	佩姬蘇要出嫁	1	508267	95.824963
42143	佩特拉科	1	508268	95.825152
42144	佩帶	1	508269	95.825341
42145	佩徹斯克修道院	1	508270	95.825530
42146	侏儒鸚鵡	1	508271	95.825719
42147	侏羅山脈	1	508272	95.825908
42148	侏羅紀恐龍	1	508273	95.826097
42149	侏儸紀公園	1	508274	95.826286
42150	侑酒	1	508275	95.826475
42151	兔媽媽	1	508276	95.826664
42152	兔寶寶	1	508277	95.826853
42153	兒女心	1	508278	95.827042
42154	兒子的大玩偶	1	508279	95.827231
42155	兒化音	1	508280	95.827420
42156	兒玉源太郎	1	508281	95.827609
42157	兒協	1	508282	95.827798
42158	兒保月	1	508283	95.827987
42159	兒科	1	508284	95.828176
42160	兒婦	1	508285	95.828365
42161	兒童多動症	1	508286	95.828554
42162	兒童安全座椅	1	508287	95.828743
42163	兒童托育中心	1	508288	95.828932
42164	兒童性科學	1	508289	95.829121
42165	兒童拒學症	1	508290	95.829310
42166	兒童芭蕾課程	1	508291	95.829499
42167	兒童保護法	1	508292	95.829688
42168	兒童保護基金	1	508293	95.829877
42169	兒童室	1	508294	95.830066
42170	兒童音樂會	1	508295	95.830255
42171	兒童時期	1	508296	95.830444
42172	兒童書	1	508297	95.830633
42173	兒童浮潛班	1	508298	95.830822
42174	兒童基金會	1	508299	95.831011
42175	兒童博物館	1	508300	95.831200
42176	兒童暑期美術營	1	508301	95.831389
42177	兒童期創傷	1	508302	95.831578
42178	兒童畫	1	508303	95.831767
42179	兒童畫展	1	508304	95.831956
42180	兒童節目	1	508305	95.832145
42181	兒童遊樂場	1	508306	95.832334
42182	兒童電腦	1	508307	95.832523
42183	兒童圖書室	1	508308	95.832712
42184	兒童圖書獎	1	508309	95.832901
42185	兒童福利中心	1	508310	95.833090
42186	兒童福利法	1	508311	95.833279
42187	兒童福利金	1	508312	95.833468
42188	兒童語文學校	1	508313	95.833657
42189	兒童劇場	1	508314	95.833846
42190	兒童寫生比賽	1	508315	95.834035
42191	兒童樂隊	1	508316	95.834224
42192	兒童閱覽室	1	508317	95.834413
42193	兒童館	1	508318	95.834602
42194	兒童環保聯盟	1	508319	95.834791
42195	兒福基金會	1	508320	95.834980
42196	兒福預算	1	508321	95.835169
42197	兒福館	1	508322	95.835358
42198	兒福聯盟	1	508323	95.835547
42199	兒語	1	508324	95.835736
42200	兩夫妻	1	508325	95.835925
42201	兩半	1	508326	95.836114
42202	兩生類	1	508327	95.836303
42203	兩用	1	508328	95.836492
42204	兩用車	1	508329	95.836681
42205	兩地	1	508330	95.836870
42206	兩京	1	508331	95.837059
42207	兩岸交流	1	508332	95.837248
42208	兩岸直航	1	508333	95.837437
42209	兩岸問題	1	508334	95.837626
42210	兩岸經貿	1	508335	95.837815
42211	兩岸罪犯遣送條例	1	508336	95.838004
42212	兩性人	1	508337	95.838193
42213	兩性婚姻學	1	508338	95.838382
42214	兩性認知	1	508339	95.838571
42215	兩相宜	1	508340	95.838760
42216	兩倍	1	508341	95.838949
42217	兩個油漆匠	1	508342	95.839138
42218	兩情相悅	1	508343	95.839327
42219	兩眼	1	508344	95.839516
42220	兩造	1	508345	95.839705
42221	兩廂情願	1	508346	95.839894
42222	兩棲動物	1	508347	95.840083
42223	兩棲部隊	1	508348	95.840272
42224	兩棲類	1	508349	95.840461
42225	兩稅制	1	508350	95.840650
42226	兩週	1	508351	95.840839
42227	兩傻闖江湖	1	508352	95.841028
42228	兩會	1	508353	95.841217
42229	兩廣總督	1	508354	95.841406
42230	兩德	1	508355	95.841595
42231	兩碼事	1	508356	95.841784
42232	兩頰	1	508357	95.841973
42233	兩翼	1	508358	95.842162
42234	兩鬢	1	508359	95.842351
42235	兩鬢飛霜	1	508360	95.842540
42236	兩廳院	1	508361	95.842729
42237	具現	1	508362	95.842918
42238	具領	1	508363	95.843107
42239	具體化	1	508364	95.843296
42240	具體而微	1	508365	95.843485
42241	典章制度	1	508366	95.843674
42242	典藏本	1	508367	95.843863
42243	典藝	1	508368	95.844052
42244	典麗	1	508369	95.844241
42245	函索	1	508370	95.844430
42246	函授	1	508371	95.844619
42247	函授學校	1	508372	95.844808
42248	刻印	1	508373	95.844997
42249	刻書局	1	508374	95.845186
42250	刻書鋪	1	508375	95.845375
42251	刻寫	1	508376	95.845564
42252	刻鑿	1	508377	95.845753
42253	券商公會	1	508378	95.845942
42254	刷手	1	508379	95.846131
42255	刷柄	1	508380	95.846320
42256	刷清	1	508381	95.846509
42257	刷淨	1	508382	95.846698
42258	刷新	1	508383	95.846887
42259	刷頭	1	508384	95.847076
42260	刺扎	1	508385	95.847265
42261	刺血針	1	508386	95.847454
42262	刺狀	1	508387	95.847643
42263	刺胞動物	1	508388	95.847832
42264	刺破	1	508389	95.848021
42265	刺痛	1	508390	95.848210
42266	刺痛感	1	508391	95.848399
42267	刺絲	1	508392	95.848588
42268	刺蛾	1	508393	95.848777
42269	刺網	1	508394	95.848966
42270	刺激感	1	508395	95.849155
42271	刺鐵絲網	1	508396	95.849344
42272	刺鐵線	1	508397	95.849533
42273	到任國書	1	508398	95.849722
42274	到位率	1	508399	95.849911
42275	到府	1	508400	95.850100
42276	到家	1	508401	95.850289
42277	到庭	1	508402	95.850478
42278	到時候	1	508403	95.850667
42279	到貨量	1	508404	95.850856
42280	刮刀	1	508405	95.851045
42281	刮去	1	508406	95.851234
42282	刮沙	1	508407	95.851423
42283	刮泥	1	508408	95.851612
42284	刮削器	1	508409	95.851801
42285	刮起	1	508410	95.851990
42286	刮畫	1	508411	95.852179
42287	刮擦	1	508412	95.852368
42288	刮鬍子	1	508413	95.852557
42289	制式	1	508414	95.852746
42290	制改	1	508415	95.852935
42291	制定者	1	508416	95.853124
42292	制誥	1	508417	95.853313
42293	制劑	1	508418	95.853502
42294	制憲	1	508419	95.853691
42295	卒年	1	508420	95.853880
42296	協和國小	1	508421	95.854069
42297	協商小組	1	508422	95.854258
42298	卓以定	1	508423	95.854447
42299	卑屈	1	508424	95.854636
42300	卑南遺址	1	508425	95.854825
42301	卑溼	1	508426	95.855014
42302	卷子	1	508427	95.855203
42303	卷伏	1	508428	95.855392
42304	卷軸畫	1	508429	95.855581
42305	卸甲棄兵	1	508430	95.855770
42306	卸妝	1	508431	95.855959
42307	卸放	1	508432	95.856148
42308	卸掉	1	508433	95.856337
42309	取火	1	508434	95.856526
42310	取代者	1	508435	95.856715
42311	取巧	1	508436	95.856904
42312	取自	1	508437	95.857093
42313	取走	1	508438	95.857282
42314	取卸	1	508439	95.857471
42315	取法	1	508440	95.857660
42316	取長補短	1	508441	95.857849
42317	取財	1	508442	95.858038
42318	取清	1	508443	95.858227
42319	取景	1	508444	95.858416
42320	取樣	1	508445	95.858605
42321	取諦	1	508446	95.858794
42322	取靜	1	508447	95.858983
42323	叔公	1	508448	95.859172
42324	受付電話	1	508449	95.859361
42325	受孕期	1	508450	95.859550
42326	受托	1	508451	95.859739
42327	受血者	1	508452	95.859928
42328	受冷落	1	508453	95.860117
42329	受戒	1	508454	95.860306
42330	受災	1	508455	95.860495
42331	受命	1	508456	95.860684
42332	受屈	1	508457	95.860873
42333	受肯定	1	508458	95.861062
42334	受信總機系統	1	508459	95.861251
42335	受哄	1	508460	95.861440
42336	受洗	1	508461	95.861629
42337	受負累	1	508462	95.861818
42338	受重用	1	508463	95.862007
42339	受氣包	1	508464	95.862196
42340	受益良多	1	508465	95.862385
42341	受益無窮	1	508466	95.862574
42342	受益費	1	508467	95.862763
42343	受益權	1	508468	95.862952
42344	受託人法	1	508469	95.863141
42345	受託者	1	508470	95.863330
42346	受託銀行	1	508471	95.863519
42347	受教	1	508472	95.863708
42348	受教權	1	508473	95.863897
42349	受詞	1	508474	95.864086
42350	受賀	1	508475	95.864275
42351	受雇者	1	508476	95.864464
42352	受損者	1	508477	95.864653
42353	受業	1	508478	95.864842
42354	受話人	1	508479	95.865031
42355	受僱	1	508480	95.865220
42356	受盡	1	508481	95.865409
42357	受精作用	1	508482	95.865598
42358	受影響	1	508483	95.865787
42359	受獎	1	508484	95.865976
42360	受壓	1	508485	95.866165
42361	受薪者	1	508486	95.866354
42362	受薪階級	1	508487	95.866543
42363	受贈	1	508488	95.866732
42364	受難人	1	508489	95.866921
42365	受議者	1	508490	95.867110
42366	受驚	1	508491	95.867299
42367	受讓人	1	508492	95.867488
42368	味王食品	1	508493	95.867677
42369	味全公司	1	508494	95.867866
42370	味全和泰集團	1	508495	95.868055
42371	味全龍隊	1	508496	95.868244
42372	味同嚼蠟	1	508497	95.868433
42373	味兒	1	508498	95.868622
42374	味苦	1	508499	95.868811
42375	呵氣	1	508500	95.869000
42376	咖哩鱔魚堡	1	508501	95.869189
42377	咖啡	1	508502	95.869378
42378	咖啡杯	1	508503	95.869567
42379	咖啡屋	1	508504	95.869756
42380	咖啡座	1	508505	95.869945
42381	咖啡樹	1	508506	95.870134
42382	咕咕	1	508507	95.870323
42383	咕嚕	1	508508	95.870512
42384	咀咒	1	508509	95.870701
42385	咒言	1	508510	95.870890
42386	咆哮如雷	1	508511	95.871079
42387	咆哮聲	1	508512	95.871268
42388	呼口號	1	508513	95.871457
42389	呼天喊地	1	508514	95.871646
42390	呼出	1	508515	95.871835
42391	呼吸系統	1	508516	95.872024
42392	呼吸管道	1	508517	95.872213
42393	呼求	1	508518	95.872402
42394	呼呼	1	508519	95.872591
42395	呼呼大睡	1	508520	95.872780
42396	呼拉圈	1	508521	95.872969
42397	呼嚕聲	1	508522	95.873158
42398	呱呱落地	1	508523	95.873347
42399	呱噪	1	508524	95.873536
42400	和平小天使	1	508525	95.873725
42401	和平公園	1	508526	95.873914
42402	和平軍	1	508527	95.874103
42403	和平島	1	508528	95.874292
42404	和平鄉	1	508529	95.874481
42405	和平鴿	1	508530	95.874670
42406	和好如初	1	508531	95.874859
42407	和血吞	1	508532	95.875048
42408	和和氣氣	1	508533	95.875237
42409	和門	1	508534	95.875426
42410	和音	1	508535	95.875615
42411	和風獎	1	508536	95.875804
42412	和桐化學	1	508537	95.875993
42413	和氣	1	508538	95.876182
42414	和泰汽車	1	508539	95.876371
42415	和泰集團	1	508540	95.876560
42416	和記傳訊	1	508541	95.876749
42417	和暖	1	508542	95.876938
42418	和靜縣	1	508543	95.877127
42419	咚咚	1	508544	95.877316
42420	呢喃	1	508545	95.877505
42421	呢帽	1	508546	95.877694
42422	周一	1	508547	95.877883
42423	周子若	1	508548	95.878072
42424	周五	1	508549	95.878261
42425	周六	1	508550	95.878450
42426	周文賢	1	508551	95.878639
42427	周王世系	1	508552	95.878828
42428	周王府	1	508553	95.879017
42429	周匝	1	508554	95.879206
42430	周平	1	508555	95.879395
42431	周平德	1	508556	95.879584
42432	周在浚	1	508557	95.879773
42433	周如松	1	508558	95.879962
42434	周成來	1	508559	95.880151
42435	周成過臺灣	1	508560	95.880340
42436	周克明	1	508561	95.880529
42437	周坐	1	508562	95.880718
42438	周知	1	508563	95.880907
42439	周芷事件	1	508564	95.881096
42440	周長	1	508565	95.881285
42441	周亮工	1	508566	95.881474
42442	周美青	1	508567	95.881663
42443	周徑	1	508568	95.881852
42444	周徑基數	1	508569	95.882041
42445	周恩來傳	1	508570	95.882230
42446	周根南	1	508571	95.882419
42447	周浩正	1	508572	95.882608
42448	周清玉	1	508573	95.882797
42449	周產期	1	508574	95.882986
42450	周細滿	1	508575	95.883175
42451	周莊	1	508576	95.883364
42452	周報	1	508577	95.883553
42453	周暉	1	508578	95.883742
42454	周歲	1	508579	95.883931
42455	周瑞	1	508580	95.884120
42456	周裕恆	1	508581	95.884309
42457	周遊	1	508582	95.884498
42458	周慧瑛	1	508583	95.884687
42459	周潤發	1	508584	95.884876
42460	周龍田	1	508585	95.885065
42461	周聯華	1	508586	95.885254
42462	周轉金	1	508587	95.885443
42463	周藩	1	508588	95.885632
42464	命理學家	1	508589	95.885821
42465	命喪	1	508590	95.886010
42466	固山額真	1	508591	95.886199
42467	固安縣	1	508592	95.886388
42468	固始汗	1	508593	95.886577
42469	固定性	1	508594	95.886766
42470	固定液	1	508595	95.886955
42471	固定稅率	1	508596	95.887144
42472	固定窗	1	508597	95.887333
42473	固定費	1	508598	95.887522
42474	固定資產	1	508599	95.887711
42475	固若金湯	1	508600	95.887900
42476	固執己見	1	508601	95.888089
42477	垃圾子母車	1	508602	95.888278
42478	垃圾焚化爐	1	508603	95.888467
42479	垃圾筒	1	508604	95.888656
42480	垃圾箱	1	508605	95.888845
42481	垃圾戰	1	508606	95.889034
42482	坪林分校	1	508607	95.889223
42483	坪頂	1	508608	95.889412
42484	坩鍋	1	508609	95.889601
42485	坡地	1	508610	95.889790
42486	坡度	1	508611	95.889979
42487	坡幣	1	508612	95.890168
42488	坦白說	1	508613	95.890357
42489	坦蕩	1	508614	95.890546
42490	坤寧宮	1	508615	95.890735
42491	坤輿萬國全圖	1	508616	95.890924
42492	夜大學	1	508617	95.891113
42493	夜功河	1	508618	95.891302
42494	夜光	1	508619	95.891491
42495	夜光池	1	508620	95.891680
42496	夜行性動物	1	508621	95.891869
42497	夜車	1	508622	95.892058
42498	夜夜夜狂	1	508623	95.892247
42499	夜夜激情夜	1	508624	95.892436
42500	夜長夢多	1	508625	95.892625
42501	夜校生	1	508626	95.892814
42502	夜班	1	508627	95.893003
42503	夜航	1	508628	95.893192
42504	夜教	1	508629	95.893381
42505	夜深人靜	1	508630	95.893570
42506	夜間行人檢測系統	1	508631	95.893759
42507	夜間陣發性呼吸困難	1	508632	95.893948
42508	夜蛾	1	508633	95.894137
42509	夜路	1	508634	95.894326
42510	夜幕低垂	1	508635	95.894515
42511	夜燈	1	508636	95.894704
42512	夜貓子	1	508637	95.894893
42513	夜餐	1	508638	95.895082
42514	夜闌人靜	1	508639	95.895271
42515	夜歸	1	508640	95.895460
42516	夜霧	1	508641	95.895649
42517	夜警	1	508642	95.895838
42518	夜鶯	1	508643	95.896027
42519	夜讀	1	508644	95.896216
42520	夜鷹	1	508645	95.896405
42521	夜鷺	1	508646	95.896594
42522	奉三無私殿	1	508647	95.896783
42523	奉天之難	1	508648	95.896972
42524	奉天行宮	1	508649	95.897161
42525	奉令	1	508650	95.897350
42526	奉召	1	508651	95.897539
42527	奉旨	1	508652	95.897728
42528	奉行不渝	1	508653	95.897917
42529	奉祀	1	508654	95.898106
42530	奉迎	1	508655	95.898295
42531	奉派	1	508656	95.898484
42532	奉祠	1	508657	95.898673
42533	奉送	1	508658	95.898862
42534	奉陪	1	508659	95.899051
42535	奉詔	1	508660	95.899240
42536	奉經	1	508661	95.899429
42537	奉樂	1	508662	95.899618
42538	奉調	1	508663	95.899807
42539	奉養	1	508664	95.899996
42540	奉還	1	508665	95.900185
42541	奇人	1	508666	95.900374
42542	奇士美	1	508667	95.900563
42543	奇士勞斯基	1	508668	95.900752
42544	奇大	1	508669	95.900941
42545	奇幻島	1	508670	95.901130
42546	奇功	1	508671	95.901319
42547	奇形異狀	1	508672	95.901508
42548	奇事	1	508673	95.901697
42549	奇岩	1	508674	95.901886
42550	奇俠	1	508675	95.902075
42551	奇風異俗	1	508676	95.902264
42552	奇差	1	508677	95.902453
42553	奇情	1	508678	95.902642
42554	奇貨可居	1	508679	95.902831
42555	奇斯東公司	1	508680	95.903020
42556	奇斯勞斯基	1	508681	95.903209
42557	奇萊山	1	508682	95.903398
42558	奇禽	1	508683	95.903587
42559	奇經八脈考	1	508684	95.903776
42560	奇葩	1	508685	95.903965
42561	奇福餅乾	1	508686	95.904154
42562	奇聞妙事	1	508687	95.904343
42563	奇緣	1	508688	95.904532
42564	奇獸棺	1	508689	95.904721
42565	奈良公園	1	508690	95.904910
42566	奈思比	1	508691	95.905099
42567	奈思比報告	1	508692	95.905288
42568	奈勞斯	1	508693	95.905477
42569	奈爾	1	508694	95.905666
42570	奔月	1	508695	95.905855
42571	奔出	1	508696	95.906044
42572	奔回	1	508697	95.906233
42573	奔行	1	508698	95.906422
42574	奔赴	1	508699	95.906611
42575	奔逃	1	508700	95.906800
42576	奔湧	1	508701	95.906989
42577	奔瀉	1	508702	95.907178
42578	奔躍	1	508703	95.907367
42579	妻女	1	508704	95.907556
42580	妻妾成群	1	508705	95.907745
42581	妻宮	1	508706	95.907934
42582	妻離子散	1	508707	95.908123
42583	妻孥	1	508708	95.908312
42584	委人	1	508709	95.908501
42585	委曲求全	1	508710	95.908690
42586	委派	1	508711	95.908879
42587	委員長	1	508712	95.909068
42588	委託書	1	508713	95.909257
42589	委婉	1	508714	95.909446
42590	委實	1	508715	95.909635
42591	委選	1	508716	95.909824
42592	妮維雅面霜	1	508717	95.910013
42593	妮妲梨	1	508718	95.910202
42594	姑姑	1	508719	95.910391
42595	姑嫂	1	508720	95.910580
42596	姑蘇	1	508721	95.910769
42597	姍姍	1	508722	95.910958
42598	姍姍來遲	1	508723	95.911147
42599	始末	1	508724	95.911336
42600	始料	1	508725	95.911525
42601	始祖	1	508726	95.911714
42602	始能	1	508727	95.911903
42603	始基	1	508728	95.912092
42604	始終不渝	1	508729	95.912281
42605	始終不變	1	508730	95.912470
42606	始業式	1	508731	95.912659
42607	姊妹校	1	508732	95.912848
42608	姊妹會	1	508733	95.913037
42609	妯娌	1	508734	95.913226
42610	孟元老	1	508735	95.913415
42611	孟加拉虎	1	508736	95.913604
42612	孟加拉農村促進委員會	1	508737	95.913793
42613	孟宗竹	1	508738	95.913982
42614	孟東離	1	508739	95.914171
42615	孟東籬	1	508740	95.914360
42616	孟武伯	1	508741	95.914549
42617	孟姜女	1	508742	95.914738
42618	孟庭麗	1	508743	95.914927
42619	孟昶	1	508744	95.915116
42620	孤山	1	508745	95.915305
42621	孤立腎	1	508746	95.915494
42622	孤老	1	508747	95.915683
42623	孤臣	1	508748	95.915872
42624	孤伶伶	1	508749	95.916061
42625	孤君	1	508750	95.916250
42626	孤兒院	1	508751	95.916439
42627	孤注一擲	1	508752	95.916628
42628	孤苦	1	508753	95.916817
42629	孤苦伶仃	1	508754	95.917006
42630	孤苦無依	1	508755	95.917195
42631	孤軍奮鬥	1	508756	95.917384
42632	孤飛	1	508757	95.917573
42633	孤挺	1	508758	95.917762
42634	孤挺花	1	508759	95.917951
42635	孤案	1	508760	95.918140
42636	孤高	1	508761	95.918329
42637	孤零零	1	508762	95.918518
42638	孤臺	1	508763	95.918707
42639	孤墳	1	508764	95.918896
42640	孤獨症	1	508765	95.919085
42641	孤獨感	1	508766	95.919274
42642	孤癖	1	508767	95.919463
42643	孤雛淚	1	508768	95.919652
42644	孤懸	1	508769	95.919841
42645	孤鷹	1	508770	95.920030
42646	季末	1	508771	95.920219
42647	季叔同	1	508772	95.920408
42648	季報	1	508773	95.920597
42649	季會	1	508774	95.920786
42650	季節性	1	508775	95.920975
42651	季麒光	1	508776	95.921164
42652	宗人	1	508777	95.921353
42653	宗主權	1	508778	95.921542
42654	宗谷陸橋	1	508779	95.921731
42655	宗師	1	508780	95.921920
42656	宗祠	1	508781	95.922109
42657	宗教性	1	508782	95.922298
42658	宗教音樂	1	508783	95.922487
42659	宗教家	1	508784	95.922676
42660	宗教理論	1	508785	95.922865
42661	宗華	1	508786	95.923054
42662	宗學	1	508787	95.923243
42663	定生	1	508788	95.923432
42664	定江山	1	508789	95.923621
42665	定序	1	508790	95.923810
42666	定形	1	508791	95.923999
42667	定身術	1	508792	95.924188
42668	定制	1	508793	95.924377
42669	定法	1	508794	95.924566
42670	定為	1	508795	95.924755
42671	定軍山	1	508796	95.924944
42672	定神	1	508797	95.925133
42673	定基線	1	508798	95.925322
42674	定理	1	508799	95.925511
42675	定然	1	508800	95.925700
42676	定睛	1	508801	95.925889
42677	定罪	1	508802	95.926078
42678	定裝照	1	508803	95.926267
42679	定輸贏	1	508804	95.926456
42680	定儲	1	508805	95.926645
42681	定點式	1	508806	95.926834
42682	定點直航	1	508807	95.927023
42683	定點旅遊	1	508808	95.927212
42684	定額免稅	1	508809	95.927401
42685	官丁	1	508810	95.927590
42686	官太太	1	508811	95.927779
42687	官田	1	508812	95.927968
42688	官印	1	508813	95.928157
42689	官印紋	1	508814	95.928346
42690	官式	1	508815	95.928535
42691	官兵捉強盜	1	508816	95.928724
42692	官妓	1	508817	95.928913
42693	官味	1	508818	95.929102
42694	官服	1	508819	95.929291
42695	官舍	1	508820	95.929480
42696	官非	1	508821	95.929669
42697	官軍	1	508822	95.929858
42698	官俸	1	508823	95.930047
42699	官差	1	508824	95.930236
42700	官設	1	508825	95.930425
42701	官感	1	508826	95.930614
42702	官煤廠	1	508827	95.930803
42703	官署	1	508828	95.930992
42704	官衙	1	508829	95.931181
42705	官僚主義	1	508830	95.931370
42706	官僚式組織	1	508831	95.931559
42707	官僚作風	1	508832	95.931748
42708	官僚系統	1	508833	95.931937
42709	官僚性	1	508834	95.932126
42710	官僚體制	1	508835	95.932315
42711	官樣文章	1	508836	95.932504
42712	官窯	1	508837	95.932693
42713	官戲	1	508838	95.932882
42714	官營	1	508839	95.933071
42715	官鴻志	1	508840	95.933260
42716	宜古宜今	1	508841	95.933449
42717	宜於	1	508842	95.933638
42718	宜昌	1	508843	95.933827
42719	宜昌照相鋪	1	508844	95.934016
42720	宜春	1	508845	95.934205
42721	宜情	1	508846	95.934394
42722	宜理	1	508847	95.934583
42723	宜興壺	1	508848	95.934772
42724	宜蘭平原	1	508849	95.934961
42725	宜蘭民烽劇團	1	508850	95.935150
42726	宜蘭高中	1	508851	95.935339
42727	宜蘭區	1	508852	95.935528
42728	宜蘭街	1	508853	95.935717
42729	宜蘭籍	1	508854	95.935906
42730	宜灣	1	508855	95.936095
42731	宛然	1	508856	95.936284
42732	宛轉	1	508857	95.936473
42733	尚皮耶尼內	1	508858	95.936662
42734	尚在	1	508859	95.936851
42735	尚艾瑞克	1	508860	95.937040
42736	尚武精神	1	508861	95.937229
42737	尚書法院	1	508862	95.937418
42738	尚無	1	508863	95.937607
42739	尚雷諾	1	508864	95.937796
42740	尚維果	1	508865	95.937985
42741	尚蟹科	1	508866	95.938174
42742	尚獻甫	1	508867	95.938363
42743	屈家嶺	1	508868	95.938552
42744	屈辱性	1	508869	95.938741
42745	屈膝	1	508870	95.938930
42746	居功甚偉	1	508871	95.939119
42747	居功厥偉	1	508872	95.939308
42748	居末	1	508873	95.939497
42749	居穴	1	508874	95.939686
42750	居先	1	508875	95.939875
42751	居住地	1	508876	95.940064
42752	居住區	1	508877	95.940253
42753	居住率	1	508878	95.940442
42754	居冠	1	508879	95.940631
42755	居首位	1	508880	95.940820
42756	居高臨下	1	508881	95.941009
42757	居無定所	1	508882	95.941198
42758	居間	1	508883	95.941387
42759	居維象	1	508884	95.941576
42760	居禮夫人獎	1	508885	95.941765
42761	屆齡	1	508886	95.941954
42762	岷山	1	508887	95.942143
42763	岡田	1	508888	95.942332
42764	岡西	1	508889	95.942521
42765	岡達瓦那大陸	1	508890	95.942710
42766	岩下志麻	1	508891	95.942899
42767	岩上舞孃	1	508892	95.943088
42768	岩穴	1	508893	95.943277
42769	岩地	1	508894	95.943466
42770	岩床	1	508895	95.943655
42771	岩岸地形	1	508896	95.943844
42772	岩金絲桃	1	508897	95.944033
42773	岩柱	1	508898	95.944222
42774	岩面	1	508899	95.944411
42775	岩屑地	1	508900	95.944600
42776	岩屑地形	1	508901	95.944789
42777	岩崖	1	508902	95.944978
42778	岩溶山脈	1	508903	95.945167
42779	岩鬚	1	508904	95.945356
42780	岩鷺	1	508905	95.945545
42781	岳丈	1	508906	95.945734
42782	岳武穆精忠報國	1	508907	95.945923
42783	岳家	1	508908	95.946112
42784	岳翎	1	508909	95.946301
42785	岳楓	1	508910	95.946490
42786	帕巴拉康	1	508911	95.946679
42787	帕休斯	1	508912	95.946868
42788	帕米爾	1	508913	95.947057
42789	帕米爾高原	1	508914	95.947246
42790	帕里克提火山	1	508915	95.947435
42791	帕里斯	1	508916	95.947624
42792	帕拉卡	1	508917	95.947813
42793	帕洛	1	508918	95.948002
42794	帕特羅克洛斯	1	508919	95.948191
42795	帕納索斯山	1	508920	95.948380
42796	帛畫	1	508921	95.948569
42797	幸子	1	508922	95.948758
42798	幸安國小	1	508923	95.948947
42799	幸災樂禍	1	508924	95.949136
42800	幸事	1	508925	95.949325
42801	幸運之神	1	508926	95.949514
42802	幸運兒	1	508927	95.949703
42803	幸運者	1	508928	95.949892
42804	幸運草	1	508929	95.950081
42805	幸運艦	1	508930	95.950270
42806	幸福感	1	508931	95.950459
42807	庚子拳亂	1	508932	95.950648
42808	庚甲	1	508933	95.950837
42809	店中店	1	508934	95.951026
42810	店主人	1	508935	95.951215
42811	店東	1	508936	95.951404
42812	店長	1	508937	95.951593
42813	店門口	1	508938	95.951782
42814	店章	1	508939	95.951971
42815	府上	1	508940	95.952160
42816	府治	1	508941	95.952349
42817	府門	1	508942	95.952538
42818	府院	1	508943	95.952727
42819	府第	1	508944	95.952916
42820	府道	1	508945	95.953105
42821	府銀	1	508946	95.953294
42822	府縣	1	508947	95.953483
42823	底本	1	508948	95.953672
42824	底座	1	508949	95.953861
42825	底特律	1	508950	95.954050
42826	底稿	1	508951	95.954239
42827	底薪	1	508952	95.954428
42828	庖丁解牛	1	508953	95.954617
42829	延安	1	508954	95.954806
42830	延年	1	508955	95.954995
42831	延年益壽	1	508956	95.955184
42832	延長線	1	508957	95.955373
42833	延長賽	1	508958	95.955562
42834	延胡索	1	508959	95.955751
42835	延修	1	508960	95.955940
42836	延教生	1	508961	95.956129
42837	延壽	1	508962	95.956318
42838	延燒	1	508963	95.956507
42839	延齡	1	508964	95.956696
42840	延襲	1	508965	95.956885
42841	弧彎	1	508966	95.957074
42842	往生	1	508967	95.957263
42843	往事歷歷	1	508968	95.957452
42844	往來戶	1	508969	95.957641
42845	往者已矣	1	508970	95.957830
42846	往復	1	508971	95.958019
42847	征伐	1	508972	95.958208
42848	征途	1	508973	95.958397
42849	征戰	1	508974	95.958586
42850	彼得‧米勒	1	508975	95.958775
42851	彼得‧杜拉克	1	508976	95.958964
42852	彼得‧葛羅夫	1	508977	95.959153
42853	彼得伍倫	1	508978	95.959342
42854	彼得杜拉克	1	508979	95.959531
42855	彼得沃夫岡	1	508980	95.959720
42856	彼得傑克森	1	508981	95.959909
42857	彼得奧圖	1	508982	95.960098
42858	彼端	1	508983	95.960287
42859	忝然	1	508984	95.960476
42860	忠奸	1	508985	95.960665
42861	忠孝節義	1	508986	95.960854
42862	忠孝醫院	1	508987	95.961043
42863	忠狗	1	508988	95.961232
42864	忠直	1	508989	95.961421
42865	忠信	1	508990	95.961610
42866	忠烈祠	1	508991	95.961799
42867	忠義國小	1	508992	95.961988
42868	忠魂	1	508993	95.962177
42869	忽忽如狂	1	508994	95.962366
42870	念叨	1	508995	95.962555
42871	念白	1	508996	95.962744
42872	念經	1	508997	95.962933
42873	忿忿	1	508998	95.963122
42874	忿忿不平	1	508999	95.963311
42875	忿恨	1	509000	95.963500
42876	忿然	1	509001	95.963689
42877	怔忡	1	509002	95.963878
42878	怯怯	1	509003	95.964067
42879	怯怯地	1	509004	95.964256
42880	怵目驚心	1	509005	95.964445
42881	怪人	1	509006	95.964634
42882	怪力亂神	1	509007	95.964823
42883	怪車	1	509008	95.965012
42884	怪味	1	509009	95.965201
42885	怪怪	1	509010	95.965390
42886	怪屋疑雲	1	509011	95.965579
42887	怪現象	1	509012	95.965768
42888	怪魚	1	509013	95.965957
42889	怪罪	1	509014	95.966146
42890	怪樣子	1	509015	95.966335
42891	怪談	1	509016	95.966524
42892	怪聲	1	509017	95.966713
42893	怪獸片	1	509018	95.966902
42894	怕死	1	509019	95.967091
42895	怕冷	1	509020	95.967280
42896	怕鬼	1	509021	95.967469
42897	怕麻煩	1	509022	95.967658
42898	怕熱	1	509023	95.967847
42899	怡紅院	1	509024	95.968036
42900	怡情	1	509025	95.968225
42901	怡富投信	1	509026	95.968414
42902	怡富馬來西亞信託基金	1	509027	95.968603
42903	怡然自樂	1	509028	95.968792
42904	性子急	1	509029	95.968981
42905	性幻想	1	509030	95.969170
42906	性心理障礙	1	509031	95.969359
42907	性心理學	1	509032	95.969548
42908	性文明	1	509033	95.969737
42909	性本能	1	509034	95.969926
42910	性犯罪	1	509035	95.970115
42911	性用藥	1	509036	95.970304
42912	性交易	1	509037	95.970493
42913	性伙伴	1	509038	95.970682
42914	性安全教育	1	509039	95.970871
42915	性早熟	1	509040	95.971060
42916	性別倒錯	1	509041	95.971249
42917	性別群體	1	509042	95.971438
42918	性別獨立王國	1	509043	95.971627
42919	性事	1	509044	95.971816
42920	性刺激	1	509045	95.972005
42921	性法制	1	509046	95.972194
42922	性狀圖	1	509047	95.972383
42923	性病防治	1	509048	95.972572
42924	性病患	1	509049	95.972761
42925	性追緝令	1	509050	95.972950
42926	性問題	1	509051	95.973139
42927	性敏感	1	509052	95.973328
42928	性欲	1	509053	95.973517
42929	性習慣	1	509054	95.973706
42930	性惡說	1	509055	95.973895
42931	性發育	1	509056	95.974084
42932	性發育學	1	509057	95.974273
42933	性傳染	1	509058	95.974462
42934	性傳播	1	509059	95.974651
42935	性感小貓	1	509060	95.974840
42936	性感帶	1	509061	95.975029
42937	性愛大全	1	509062	95.975218
42938	性愛情漢堡飽	1	509063	95.975407
42939	性愛撫	1	509064	95.975596
42940	性道德	1	509065	95.975785
42941	性趣青春族	1	509066	95.975974
42942	性濫交	1	509067	95.976163
42943	性謊言一場遊戲	1	509068	95.976352
42944	性醜聞	1	509069	95.976541
42945	性醫學	1	509070	95.976730
42946	性饑渴	1	509071	95.976919
42947	或有	1	509072	95.977108
42948	或缺	1	509073	95.977297
42949	房中之術	1	509074	95.977486
42950	房中之歌	1	509075	95.977675
42951	房地	1	509076	95.977864
42952	房地產公司	1	509077	95.978053
42953	房地產法	1	509078	95.978242
42954	房車賽	1	509079	95.978431
42955	房屋持有稅	1	509080	95.978620
42956	房產商	1	509081	95.978809
42957	房產稅	1	509082	95.978998
42958	房頂	1	509083	95.979187
42959	房號	1	509084	95.979376
42960	所及	1	509085	95.979565
42961	所向披靡	1	509086	95.979754
42962	所向無敵	1	509087	95.979943
42963	所在多有	1	509088	95.980132
42964	所多瑪和蛾摩拉城	1	509089	95.980321
42965	所有者	1	509090	95.980510
42966	所有權人	1	509091	95.980699
42967	所見所聞	1	509092	95.980888
42968	所言	1	509093	95.981077
42969	所剩無幾	1	509094	95.981266
42970	所嫁非人	1	509095	95.981455
42971	所餘	1	509096	95.981644
42972	所獲	1	509097	95.981833
42973	承包商	1	509098	95.982022
42974	承包費	1	509099	95.982211
42975	承先啟後	1	509100	95.982400
42976	承租戶	1	509101	95.982589
42977	承租地	1	509102	95.982778
42978	承做	1	509103	95.982967
42979	承製	1	509104	95.983156
42980	承德	1	509105	95.983345
42981	承銷價	1	509106	95.983534
42982	承諾書	1	509107	95.983723
42983	承辦者	1	509108	95.983912
42984	承應戲	1	509109	95.984101
42985	承歡	1	509110	95.984290
42986	拉丁文化	1	509111	95.984479
42987	拉丁風情	1	509112	95.984668
42988	拉丁區	1	509113	95.984857
42989	拉丁話	1	509114	95.985046
42990	拉下臉	1	509115	95.985235
42991	拉大鋸	1	509116	95.985424
42992	拉巴馬大學	1	509117	95.985613
42993	拉母齊‧阿米德‧尤塞夫	1	509118	95.985802
42994	拉甲斯坦省	1	509119	95.985991
42995	拉皮	1	509120	95.986180
42996	拉回	1	509121	95.986369
42997	拉住	1	509122	95.986558
42998	拉姆塞斯	1	509123	95.986747
42999	拉姆齊‧阿米德‧尤塞夫	1	509124	95.986936
43000	拉金	1	509125	95.987125
43001	拉客	1	509126	95.987314
43002	拉屎	1	509127	95.987503
43003	拉柄	1	509128	95.987692
43004	拉約斯美拉	1	509129	95.987881
43005	拉胚	1	509130	95.988070
43006	拉庫納	1	509131	95.988259
43007	拉桑加尼	1	509132	95.988448
43008	拉格修	1	509133	95.988637
43009	拉起	1	509134	95.988826
43010	拉斐爾	1	509135	95.989015
43011	拉普人	1	509136	95.989204
43012	拉菲葉特	1	509137	95.989393
43013	拉達克	1	509138	95.989582
43014	拉滿弓	1	509139	95.989771
43015	拉瑪王	1	509140	95.989960
43016	拉齊	1	509141	95.990149
43017	拉鋸	1	509142	95.990338
43018	拉環	1	509143	95.990527
43019	拉薩市	1	509144	95.990716
43020	拌水巧克力	1	509145	95.990905
43021	拌合	1	509146	95.991094
43022	拌嘴	1	509147	95.991283
43023	抿嘴	1	509148	95.991472
43024	拂拭	1	509149	95.991661
43025	拂面	1	509150	95.991850
43026	拂逆	1	509151	95.992039
43027	拂掠	1	509152	95.992228
43028	抹片	1	509153	95.992417
43029	抹去	1	509154	95.992606
43030	抹地	1	509155	95.992795
43031	抹拭	1	509156	95.992984
43032	抹淨	1	509157	95.993173
43033	抹塗	1	509158	95.993362
43034	抹煞	1	509159	95.993551
43035	拒人千里	1	509160	95.993740
43036	拒付期	1	509161	95.993929
43037	拒打	1	509162	95.994118
43038	拒斥	1	509163	95.994307
43039	拒用	1	509164	95.994496
43040	拒吸	1	509165	95.994685
43041	拒服	1	509166	95.994874
43042	拒毒	1	509167	95.995063
43043	拒發	1	509168	95.995252
43044	拒菸	1	509169	95.995441
43045	拒診	1	509170	95.995630
43046	拒檢	1	509171	95.995819
43047	招出	1	509172	95.996008
43048	招生期	1	509173	95.996197
43049	招生簡章	1	509174	95.996386
43050	招待所	1	509175	95.996575
43051	招笑	1	509176	95.996764
43052	招財進寶	1	509177	95.996953
43053	招商	1	509178	95.997142
43054	招商會	1	509179	95.997331
43055	招喚	1	509180	95.997520
43056	招牌字	1	509181	95.997709
43057	招牌飯	1	509182	95.997898
43058	招開	1	509183	95.998087
43059	招聘	1	509184	95.998276
43060	招領	1	509185	95.998465
43061	招魂	1	509186	95.998654
43062	招誰惹誰	1	509187	95.998843
43063	披征袍	1	509188	95.999032
43064	披風	1	509189	95.999221
43065	披荊斬棘	1	509190	95.999410
43066	披針狀	1	509191	95.999599
43067	披掛上陣	1	509192	95.999788
43068	披瀉	1	509193	95.999977
43069	拓地	1	509194	96.000166
43070	拓荒精神	1	509195	96.000355
43071	拓跋氏	1	509196	96.000544
43072	拓新	1	509197	96.000733
43073	拓碑	1	509198	96.000922
43074	拓銷	1	509199	96.001111
43075	拔牙率	1	509200	96.001300
43076	拔河賽	1	509201	96.001489
43077	拔苦	1	509202	96.001678
43078	拔草	1	509203	96.001867
43079	拔箭頭	1	509204	96.002056
43080	拔頭籌	1	509205	96.002245
43081	拋出	1	509206	96.002434
43082	拋錨	1	509207	96.002623
43083	拋擲	1	509208	96.002812
43084	拋擺	1	509209	96.003001
43085	拋離	1	509210	96.003190
43086	拈香	1	509211	96.003379
43087	拈起	1	509212	96.003568
43088	抽水	1	509213	96.003757
43089	抽水馬桶	1	509214	96.003946
43090	抽水機	1	509215	96.004135
43091	抽用	1	509216	96.004324
43092	抽考	1	509217	96.004513
43093	抽血	1	509218	96.004702
43094	抽吸器	1	509219	96.004891
43095	抽走	1	509220	96.005080
43096	抽長	1	509221	96.005269
43097	抽香菸	1	509222	96.005458
43098	抽氣	1	509223	96.005647
43099	抽脂術	1	509224	96.005836
43100	抽排風	1	509225	96.006025
43101	抽測	1	509226	96.006214
43102	抽痛	1	509227	96.006403
43103	抽象化	1	509228	96.006592
43104	抽象美	1	509229	96.006781
43105	抽象畫家	1	509230	96.006970
43106	抽象語彙	1	509231	96.007159
43107	抽象藝術	1	509232	96.007348
43108	抽痰	1	509233	96.007537
43109	抽獎券	1	509234	96.007726
43110	抽獎活動	1	509235	96.007915
43111	押回	1	509236	96.008104
43112	押住	1	509237	96.008293
43113	押金	1	509238	96.008482
43114	押金制	1	509239	96.008671
43115	押瓶制	1	509240	96.008860
43116	拐到	1	509241	96.009049
43117	拐跑	1	509242	96.009238
43118	拐騙	1	509243	96.009427
43119	拙手	1	509244	96.009616
43120	拙劣	1	509245	96.009805
43121	拙澀	1	509246	96.009994
43122	拇指山	1	509247	96.010183
43123	拇指姑娘	1	509248	96.010372
43124	拍片者	1	509249	96.010561
43125	拍片量	1	509250	96.010750
43126	拍皮球	1	509251	96.010939
43127	拍好	1	509252	96.011128
43128	拍胸脯	1	509253	96.011317
43129	拍動	1	509254	96.011506
43130	拍婚照	1	509255	96.011695
43131	拍球	1	509256	96.011884
43132	拍掌	1	509257	96.012073
43133	拍電影	1	509258	96.012262
43134	拍製	1	509259	96.012451
43135	拍賣市場	1	509260	96.012640
43136	拍賣行	1	509261	96.012829
43137	拍賣場	1	509262	96.013018
43138	拍擊	1	509263	96.013207
43139	拍擊聲	1	509264	96.013396
43140	抵充	1	509265	96.013585
43141	抵扣	1	509266	96.013774
43142	抵死不從	1	509267	96.013963
43143	抵定	1	509268	96.014152
43144	抵押權	1	509269	96.014341
43145	抵家	1	509270	96.014530
43146	抵減	1	509271	96.014719
43147	抵稅	1	509272	96.014908
43148	抵稅額	1	509273	96.015097
43149	抵債	1	509274	96.015286
43150	拚死	1	509275	96.015475
43151	拚死命	1	509276	96.015664
43152	拚死活	1	509277	96.015853
43153	拚鬥	1	509278	96.016042
43154	拚湊	1	509279	96.016231
43155	抱不平	1	509280	96.016420
43156	抱回	1	509281	96.016609
43157	抱有	1	509282	96.016798
43158	抱屈	1	509283	96.016987
43159	抱屈忍辱	1	509284	96.017176
43160	抱病	1	509285	96.017365
43161	抱起	1	509286	96.017554
43162	抱緊	1	509287	96.017743
43163	拘束	1	509288	96.017932
43164	拘限	1	509289	96.018121
43165	拘捕	1	509290	96.018310
43166	拘留	1	509291	96.018499
43167	拘執	1	509292	96.018688
43168	拘提	1	509293	96.018877
43169	拘禁營	1	509294	96.019066
43170	拘縛	1	509295	96.019255
43171	拖吊	1	509296	96.019444
43172	拖吊索	1	509297	96.019633
43173	拖曳	1	509298	96.019822
43174	拖曳傘	1	509299	96.020011
43175	拖曳機	1	509300	96.020200
43176	拖曳臂	1	509301	96.020389
43177	拖把	1	509302	96.020578
43178	拖到	1	509303	96.020767
43179	拖拉	1	509304	96.020956
43180	拖拉車	1	509305	96.021145
43181	拖泥帶水	1	509306	96.021334
43182	拖長	1	509307	96.021523
43183	拖索	1	509308	96.021712
43184	拖起來	1	509309	96.021901
43185	拖船	1	509310	96.022090
43186	拖釣馬達	1	509311	96.022279
43187	拖撞	1	509312	96.022468
43188	拆字	1	509313	96.022657
43189	拆招	1	509314	96.022846
43190	拆款	1	509315	96.023035
43191	拆遷	1	509316	96.023224
43192	抬大槓	1	509317	96.023413
43193	抬水	1	509318	96.023602
43194	抬出	1	509319	96.023791
43195	抬腿	1	509320	96.023980
43196	抬頭式儀錶	1	509321	96.024169
43197	抬頭式碼錶	1	509322	96.024358
43198	抬轎人	1	509323	96.024547
43199	放大器	1	509324	96.024736
43200	放水燈	1	509325	96.024925
43201	放火	1	509326	96.025114
43202	放牛吃草	1	509327	96.025303
43203	放空	1	509328	96.025492
43204	放春假	1	509329	96.025681
43205	放映廳	1	509330	96.025870
43206	放洋	1	509331	96.026059
43207	放流	1	509332	96.026248
43208	放風	1	509333	96.026437
43209	放飛訓練	1	509334	96.026626
43210	放射性治療	1	509335	96.026815
43211	放射性廢物處理場	1	509336	96.027004
43212	放浪	1	509337	96.027193
43213	放砲	1	509338	96.027382
43214	放臭屁	1	509339	96.027571
43215	放高利貸	1	509340	96.027760
43216	放帶子	1	509341	96.027949
43217	放掉	1	509342	96.028138
43218	放寒假	1	509343	96.028327
43219	放煙火	1	509344	96.028516
43220	放肆	1	509345	96.028705
43221	放慢	1	509346	96.028894
43222	放蕩	1	509347	96.029083
43223	放聲大哭	1	509348	96.029272
43224	放鬆器	1	509349	96.029461
43225	放懷	1	509350	96.029650
43226	放權	1	509351	96.029839
43227	放蠱	1	509352	96.030028
43228	於越	1	509353	96.030217
43229	旺氣	1	509354	96.030406
43230	昔人	1	509355	96.030595
43231	昔年	1	509356	96.030784
43232	易文	1	509357	96.030973
43233	易地而處	1	509358	96.031162
43234	易事	1	509359	96.031351
43235	易怒	1	509360	96.031540
43236	易培基	1	509361	96.031729
43237	易晚生	1	509362	96.031918
43238	易善祖鳥類公司	1	509363	96.032107
43239	易感者	1	509364	96.032296
43240	易稿	1	509365	96.032485
43241	易燃	1	509366	96.032674
43242	易燃物	1	509367	96.032863
43243	易變	1	509368	96.033052
43244	昌江	1	509369	96.033241
43245	昌明	1	509370	96.033430
43246	昌黎先生文集	1	509371	96.033619
43247	昆山	1	509372	96.033808
43248	昆汀塔倫提諾	1	509373	96.033997
43249	昆明	1	509374	96.034186
43250	昆斯區	1	509375	96.034375
43251	昆盟化工	1	509376	96.034564
43252	昆蟲艇摋遺傳學	1	509377	96.034753
43253	昆蟲學	1	509378	96.034942
43254	昆蟲學家	1	509379	96.035131
43255	昆蟲類	1	509380	96.035320
43256	昂首闊步	1	509381	96.035509
43257	昂宿星團	1	509382	96.035698
43258	昂揚	1	509383	96.035887
43259	明十三陵	1	509384	96.036076
43260	明午	1	509385	96.036265
43261	明心見性	1	509386	96.036454
43262	明月照尖東	1	509387	96.036643
43263	明水路	1	509388	96.036832
43264	明末	1	509389	96.037021
43265	明正國小	1	509390	96.037210
43266	明目張膽	1	509391	96.037399
43267	明示	1	509392	96.037588
43268	明成祖	1	509393	96.037777
43269	明孝陵	1	509394	96.037966
43270	明言	1	509395	96.038155
43271	明昌	1	509396	96.038344
43272	明屋達格山	1	509397	96.038533
43273	明度	1	509398	96.038722
43274	明度禪師	1	509399	96.038911
43275	明星小學	1	509400	96.039100
43276	明星記者	1	509401	96.039289
43277	明星高中	1	509402	96.039478
43278	明星球員	1	509403	96.039667
43279	明星隊	1	509404	96.039856
43280	明星賽	1	509405	96.040045
43281	明查	1	509406	96.040234
43282	明皇雜錄	1	509407	96.040423
43283	明倫國中	1	509408	96.040612
43284	明哲保身	1	509409	96.040801
43285	明神宗	1	509410	96.040990
43286	明晚	1	509411	96.041179
43287	明晨	1	509412	96.041368
43288	明淨	1	509413	96.041557
43289	明理	1	509414	96.041746
43290	明眼人	1	509415	96.041935
43291	明細表	1	509416	96.042124
43292	明智之舉	1	509417	96.042313
43293	明湖國小	1	509418	96.042502
43294	明牌	1	509419	96.042691
43295	明溝	1	509420	96.042880
43296	明道書院	1	509421	96.043069
43297	明道國小	1	509422	96.043258
43298	明德	1	509423	96.043447
43299	明確化	1	509424	96.043636
43300	明確感	1	509425	96.043825
43301	明燈	1	509426	96.044014
43302	明辨	1	509427	96.044203
43303	明闊	1	509428	96.044392
43304	明斷	1	509429	96.044581
43305	明曜百貨	1	509430	96.044770
43306	明鏡	1	509431	96.044959
43307	明礬	1	509432	96.045148
43308	明耀	1	509433	96.045337
43309	明覺寺	1	509434	96.045526
43310	明豔照人	1	509435	96.045715
43311	昏昏	1	509436	96.045904
43312	昏昏沉沉	1	509437	96.046093
43313	昏眩	1	509438	96.046282
43314	昏睡期	1	509439	96.046471
43315	昇天	1	509440	96.046660
43316	昇天樓	1	509441	96.046849
43317	昇平茶樓	1	509442	96.047038
43318	昇降	1	509443	96.047227
43319	昇級	1	509444	96.047416
43320	昇起	1	509445	96.047605
43321	昇陽	1	509446	96.047794
43322	服刑	1	509447	96.047983
43323	服兵役	1	509448	96.048172
43324	服服貼貼	1	509449	96.048361
43325	服務小組	1	509450	96.048550
43326	服務卡	1	509451	96.048739
43327	服務性	1	509452	96.048928
43328	服務社	1	509453	96.049117
43329	服務部	1	509454	96.049306
43330	服務部門	1	509455	96.049495
43331	服務項目	1	509456	96.049684
43332	服務團	1	509457	96.049873
43333	服務精神	1	509458	96.050062
43334	服務線	1	509459	96.050251
43335	服勞役	1	509460	96.050440
43336	服裝設計師	1	509461	96.050629
43337	服飾店	1	509462	96.050818
43338	服器	1	509463	96.051007
43339	朋馳汽車	1	509464	96.051196
43340	朋馳車系	1	509465	96.051385
43341	朋馳家族	1	509466	96.051574
43342	杭菊	1	509467	96.051763
43343	杭菊花	1	509468	96.051952
43344	枕狀熔岩	1	509469	96.052141
43345	枕畔	1	509470	96.052330
43346	枕頭山	1	509471	96.052519
43347	東山	1	509472	96.052708
43348	東山再起	1	509473	96.052897
43349	東山嘴	1	509474	96.053086
43350	東山樂園	1	509475	96.053275
43351	東元家電	1	509476	96.053464
43352	東方之珠	1	509477	96.053653
43353	東方之獅	1	509478	96.053842
43354	東方文化	1	509479	96.054031
43355	東方快車	1	509480	96.054220
43356	東方見聞錄	1	509481	96.054409
43357	東方威尼斯	1	509482	96.054598
43358	東方哲學	1	509483	96.054787
43359	東方淨土	1	509484	96.054976
43360	東方廣告	1	509485	96.055165
43361	東日本鐵道公司	1	509486	96.055354
43362	東日光殿	1	509487	96.055543
43363	東加人	1	509488	96.055732
43364	東加王國	1	509489	96.055921
43365	東北方	1	509490	96.056110
43366	東北地方	1	509491	96.056299
43367	東北角海岸管理處	1	509492	96.056488
43368	東北季風	1	509493	96.056677
43369	東平	1	509494	96.056866
43370	東弗里西亞	1	509495	96.057055
43371	東石	1	509496	96.057244
43372	東光百貨	1	509497	96.057433
43373	東西岸	1	509498	96.057622
43374	東西德	1	509499	96.057811
43375	東吳大學物理系	1	509500	96.058000
43376	東吳法研所	1	509501	96.058189
43377	東里	1	509502	96.058378
43378	東里國小	1	509503	96.058567
43379	東亞史	1	509504	96.058756
43380	東亞法學中心	1	509505	96.058945
43381	東亞運動會	1	509506	96.059134
43382	東亞銀行	1	509507	96.059323
43383	東京之合唱	1	509508	96.059512
43384	東京之宿	1	509509	96.059701
43385	東京市	1	509510	96.059890
43386	東京合唱	1	509511	96.060079
43387	東京帝大	1	509512	96.060268
43388	東京帝國大學	1	509513	96.060457
43389	東京國際車展	1	509514	96.060646
43390	東京國際影展	1	509515	96.060835
43391	東京都交通局	1	509516	96.061024
43392	東京影展	1	509517	96.061213
43393	東京賦	1	509518	96.061402
43394	東協自由貿易區協定	1	509519	96.061591
43395	東和紡織	1	509520	96.061780
43396	東和國小	1	509521	96.061969
43397	東周	1	509522	96.062158
43398	東坡志林	1	509523	96.062347
43399	東坡書院	1	509524	96.062536
43400	東林	1	509525	96.062725
43401	東門國小	1	509526	96.062914
43402	東門樓	1	509527	96.063103
43403	東勇街	1	509528	96.063292
43404	東南風	1	509529	96.063481
43405	東南影評人協會	1	509530	96.063670
43406	東帝士	1	509531	96.063859
43407	東帝士企業集團	1	509532	96.064048
43408	東洋味	1	509533	96.064237
43409	東洋客	1	509534	96.064426
43410	東洋經濟	1	509535	96.064615
43411	東洋電機	1	509536	96.064804
43412	東倒西歪	1	509537	96.064993
43413	東家	1	509538	96.065182
43414	東宮	1	509539	96.065371
43415	東泰產險	1	509540	96.065560
43416	東都	1	509541	96.065749
43417	東野英治郎	1	509542	96.065938
43418	東湖分館	1	509543	96.066127
43419	東湖縣	1	509544	96.066316
43420	東湖麗苑商品住宅大樓	1	509545	96.066505
43421	東勢	1	509546	96.066694
43422	東勢林場	1	509547	96.066883
43423	東勢國小	1	509548	96.067072
43424	東新	1	509549	96.067261
43425	東新國小	1	509550	96.067450
43426	東盟	1	509551	96.067639
43427	東遊記	1	509552	96.067828
43428	東蒙	1	509553	96.068017
43429	東廠	1	509554	96.068206
43430	東歐六小國	1	509555	96.068395
43431	東歐市場	1	509556	96.068584
43432	東澳	1	509557	96.068773
43433	東鋼	1	509558	96.068962
43434	東嶽廟	1	509559	96.069151
43435	果汁盒	1	509560	96.069340
43436	果陀	1	509561	96.069529
43437	果凍	1	509562	96.069718
43438	果粒	1	509563	96.069907
43439	果報	1	509564	96.070096
43440	果菜	1	509565	96.070285
43441	果菜市場	1	509566	96.070474
43442	果菜汁	1	509567	96.070663
43443	果貿新村	1	509568	96.070852
43444	果農	1	509569	96.071041
43445	果蔬	1	509570	96.071230
43446	枝頭鳳	1	509571	96.071419
43447	枝槎	1	509572	96.071608
43448	林一介	1	509573	96.071797
43449	林千達	1	509574	96.071986
43450	林大松	1	509575	96.072175
43451	林大益	1	509576	96.072364
43452	林子博	1	509577	96.072553
43453	林友信	1	509578	96.072742
43454	林文月	1	509579	96.072931
43455	林文安	1	509580	96.073120
43456	林文暉	1	509581	96.073309
43457	林水吉	1	509582	96.073498
43458	林布蘭	1	509583	96.073687
43459	林正仁	1	509584	96.073876
43460	林永祥	1	509585	96.074065
43461	林玉英	1	509586	96.074254
43462	林玉体	1	509587	96.074443
43463	林仲秋	1	509588	96.074632
43464	林安泰	1	509589	96.074821
43465	林安泰古厝	1	509590	96.075010
43466	林有席	1	509591	96.075199
43467	林臣英	1	509592	96.075388
43468	林均銘	1	509593	96.075577
43469	林志成	1	509594	96.075766
43470	林志恆	1	509595	96.075955
43471	林秀玲	1	509596	96.076144
43472	林良材	1	509597	96.076333
43473	林良忠	1	509598	96.076522
43474	林享能	1	509599	96.076711
43475	林和	1	509600	96.076900
43476	林季嬋	1	509601	96.077089
43477	林宗男	1	509602	96.077278
43478	林旺根	1	509603	96.077467
43479	林易增	1	509604	96.077656
43480	林明穎	1	509605	96.077845
43481	林東國	1	509606	96.078034
43482	林東鎮	1	509607	96.078223
43483	林林總總	1	509608	96.078412
43484	林肯中心	1	509609	96.078601
43485	林肯市	1	509610	96.078790
43486	林肯藝術中心	1	509611	96.078979
43487	林建平	1	509612	96.079168
43488	林建成	1	509613	96.079357
43489	林昭亮	1	509614	96.079546
43490	林柏川	1	509615	96.079735
43491	林秋萍	1	509616	96.079924
43492	林美挪	1	509617	96.080113
43493	林家花園	1	509618	96.080302
43494	林恩颱風	1	509619	96.080491
43495	林時機	1	509620	96.080680
43496	林祖嘉	1	509621	96.080869
43497	林笑峰	1	509622	96.081058
43498	林務局	1	509623	96.081247
43499	林國斌	1	509624	96.081436
43500	林常榮	1	509625	96.081625
43501	林梧桐	1	509626	96.081814
43502	林清標	1	509627	96.082003
43503	林淵源	1	509628	96.082192
43504	林紹良	1	509629	96.082381
43505	林森	1	509630	96.082570
43506	林森川	1	509631	96.082759
43507	林琴南	1	509632	96.082948
43508	林華貞	1	509633	96.083137
43509	林進湖	1	509634	96.083326
43510	林順吉	1	509635	96.083515
43511	林園廠	1	509636	96.083704
43512	林業	1	509637	96.083893
43513	林業試驗所	1	509638	96.084082
43514	林業邊	1	509639	96.084271
43515	林煥彰	1	509640	96.084460
43516	林瑞祥	1	509641	96.084649
43517	林瑞圖	1	509642	96.084838
43518	林義守	1	509643	96.085027
43519	林義雄	1	509644	96.085216
43520	林聖恩	1	509645	96.085405
43521	林道	1	509646	96.085594
43522	林達	1	509647	96.085783
43523	林靖娟	1	509648	96.085972
43524	林圖普	1	509649	96.086161
43525	林圖普村	1	509650	96.086350
43526	林榮三	1	509651	96.086539
43527	林福水	1	509652	96.086728
43528	林銘貴	1	509653	96.086917
43529	林寬能	1	509654	96.087106
43530	林憲同	1	509655	96.087295
43531	林憶蓮	1	509656	96.087484
43532	林濁水	1	509657	96.087673
43533	林燕	1	509658	96.087862
43534	林聰治	1	509659	96.088051
43535	林賽安德生	1	509660	96.088240
43536	林黛	1	509661	96.088429
43537	林邊鄉	1	509662	96.088618
43538	杯口	1	509663	96.088807
43539	杯皿	1	509664	96.088996
43540	杯架	1	509665	96.089185
43541	杯組	1	509666	96.089374
43542	杯墊	1	509667	96.089563
43543	杯盤	1	509668	96.089752
43544	杯盤狼藉	1	509669	96.089941
43545	杯緣	1	509670	96.090130
43546	杯筊	1	509671	96.090319
43547	板中	1	509672	96.090508
43548	板手	1	509673	96.090697
43549	板木	1	509674	96.090886
43550	板木橋	1	509675	96.091075
43551	板刷	1	509676	96.091264
43552	板金	1	509677	96.091453
43553	板金業	1	509678	96.091642
43554	板球	1	509679	96.091831
43555	板畫	1	509680	96.092020
43556	板凳	1	509681	96.092209
43557	板橋雜記	1	509682	96.092398
43558	枉死	1	509683	96.092587
43559	枉費	1	509684	96.092776
43560	枉縱	1	509685	96.092965
43561	枉顧	1	509686	96.093154
43562	松下	1	509687	96.093343
43563	松下企業	1	509688	96.093532
43564	松下電器	1	509689	96.093721
43565	松山外貿	1	509690	96.093910
43566	松山機場	1	509691	96.094099
43567	松井隆	1	509692	96.094288
43568	松江路	1	509693	96.094477
43569	松竹電影公司	1	509694	96.094666
43570	松竹蒲田	1	509695	96.094855
43571	松城公司	1	509696	96.095044
43572	松飛企業	1	509697	96.095233
43573	松香	1	509698	96.095422
43574	松島章	1	509699	96.095611
43575	松脂	1	509700	96.095800
43576	松針	1	509701	96.095989
43577	松魚鳥	1	509702	96.096178
43578	松節油	1	509703	96.096367
43579	松葉蕨	1	509704	96.096556
43580	松寥山	1	509705	96.096745
43581	松寥夷山	1	509706	96.096934
43582	松漠紀聞	1	509707	96.097123
43583	松樹林	1	509708	96.097312
43584	松贊干布	1	509709	96.097501
43585	松露	1	509710	96.097690
43586	析出率	1	509711	96.097879
43587	析解	1	509712	96.098068
43588	欣狂	1	509713	96.098257
43589	欣悅	1	509714	96.098446
43590	欣逢	1	509715	96.098635
43591	欣業	1	509716	96.098824
43592	武士道	1	509717	96.099013
43593	武大郎	1	509718	96.099202
43594	武功國小	1	509719	96.099391
43595	武打戲	1	509720	96.099580
43596	武夷	1	509721	96.099769
43597	武昌起義	1	509722	96.099958
43598	武林高手	1	509723	96.100147
43599	武林盟主	1	509724	96.100336
43600	武林舊事	1	509725	96.100525
43601	武松打虎	1	509726	96.100714
43602	武狀元	1	509727	96.100903
43603	武狀元黃飛鴻	1	509728	96.101092
43604	武俠迷	1	509729	96.101281
43605	武俠電影	1	509730	96.101470
43606	武奎煜	1	509731	96.101659
43607	武鬥	1	509732	96.101848
43608	武將	1	509733	96.102037
43609	武陵	1	509734	96.102226
43610	武陵農場	1	509735	96.102415
43611	武陽人	1	509736	96.102604
43612	武道	1	509737	96.102793
43613	武僧團	1	509738	96.102982
43614	武舞	1	509739	96.103171
43615	武戲	1	509740	96.103360
43616	武斷	1	509741	96.103549
43617	武藝	1	509742	96.103738
43618	武警	1	509743	96.103927
43619	歧山	1	509744	96.104116
43620	歿世	1	509745	96.104305
43621	氛氳	1	509746	96.104494
43622	泣不成聲	1	509747	96.104683
43623	注冊	1	509748	96.104872
43624	注明	1	509749	96.105061
43625	注射筒	1	509750	96.105250
43626	注釋	1	509751	96.105439
43627	泳衣	1	509752	96.105628
43628	泳協	1	509753	96.105817
43629	泳訓	1	509754	96.106006
43630	泳訓班	1	509755	96.106195
43631	泳將	1	509756	96.106384
43632	泳隊	1	509757	96.106573
43633	泳壇	1	509758	96.106762
43634	泳灘	1	509759	96.106951
43635	泥人張	1	509760	96.107140
43636	泥水工	1	509761	96.107329
43637	泥水匠	1	509762	96.107518
43638	泥火山	1	509763	96.107707
43639	泥爪	1	509764	96.107896
43640	泥瓦匠	1	509765	96.108085
43641	泥瓦罐	1	509766	96.108274
43642	泥汙	1	509767	96.108463
43643	泥沙地	1	509768	96.108652
43644	泥板	1	509769	96.108841
43645	泥盆紀	1	509770	96.109030
43646	泥煤	1	509771	96.109219
43647	泥路	1	509772	96.109408
43648	泥漿	1	509773	96.109597
43649	泥潭	1	509774	96.109786
43650	泥澤	1	509775	96.109975
43651	泥濘地	1	509776	96.110164
43652	泥鰍	1	509777	96.110353
43653	泥灘地	1	509778	96.110542
43654	泥餑餑	1	509779	96.110731
43655	河山	1	509780	96.110920
43656	河川地	1	509781	96.111109
43657	河工	1	509782	96.111298
43658	河伯	1	509783	96.111487
43659	河沙	1	509784	96.111676
43660	河底	1	509785	96.111865
43661	河砂	1	509786	96.112054
43662	河粉	1	509787	96.112243
43663	河野	1	509788	96.112432
43664	河督衙門	1	509789	96.112621
43665	河道總督衙門	1	509790	96.112810
43666	河漢	1	509791	96.112999
43667	河頭賣水	1	509792	96.113188
43668	河濱	1	509793	96.113377
43669	河鮮	1	509794	96.113566
43670	河蟹	1	509795	96.113755
43671	河灣	1	509796	96.113944
43672	沽名釣譽	1	509797	96.114133
43673	沾光	1	509798	96.114322
43674	沾到	1	509799	96.114511
43675	波士頓通訊	1	509800	96.114700
43676	波士頓學院	1	509801	96.114889
43677	波加茲喬伊	1	509802	96.115078
43678	波光粼粼	1	509803	96.115267
43679	波多黎各	1	509804	96.115456
43680	波耳費里翁	1	509805	96.115645
43681	波西米亞	1	509806	96.115834
43682	波西阿隆	1	509807	96.116023
43683	波形	1	509808	96.116212
43684	波里尼西亞	1	509809	96.116401
43685	波亞人	1	509810	96.116590
43686	波昂	1	509811	96.116779
43687	波城性話	1	509812	96.116968
43688	波洛克	1	509813	96.117157
43689	波音	1	509814	96.117346
43690	波音七四七貨機	1	509815	96.117535
43691	波音公司	1	509816	96.117724
43692	波浪狀	1	509817	96.117913
43693	波貢門巴‧洛卓堅材	1	509818	96.118102
43694	波動性	1	509819	96.118291
43695	波國	1	509820	96.118480
43696	波提且利	1	509821	96.118669
43697	波斯	1	509822	96.118858
43698	波斯菊	1	509823	96.119047
43699	波菜	1	509824	96.119236
43700	波塞冬	1	509825	96.119425
43701	波塔	1	509826	96.119614
43702	波爾多	1	509827	96.119803
43703	波爾多省	1	509828	96.119992
43704	波頭	1	509829	96.120181
43705	波麗路餐廳	1	509830	96.120370
43706	波瀾起伏	1	509831	96.120559
43707	波蘭文	1	509832	96.120748
43708	波蘭事件	1	509833	96.120937
43709	波霸向錢看	1	509834	96.121126
43710	法人事業部	1	509835	96.121315
43711	法人高爾夫球證	1	509836	96.121504
43712	法名	1	509837	96.121693
43713	法老之河	1	509838	96.121882
43714	法老王	1	509839	96.122071
43715	法老時代	1	509840	96.122260
43716	法西斯團體	1	509841	96.122449
43717	法努司	1	509842	96.122638
43718	法忍	1	509843	96.122827
43719	法典	1	509844	96.123016
43720	法制化	1	509845	96.123205
43721	法制社會	1	509846	96.123394
43722	法制審議會	1	509847	96.123583
43723	法定代理人	1	509848	96.123772
43724	法拉佛西	1	509849	96.123961
43725	法拉利	1	509850	96.124150
43726	法拍屋	1	509851	96.124339
43727	法治建設	1	509852	96.124528
43728	法治精神	1	509853	96.124717
43729	法度	1	509854	96.124906
43730	法律界	1	509855	96.125095
43731	法律顧問	1	509856	96.125284
43732	法律顧問公司	1	509857	96.125473
43733	法律體系	1	509858	96.125662
43734	法政	1	509859	96.125851
43735	法政學	1	509860	96.126040
43736	法界	1	509861	96.126229
43737	法相	1	509862	96.126418
43738	法研所	1	509863	96.126607
43739	法庭頻道	1	509864	96.126796
43740	法院版	1	509865	96.126985
43741	法院新聞	1	509866	96.127174
43742	法務	1	509867	96.127363
43743	法務省	1	509868	96.127552
43744	法商	1	509869	96.127741
43745	法國式	1	509870	96.127930
43746	法國利曼大賽	1	509871	96.128119
43747	法國城	1	509872	96.128308
43748	法國映畫社	1	509873	96.128497
43749	法國革命	1	509874	96.128686
43750	法國航太工業	1	509875	96.128875
43751	法國籍	1	509876	96.129064
43752	法國麵包	1	509877	96.129253
43753	法理有據	1	509878	96.129442
43754	法渡	1	509879	96.129631
43755	法華經	1	509880	96.129820
43756	法義	1	509881	96.130009
43757	法網神鷹	1	509882	96.130198
43758	法櫃奇兵	1	509883	96.130387
43759	法醫	1	509884	96.130576
43760	法寶寂禪師	1	509885	96.130765
43761	法警	1	509886	96.130954
43762	法譯	1	509887	96.131143
43763	法蘭卡‧爾芬	1	509888	96.131332
43764	法蘭西人	1	509889	96.131521
43765	法蘭西斯‧董	1	509890	96.131710
43766	法蘭西斯吉候	1	509891	96.131899
43767	法蘭克‧鮑徹	1	509892	96.132088
43768	法蘭克卡普	1	509893	96.132277
43769	法蘭克福市	1	509894	96.132466
43770	法蘭克福集團	1	509895	96.132655
43771	法蘭克鮑札奇	1	509896	96.132844
43772	法蘭契斯康諾寺	1	509897	96.133033
43773	法蘭哥	1	509898	96.133222
43774	法蘭哥尼羅	1	509899	96.133411
43775	法蘭茲‧布羅	1	509900	96.133600
43776	法顯	1	509901	96.133789
43777	泄洪	1	509902	96.133978
43778	泄殖腔	1	509903	96.134167
43779	泄露	1	509904	96.134356
43780	油井	1	509905	96.134545
43781	油生	1	509906	96.134734
43782	油田	1	509907	96.134923
43783	油光	1	509908	96.135112
43784	油味	1	509909	96.135301
43785	油垢	1	509910	96.135490
43786	油泵	1	509911	96.135679
43787	油庫	1	509912	96.135868
43788	油桐	1	509913	96.136057
43789	油紙傘	1	509914	96.136246
43790	油脂類	1	509915	96.136435
43791	油國	1	509916	96.136624
43792	油產	1	509917	96.136813
43793	油畫展	1	509918	96.137002
43794	油腔滑調	1	509919	96.137191
43795	油飯	1	509920	96.137380
43796	油源	1	509921	96.137569
43797	油煎	1	509922	96.137758
43798	油漬	1	509923	96.137947
43799	油漆工	1	509924	96.138136
43800	油漆匠	1	509925	96.138325
43801	油漆店	1	509926	96.138514
43802	油管	1	509927	96.138703
43803	油澄澄	1	509928	96.138892
43804	油箱蓋	1	509929	96.139081
43805	油輪	1	509930	96.139270
43806	油壓停車	1	509931	96.139459
43807	油壓機	1	509932	96.139648
43808	油鍋	1	509933	96.139837
43809	油煠玉蘭	1	509934	96.140026
43810	油煠荷花	1	509935	96.140215
43811	況味	1	509936	96.140404
43812	泅水	1	509937	96.140593
43813	泅泳	1	509938	96.140782
43814	沿江	1	509939	96.140971
43815	沿背	1	509940	96.141160
43816	治牙	1	509941	96.141349
43817	治平	1	509942	96.141538
43818	治訂	1	509943	96.141727
43819	治絲而棼	1	509944	96.141916
43820	治療系	1	509945	96.142105
43821	治療者	1	509946	96.142294
43822	治療費	1	509947	96.142483
43823	治護	1	509948	96.142672
43824	泡飯	1	509949	96.142861
43825	泛太地區	1	509950	96.143050
43826	泛光燈	1	509951	96.143239
43827	泛舟	1	509952	96.143428
43828	泛希臘社會運動黨	1	509953	96.143617
43829	泛亞銀行	1	509954	96.143806
43830	泛政治化	1	509955	96.143995
43831	泊位	1	509956	96.144184
43832	泊車	1	509957	96.144373
43833	泊接	1	509958	96.144562
43834	泊船	1	509959	96.144751
43835	泯沒	1	509960	96.144940
43836	泠卻	1	509961	96.145129
43837	炎炎	1	509962	96.145318
43838	炎帝	1	509963	96.145507
43839	炒飯	1	509964	96.145696
43840	炒熱	1	509965	96.145885
43841	炊事	1	509966	96.146074
43842	炊具	1	509967	96.146263
43843	炙身	1	509968	96.146452
43844	爬山虎	1	509969	96.146641
43845	爬山涉水	1	509970	96.146830
43846	爬起	1	509971	96.147019
43847	爬進	1	509972	96.147208
43848	爬滿	1	509973	96.147397
43849	爬蟲哺乳類	1	509974	96.147586
43850	爬藤	1	509975	96.147775
43851	爭功	1	509976	96.147964
43852	爭回	1	509977	96.148153
43853	爭妍鬥豔	1	509978	96.148342
43854	爭歧	1	509979	96.148531
43855	爭冠	1	509980	96.148720
43856	爭風	1	509981	96.148909
43857	爭殺	1	509982	96.149098
43858	爭睹	1	509983	96.149287
43859	爭戰	1	509984	96.149476
43860	爭霸	1	509985	96.149665
43861	版書	1	509986	96.149854
43862	牧牛	1	509987	96.150043
43863	牧羊座	1	509988	96.150232
43864	牧草	1	509989	96.150421
43865	牧童	1	509990	96.150610
43866	牧瀨里穗	1	509991	96.150799
43867	物以類聚	1	509992	96.150988
43868	物性	1	509993	96.151177
43869	物阜民豐	1	509994	96.151366
43870	物流中心	1	509995	96.151555
43871	物流管理	1	509996	96.151744
43872	物料間	1	509997	96.151933
43873	物理老師	1	509998	96.152122
43874	物理性	1	509999	96.152311
43875	物理治療	1	510000	96.152500
43876	物理治療師	1	510001	96.152689
43877	物理基因組圖	1	510002	96.152878
43878	物理量	1	510003	96.153067
43879	物極必反	1	510004	96.153256
43880	物資業	1	510005	96.153445
43881	物盡其用	1	510006	96.153634
43882	物質主義	1	510007	96.153823
43883	物質生活	1	510008	96.154012
43884	物質面	1	510009	96.154201
43885	狀元郎	1	510010	96.154390
43886	狀師	1	510011	96.154579
43887	狎妓嫖宿	1	510012	96.154768
43888	狙擊巷	1	510013	96.154957
43889	狗兄弟	1	510014	96.155146
43890	狗血淋頭	1	510015	96.155335
43891	狗兒	1	510016	96.155524
43892	狗食	1	510017	96.155713
43893	狗運	1	510018	96.155902
43894	狗熊	1	510019	96.156091
43895	狗臉的歲月	1	510020	96.156280
43896	狐狸精	1	510021	96.156469
43897	狐假虎威	1	510022	96.156658
43898	玩刀	1	510023	96.156847
43899	玩心	1	510024	96.157036
43900	玩火	1	510025	96.157225
43901	玩火自焚	1	510026	96.157414
43902	玩具兵	1	510027	96.157603
43903	玩具狗	1	510028	96.157792
43904	玩具室	1	510029	96.157981
43905	玩具部	1	510030	96.158170
43906	玩具熊	1	510031	96.158359
43907	玩具熊野餐	1	510032	96.158548
43908	玩泥巴	1	510033	96.158737
43909	玩物	1	510034	96.158926
43910	玩玩	1	510035	96.159115
43911	玩股票	1	510036	96.159304
43912	玩笑話	1	510037	96.159493
43913	玩骨牌	1	510038	96.159682
43914	玩意	1	510039	96.159871
43915	玩槍	1	510040	96.160060
43916	玩賞	1	510041	96.160249
43917	玫瑰色	1	510042	96.160438
43918	玫瑰玫瑰我愛你	1	510043	96.160627
43919	玫瑰紅	1	510044	96.160816
43920	玫瑰海岸	1	510045	96.161005
43921	玫瑰情未了	1	510046	96.161194
43922	玫瑰窗	1	510047	96.161383
43923	疝氣	1	510048	96.161572
43924	的丹‧梅爾	1	510049	96.161761
43925	盂形器	1	510050	96.161950
43926	盲叟	1	510051	96.162139
43927	盲從	1	510052	96.162328
43928	盲聾	1	510053	96.162517
43929	直切	1	510054	96.162706
43930	直列四缸雙軸十六氣門引擎	1	510055	96.162895
43931	直式	1	510056	96.163084
43932	直盯	1	510057	96.163273
43933	直走	1	510058	96.163462
43934	直到永遠	1	510059	96.163651
43935	直直	1	510060	96.163840
43936	直流	1	510061	96.164029
43937	直敘	1	510062	96.164218
43938	直笛	1	510063	96.164407
43939	直陳	1	510064	96.164596
43940	直筒罐	1	510065	96.164785
43941	直視型	1	510066	96.164974
43942	直想	1	510067	96.165163
43943	直溜溜	1	510068	96.165352
43944	直誇	1	510069	96.165541
43945	直截了當	1	510070	96.165730
43946	直稱	1	510071	96.165919
43947	直說	1	510072	96.166108
43948	直撲	1	510073	96.166297
43949	直撥	1	510074	96.166486
43950	直撥電話	1	510075	96.166675
43951	直線運動	1	510076	96.166864
43952	直衝	1	510077	96.167053
43953	直豎	1	510078	96.167242
43954	直銷案略	1	510079	96.167431
43955	直銷商	1	510080	96.167620
43956	直銷業	1	510081	96.167809
43957	直營	1	510082	96.167998
43958	直轄市	1	510083	96.168187
43959	直隸提督	1	510084	96.168376
43960	直隸總督	1	510085	96.168565
43961	直覆式	1	510086	96.168754
43962	直覆式廣告	1	510087	96.168943
43963	直嚷	1	510088	96.169132
43964	直覺地	1	510089	96.169321
43965	直驅	1	510090	96.169510
43966	知己知彼	1	510091	96.169699
43967	知之為知之，不知為不知	1	510092	96.169888
43968	知本老爺	1	510093	96.170077
43969	知本鎮	1	510094	96.170266
43970	知交	1	510095	96.170455
43971	知行合一	1	510096	96.170644
43972	知其不可為而為之	1	510097	96.170833
43973	知所進退	1	510098	96.171022
43974	知易行難	1	510099	96.171211
43975	知法	1	510100	96.171400
43976	知苦	1	510101	96.171589
43977	知書	1	510102	96.171778
43978	知書達理	1	510103	96.171967
43979	知悉	1	510104	96.172156
43980	知無不言	1	510105	96.172345
43981	知善惡	1	510106	96.172534
43982	知解	1	510107	96.172723
43983	知遇	1	510108	96.172912
43984	知福	1	510109	96.173101
43985	知趣	1	510110	96.173290
43986	知識人	1	510111	96.173479
43987	知識界	1	510112	96.173668
43988	矽品公司	1	510113	96.173857
43989	矽華	1	510114	96.174046
43990	矽奧	1	510115	96.174235
43991	矽酸鹽	1	510116	96.174424
43992	矽橡膠	1	510117	96.174613
43993	社局	1	510118	96.174802
43994	社政	1	510119	96.174991
43995	社科院	1	510120	96.175180
43996	社員代表	1	510121	96.175369
43997	社區性	1	510122	96.175558
43998	社區開放頻道	1	510123	96.175747
43999	社區環境	1	510124	96.175936
44000	社教活動	1	510125	96.176125
44001	社會人士	1	510126	96.176314
44002	社會大學	1	510127	96.176503
44003	社會心理學	1	510128	96.176692
44004	社會主義模範市	1	510129	96.176881
44005	社會史	1	510130	96.177070
44006	社會性	1	510131	96.177259
44007	社會服務獎	1	510132	96.177448
44008	社會保險	1	510133	96.177637
44009	社會科學	1	510134	96.177826
44010	社會面	1	510135	96.178015
44011	社會秩序維護法	1	510136	96.178204
44012	社會救助	1	510137	96.178393
44013	社會組	1	510138	96.178582
44014	社會新鮮人	1	510139	96.178771
44015	社會福利政策	1	510140	96.178960
44016	社會劇	1	510141	96.179149
44017	社福政策	1	510142	96.179338
44018	社福機構	1	510143	96.179527
44019	社慶	1	510144	96.179716
44020	社辦	1	510145	96.179905
44021	社頭鄉	1	510146	96.180094
44022	祁家威	1	510147	96.180283
44023	秉性	1	510148	96.180472
44024	空中巴士	1	510149	96.180661
44025	空中教學	1	510150	96.180850
44026	空中獵犬	1	510151	96.181039
44027	空幻	1	510152	96.181228
44028	空心磚	1	510153	96.181417
44029	空手道	1	510154	96.181606
44030	空白處	1	510155	96.181795
44031	空地稅	1	510156	96.181984
44032	空守	1	510157	96.182173
44033	空串	1	510158	96.182362
44034	空位	1	510159	96.182551
44035	空位子	1	510160	96.182740
44036	空投	1	510161	96.182929
44037	空房	1	510162	96.183118
44038	空房間	1	510163	96.183307
44039	空空蕩蕩	1	510164	96.183496
44040	空屋率	1	510165	96.183685
44041	空架子	1	510166	96.183874
44042	空相	1	510167	96.184063
44043	空胃	1	510168	96.184252
44044	空軍官校	1	510169	96.184441
44045	空軍總醫院	1	510170	96.184630
44046	空降場	1	510171	96.184819
44047	空氣品質	1	510172	96.185008
44048	空氣清淨器	1	510173	96.185197
44049	空氣槍	1	510174	96.185386
44050	空氣管	1	510175	96.185575
44051	空氣濾清器	1	510176	96.185764
44052	空海	1	510177	96.185953
44053	空缺	1	510178	96.186142
44054	空唱	1	510179	96.186331
44055	空專	1	510180	96.186520
44056	空喜歡	1	510181	96.186709
44057	空殼	1	510182	96.186898
44058	空殼精子	1	510183	96.187087
44059	空窗期	1	510184	96.187276
44060	空閒	1	510185	96.187465
44061	空想	1	510186	96.187654
44062	空對地	1	510187	96.187843
44063	空對空	1	510188	96.188032
44064	空談	1	510189	96.188221
44065	空調處	1	510190	96.188410
44066	空蕩	1	510191	96.188599
44067	空頭支票	1	510192	96.188788
44068	空頭市場	1	510193	96.188977
44069	空濛	1	510194	96.189166
44070	空罈	1	510195	96.189355
44071	空轉	1	510196	96.189544
44072	空靈	1	510197	96.189733
44073	穹窿	1	510198	96.189922
44074	竺法護	1	510199	96.190111
44075	竺律炎	1	510200	96.190300
44076	糾眾	1	510201	96.190489
44077	糾察師	1	510202	96.190678
44078	糾彈	1	510203	96.190867
44079	糾纏不清	1	510204	96.191056
44080	肺血管	1	510205	96.191245
44081	肺活量	1	510206	96.191434
44082	肺栓塞	1	510207	96.191623
44083	肺動脈	1	510208	96.191812
44084	肺組織	1	510209	96.192001
44085	肺魚	1	510210	96.192190
44086	肺腑	1	510211	96.192379
44087	肺癆	1	510212	96.192568
44088	肥女人	1	510213	96.192757
44089	肥壯	1	510214	96.192946
44090	肥皂泡	1	510215	96.193135
44091	肥皂粉	1	510216	96.193324
44092	肥皂絲	1	510217	96.193513
44093	肥皂劇	1	510218	96.193702
44094	肥美	1	510219	96.193891
44095	肥胖症	1	510220	96.194080
44096	肥潤	1	510221	96.194269
44097	肥瘠	1	510222	96.194458
44098	肥豬	1	510223	96.194647
44099	肢離人	1	510224	96.194836
44100	肢體動作	1	510225	96.195025
44101	肢體語言	1	510226	96.195214
44102	股分制	1	510227	96.195403
44103	股友	1	510228	96.195592
44104	股份公司	1	510229	96.195781
44105	股份制	1	510230	96.195970
44106	股份制經濟	1	510231	96.196159
44107	股東式	1	510232	96.196348
44108	股金	1	510233	96.196537
44109	股長	1	510234	96.196726
44110	股票型	1	510235	96.196915
44111	股掌	1	510236	96.197104
44112	股窗蟹	1	510237	96.197293
44113	肩挑	1	510238	96.197482
44114	肩胛骨	1	510239	96.197671
44115	肩帶	1	510240	96.197860
44116	肩掛	1	510241	96.198049
44117	肩袋	1	510242	96.198238
44118	肩窩	1	510243	96.198427
44119	肩寬	1	510244	96.198616
44120	肩頸	1	510245	96.198805
44121	肯尼士	1	510246	96.198994
44122	肯尼翁	1	510247	96.199183
44123	肯尼基	1	510248	96.199372
44124	肯德基	1	510249	96.199561
44125	臥位	1	510250	96.199750
44126	臥軌	1	510251	96.199939
44127	臥鹿	1	510252	96.200128
44128	臥鋪	1	510253	96.200317
44129	臥龍藏虎	1	510254	96.200506
44130	臥薪嘗膽	1	510255	96.200695
44131	舍下	1	510256	96.200884
44132	舍頭太子二十八宿經	1	510257	96.201073
44133	芳官	1	510258	96.201262
44134	芳苑	1	510259	96.201451
44135	芳香油	1	510260	96.201640
44136	芳草	1	510261	96.201829
44137	芳鄰	1	510262	96.202018
44138	芝山岩	1	510263	96.202207
44139	芝田村	1	510264	96.202396
44140	芝浦製作所	1	510265	96.202585
44141	芝麻小事	1	510266	96.202774
44142	芝麻葉	1	510267	96.202963
44143	芙容集團	1	510268	96.203152
44144	芙蓉劫	1	510269	96.203341
44145	芭比娃娃	1	510270	96.203530
44146	芭芭拉	1	510271	96.203719
44147	芭芭拉史翠珊	1	510272	96.203908
44148	芭蕉	1	510273	96.204097
44149	芭蕉扇	1	510274	96.204286
44150	芭蕾班	1	510275	96.204475
44151	花大錢	1	510276	96.204664
44152	花心	1	510277	96.204853
44153	花木蘭	1	510278	96.205042
44154	花王	1	510279	96.205231
44155	花王公司	1	510280	96.205420
44156	花生米	1	510281	96.205609
44157	花生糖	1	510282	96.205798
44158	花用	1	510283	96.205987
44159	花白	1	510284	96.206176
44160	花名	1	510285	96.206365
44161	花好月圓	1	510286	96.206554
44162	花言巧語	1	510287	96.206743
44163	花事	1	510288	96.206932
44164	花兔	1	510289	96.207121
44165	花刺	1	510290	96.207310
44166	花岡國中	1	510291	96.207499
44167	花東山	1	510292	96.207688
44168	花東文化	1	510293	96.207877
44169	花東縱谷	1	510294	96.208066
44170	花枝	1	510295	96.208255
44171	花狗母	1	510296	96.208444
44172	花芽	1	510297	96.208633
44173	花花世界	1	510298	96.208822
44174	花花草草	1	510299	96.209011
44175	花雨	1	510300	96.209200
44176	花洋裝	1	510301	96.209389
44177	花師附小	1	510302	96.209578
44178	花翅儒艮鯛	1	510303	96.209767
44179	花豹	1	510304	96.209956
44180	花剪	1	510305	96.210145
44181	花商	1	510306	96.210334
44182	花圈	1	510307	96.210523
44183	花眼鏡	1	510308	96.210712
44184	花船	1	510309	96.210901
44185	花莖	1	510310	96.211090
44186	花雀圖	1	510311	96.211279
44187	花鳥	1	510312	96.211468
44188	花帽	1	510313	96.211657
44189	花斑蓑鮋	1	510314	96.211846
44190	花童	1	510315	96.212035
44191	花絲	1	510316	96.212224
44192	花黃	1	510317	96.212413
44193	花園城市	1	510318	96.212602
44194	花椰菜	1	510319	96.212791
44195	花農	1	510320	96.212980
44196	花道	1	510321	96.213169
44197	花鼓子圖	1	510322	96.213358
44198	花鼓小鑼	1	510323	96.213547
44199	花鼓燈	1	510324	96.213736
44200	花鼓戲	1	510325	96.213925
44201	花種	1	510326	96.214114
44202	花臺	1	510327	96.214303
44203	花嘴鴨	1	510328	96.214492
44204	花墟	1	510329	96.214681
44205	花影	1	510330	96.214870
44206	花蓮師範學院	1	510331	96.215059
44207	花蓮鄉	1	510332	96.215248
44208	花貓	1	510333	96.215437
44209	花薊馬	1	510334	96.215626
44210	花檯	1	510335	96.215815
44211	花瓣兒	1	510336	96.216004
44212	花轎	1	510337	96.216193
44213	花露水	1	510338	96.216382
44214	芬太尼	1	510339	96.216571
44215	芬芳錄	1	510340	96.216760
44216	芬蘭文	1	510341	96.216949
44217	芸芸眾生	1	510342	96.217138
44218	虎丘古塔	1	510343	96.217327
44219	虎虎生威	1	510344	96.217516
44220	虎威	1	510345	96.217705
44221	虎狼	1	510346	96.217894
44222	虎豹集團	1	510347	96.218083
44223	虎跑泉水	1	510348	96.218272
44224	虎頭	1	510349	96.218461
44225	虎頭蛇尾	1	510350	96.218650
44226	虎膽六蛟龍	1	510351	96.218839
44227	初一	1	510352	96.219028
44228	初中部	1	510353	96.219217
44229	初冬	1	510354	96.219406
44230	初犯	1	510355	96.219595
44231	初生之犢	1	510356	96.219784
44232	初生之犢不畏虎	1	510357	96.219973
44233	初任	1	510358	96.220162
44234	初年	1	510359	96.220351
44235	初見	1	510360	96.220540
44236	初夜	1	510361	96.220729
44237	初返	1	510362	96.220918
44238	初春	1	510363	96.221107
44239	初雪	1	510364	96.221296
44240	初發性腦淋巴瘤	1	510365	96.221485
44241	初診	1	510366	96.221674
44242	初陽	1	510367	96.221863
44243	初嘗	1	510368	96.222052
44244	初學班	1	510369	96.222241
44245	初醒	1	510370	96.222430
44246	初戀期	1	510371	96.222619
44247	表功	1	510372	96.222808
44248	表皮層	1	510373	96.222997
44249	表姊	1	510374	96.223186
44250	表面化	1	510375	96.223375
44251	表面抗原陽性	1	510376	96.223564
44252	表案	1	510377	96.223753
44253	表培兒茶素棓酸鹽	1	510378	96.223942
44254	表率	1	510379	96.224131
44255	表現法	1	510380	96.224320
44256	表現無遺	1	510381	96.224509
44257	表象式	1	510382	96.224698
44258	表裡不一	1	510383	96.224887
44259	表彰	1	510384	96.225076
44260	表演班子	1	510385	96.225265
44261	表演會	1	510386	96.225454
44262	表價	1	510387	96.225643
44263	表親	1	510388	96.225832
44264	軋空	1	510389	96.226021
44265	軋針棉	1	510390	96.226210
44266	軋鋼廠	1	510391	96.226399
44267	軋斷	1	510392	96.226588
44268	迎入	1	510393	96.226777
44269	迎奉	1	510394	96.226966
44270	迎春	1	510395	96.227155
44271	迎春接福	1	510396	96.227344
44272	迎風搖曳	1	510397	96.227533
44273	迎擊	1	510398	96.227722
44274	返身	1	510399	96.227911
44275	返流物	1	510400	96.228100
44276	返航	1	510401	96.228289
44277	返鄉路	1	510402	96.228478
44278	返照	1	510403	96.228667
44279	返觀	1	510404	96.228856
44280	近方蟹	1	510405	96.229045
44281	近水樓臺	1	510406	96.229234
44282	近代學	1	510407	96.229423
44283	近利	1	510408	96.229612
44284	近事	1	510409	96.229801
44285	近侍	1	510410	96.229990
44286	近秋	1	510411	96.230179
44287	近海	1	510412	96.230368
44288	近戚寵貴	1	510413	96.230557
44289	近處	1	510414	96.230746
44290	近影	1	510415	96.230935
44291	近慮	1	510416	96.231124
44292	近燈	1	510417	96.231313
44293	邵元沖	1	510418	96.231502
44294	邵玉銘	1	510419	96.231691
44295	邵伯溫	1	510420	96.231880
44296	邵婷如	1	510421	96.232069
44297	邱子昂	1	510422	96.232258
44298	邱永漢	1	510423	96.232447
44299	邱秀英	1	510424	96.232636
44300	邱玲花	1	510425	96.232825
44301	邱雅文	1	510426	96.233014
44302	邶風	1	510427	96.233203
44303	金口	1	510428	96.233392
44304	金士傑	1	510429	96.233581
44305	金大班的最後一夜	1	510430	96.233770
44306	金元寶	1	510431	96.233959
44307	金手獎	1	510432	96.234148
44308	金斗	1	510433	96.234337
44309	金氏記錄	1	510434	96.234526
44310	金水	1	510435	96.234715
44311	金片	1	510436	96.234904
44312	金牙	1	510437	96.235093
44313	金牛群公司	1	510438	96.235282
44314	金仙靈神丹	1	510439	96.235471
44315	金玉	1	510440	96.235660
44316	金玉良言	1	510441	96.235849
44317	金瓜石	1	510442	96.236038
44318	金瓜石礦區	1	510443	96.236227
44319	金石文	1	510444	96.236416
44320	金石堂	1	510445	96.236605
44321	金石堂書店	1	510446	96.236794
44322	金石斛	1	510447	96.236983
44323	金光閃閃	1	510448	96.237172
44324	金光黨	1	510449	96.237361
44325	金字塔組織	1	510450	96.237550
44326	金字塔體系	1	510451	96.237739
44327	金曲	1	510452	96.237928
44328	金米獎	1	510453	96.238117
44329	金色年華	1	510454	96.238306
44330	金色冒險號	1	510455	96.238495
44331	金佛像	1	510456	96.238684
44332	金沙	1	510457	96.238873
44333	金車基金會	1	510458	96.239062
44334	金防部	1	510459	96.239251
44335	金招牌	1	510460	96.239440
44336	金杯	1	510461	96.239629
44337	金泥鰍	1	510462	96.239818
44338	金芙蓉	1	510463	96.240007
44339	金花石蒜	1	510464	96.240196
44340	金門人	1	510465	96.240385
44341	金門橋	1	510466	96.240574
44342	金冠軍	1	510467	96.240763
44343	金屋	1	510468	96.240952
44344	金盆洗手	1	510469	96.241141
44345	金科玉律	1	510470	96.241330
44346	金風玉露	1	510471	96.241519
44347	金剛怒目	1	510472	96.241708
44348	金剛經	1	510473	96.241897
44349	金書獎	1	510474	96.242086
44350	金神保	1	510475	96.242275
44351	金納得	1	510476	96.242464
44352	金針菜	1	510477	96.242653
44353	金針葉	1	510478	96.242842
44354	金馬地區	1	510479	96.243031
44355	金馬特別獎	1	510480	96.243220
44356	金馬執委會	1	510481	96.243409
44357	金馬獎國際影展	1	510482	96.243598
44358	金商	1	510483	96.243787
44359	金國	1	510484	96.243976
44360	金康候	1	510485	96.244165
44361	金斜梯	1	510486	96.244354
44362	金梁橋	1	510487	96.244543
44363	金梅花	1	510488	96.244732
44364	金瓶梅	1	510489	96.244921
44365	金眼貓	1	510490	96.245110
44366	金蛋	1	510491	96.245299
44367	金陵女高	1	510492	96.245488
44368	金章	1	510493	96.245677
44369	金章宗	1	510494	96.245866
44370	金頂	1	510495	96.246055
44371	金頂電池	1	510496	96.246244
44372	金魚草	1	510497	96.246433
44373	金朝	1	510498	96.246622
44374	金湯	1	510499	96.246811
44375	金童舒馬克	1	510500	96.247000
44376	金筆	1	510501	96.247189
44377	金紫	1	510502	96.247378
44378	金華街	1	510503	96.247567
44379	金鄉	1	510504	96.247756
44380	金項練	1	510505	96.247945
44381	金飯碗	1	510506	96.248134
44382	金黃色葡萄球菌	1	510507	96.248323
44383	金嗓子	1	510508	96.248512
44384	金獅獎	1	510509	96.248701
44385	金號角	1	510510	96.248890
44386	金裝鬼打鬼	1	510511	96.249079
44387	金鼎	1	510512	96.249268
44388	金鼎電池	1	510513	96.249457
44389	金像獎	1	510514	96.249646
44390	金榜	1	510515	96.249835
44391	金槍魚	1	510516	96.250024
44392	金磁片獎	1	510517	96.250213
44393	金製	1	510518	96.250402
44394	金製品	1	510519	96.250591
44395	金銀紙	1	510520	96.250780
44396	金銀財寶	1	510521	96.250969
44397	金閣寺	1	510522	96.251158
44398	金幡	1	510523	96.251347
44399	金蝶卡系列	1	510524	96.251536
44400	金質	1	510525	96.251725
44401	金輪車	1	510526	96.251914
44402	金駝獎	1	510527	96.252103
44403	金髮碧眼	1	510528	96.252292
44404	金樽	1	510529	96.252481
44405	金橋獎	1	510530	96.252670
44406	金燕	1	510531	96.252859
44407	金融局	1	510532	96.253048
44408	金融性	1	510533	96.253237
44409	金融保險	1	510534	96.253426
44410	金融家	1	510535	96.253615
44411	金融時報	1	510536	96.253804
44412	金融報社	1	510537	96.253993
44413	金融會議	1	510538	96.254182
44414	金融管理	1	510539	96.254371
44415	金融類股	1	510540	96.254560
44416	金錶	1	510541	96.254749
44417	金錢太保	1	510542	96.254938
44418	金錢本色	1	510543	96.255127
44419	金錢薄荷	1	510544	96.255316
44420	金頭腦	1	510545	96.255505
44421	金龍少棒隊	1	510546	96.255694
44422	金龜	1	510547	96.255883
44423	金龜婿	1	510548	96.256072
44424	金聲二號	1	510549	96.256261
44425	金臂人日記	1	510550	96.256450
44426	金鏤玉衣	1	510551	96.256639
44427	金礦山	1	510552	96.256828
44428	金屬元素	1	510553	96.257017
44429	金屬化合物	1	510554	96.257206
44430	金屬桿	1	510555	96.257395
44431	金屬混合材質	1	510556	96.257584
44432	金屬漆	1	510557	96.257773
44433	金屬觸媒轉換器	1	510558	96.257962
44434	金蘭灣	1	510559	96.258151
44435	金鐲	1	510560	96.258340
44436	金露花	1	510561	96.258529
44437	金鶯獎	1	510562	96.258718
44438	金鑰匙	1	510563	96.258907
44439	金鰲勳	1	510564	96.259096
44440	長女	1	510565	96.259285
44441	長川喜多長政	1	510566	96.259474
44442	長弓	1	510567	96.259663
44443	長弓公司	1	510568	96.259852
44444	長天期	1	510569	96.260041
44445	長方型	1	510570	96.260230
44446	長方琉璃磚	1	510571	96.260419
44447	長方蟹	1	510572	96.260608
44448	長兄	1	510573	96.260797
44449	長幼	1	510574	96.260986
44450	長生	1	510575	96.261175
44451	長生術	1	510576	96.261364
44452	長生殿	1	510577	96.261553
44453	長安東路	1	510578	96.261742
44454	長安城	1	510579	96.261931
44455	長江口岸	1	510580	96.262120
44456	長江流域	1	510581	96.262309
44457	長江計劃	1	510582	96.262498
44458	長老村	1	510583	96.262687
44459	長老教會教友	1	510584	96.262876
44460	長舌	1	510585	96.263065
44461	長舌公	1	510586	96.263254
44462	長串	1	510587	96.263443
44463	長形	1	510588	96.263632
44464	長男	1	510589	96.263821
44465	長夜	1	510590	96.264010
44466	長庚	1	510591	96.264199
44467	長征	1	510592	96.264388
44468	長泳	1	510593	96.264577
44469	長河	1	510594	96.264766
44470	長法	1	510595	96.264955
44471	長治	1	510596	96.265144
44472	長治久安	1	510597	96.265333
44473	長青俱樂部	1	510598	96.265522
44474	長青樹	1	510599	96.265711
44475	長信宮	1	510600	96.265900
44476	長保	1	510601	96.266089
44477	長恨歌	1	510602	96.266278
44478	長春花	1	510603	96.266467
44479	長春祠	1	510604	96.266656
44480	長柄	1	510605	96.266845
44481	長洋裝	1	510606	96.267034
44482	長洲	1	510607	96.267223
44483	長相廝守	1	510608	96.267412
44484	長相憶	1	510609	96.267601
44485	長苔	1	510610	96.267790
44486	長衫	1	510611	96.267979
44487	長徑	1	510612	96.268168
44488	長紗	1	510613	96.268357
44489	長索	1	510614	96.268546
44490	長條式	1	510615	96.268735
44491	長條型	1	510616	96.268924
44492	長莖	1	510617	96.269113
44493	長途電話	1	510618	96.269302
44494	長堤省	1	510619	96.269491
44495	長期性	1	510620	96.269680
44496	長期飯票	1	510621	96.269869
44497	長短不一	1	510622	96.270058
44498	長短期	1	510623	96.270247
44499	長短程計畫	1	510624	96.270436
44500	長程飛彈	1	510625	96.270625
44501	長筒靴	1	510626	96.270814
44502	長筒襪	1	510627	96.271003
44503	長街	1	510628	96.271192
44504	長跑者	1	510629	96.271381
44505	長軸距車身	1	510630	96.271570
44506	長階梯	1	510631	96.271759
44507	長圓形	1	510632	96.271948
44508	長煙	1	510633	96.272137
44509	長絹	1	510634	96.272326
44510	長腳女傭	1	510635	96.272515
44511	長話短說	1	510636	96.272704
44512	長路	1	510637	96.272893
44513	長路漫漫	1	510638	96.273082
44514	長鉤子	1	510639	96.273271
44515	長凳	1	510640	96.273460
44516	長嘆	1	510641	96.273649
44517	長壽翁	1	510642	96.273838
44518	長榮	1	510643	96.274027
44519	長榮化工	1	510644	96.274216
44520	長榮集團	1	510645	96.274405
44521	長槍	1	510646	96.274594
44522	長滿	1	510647	96.274783
44523	長腿	1	510648	96.274972
44524	長腿鷹	1	510649	96.275161
44525	長鼻子	1	510650	96.275350
44526	長齊	1	510651	96.275539
44527	長億	1	510652	96.275728
44528	長億實業	1	510653	96.275917
44529	長寬	1	510654	96.276106
44530	長歎	1	510655	96.276295
44531	長篇大論	1	510656	96.276484
44532	長銷	1	510657	96.276673
44533	長橋	1	510658	96.276862
44534	長頸	1	510659	96.277051
44535	長頸羚	1	510660	96.277240
44536	長濱	1	510661	96.277429
44537	長濱國中	1	510662	96.277618
44538	長聯	1	510663	96.277807
44539	長繭	1	510664	96.277996
44540	長驅直入	1	510665	96.278185
44541	長鬚鯨	1	510666	96.278374
44542	長纖	1	510667	96.278563
44543	長褳	1	510668	96.278752
44544	門下侍郎	1	510669	96.278941
44545	門包	1	510670	96.279130
44546	門可羅雀	1	510671	96.279319
44547	門外漢	1	510672	96.279508
44548	門市	1	510673	96.279697
44549	門市部	1	510674	96.279886
44550	門生	1	510675	96.280075
44551	門房	1	510676	96.280264
44552	門的內哥羅共和國	1	510677	96.280453
44553	門客	1	510678	96.280642
44554	門首	1	510679	96.280831
44555	門庭	1	510680	96.281020
44556	門庭若市	1	510681	96.281209
44557	門扇	1	510682	96.281398
44558	門診費	1	510683	96.281587
44559	門貼	1	510684	96.281776
44560	門塔	1	510685	96.281965
44561	門當戶對	1	510686	96.282154
44562	門飾	1	510687	96.282343
44563	門對	1	510688	96.282532
44564	門檐	1	510689	96.282721
44565	門環	1	510690	96.282910
44566	門縫	1	510691	96.283099
44567	門聯	1	510692	96.283288
44568	門鎖	1	510693	96.283477
44569	門額	1	510694	96.283666
44570	門鏈	1	510695	96.283855
44571	阜陽市	1	510696	96.284044
44572	阜新	1	510697	96.284233
44573	阿Ｑ精神	1	510698	96.284422
44574	阿不拉	1	510699	96.284611
44575	阿丹	1	510700	96.284800
44576	阿公店	1	510701	96.284989
44577	阿比西尼亞	1	510702	96.285178
44578	阿片	1	510703	96.285367
44579	阿卡德王國	1	510704	96.285556
44580	阿司匹靈	1	510705	96.285745
44581	阿布‧奈達爾	1	510706	96.285934
44582	阿布卡齊亞	1	510707	96.286123
44583	阿圭巴灣	1	510708	96.286312
44584	阿托品	1	510709	96.286501
44585	阿米朗姆‧尼爾	1	510710	96.286690
44586	阿亨城	1	510711	96.286879
44587	阿伯	1	510712	96.287068
44588	阿克安紐斯	1	510713	96.287257
44589	阿克玻里斯	1	510714	96.287446
44590	阿克赫納頓	1	510715	96.287635
44591	阿克蘇市	1	510716	96.287824
44592	阿杉哥	1	510717	96.288013
44593	阿沃利亞茲科幻影展	1	510718	96.288202
44594	阿沃利亞茲國際科幻影展	1	510719	96.288391
44595	阿姆斯特丹	1	510720	96.288580
44596	阿拉丁神話	1	510721	96.288769
44597	阿拉丁樂園	1	510722	96.288958
44598	阿拉巴馬	1	510723	96.289147
44599	阿拉伯人	1	510724	96.289336
44600	阿拉伯文	1	510725	96.289525
44601	阿拉伯海	1	510726	96.289714
44602	阿拉伯勞倫斯	1	510727	96.289903
44603	阿波利納里斯	1	510728	96.290092
44604	阿波羅11號	1	510729	96.290281
44605	阿波羅計畫	1	510730	96.290470
44606	阿爸	1	510731	96.290659
44607	阿空星	1	510732	96.290848
44608	阿剋當阿	1	510733	96.291037
44609	阿勃拉姆斯	1	510734	96.291226
44610	阿姨湯丸	1	510735	96.291415
44611	阿美德公司	1	510736	96.291604
44612	阿飛與阿基	1	510737	96.291793
44613	阿修羅	1	510738	96.291982
44614	阿倫	1	510739	96.292171
44615	阿庫拉	1	510740	96.292360
44616	阿特曼	1	510741	96.292549
44617	阿茲特克人	1	510742	96.292738
44618	阿茲特克帝國	1	510743	96.292927
44619	阿貢山	1	510744	96.293116
44620	阿骨打	1	510745	96.293305
44621	阿曼赫泰普四世	1	510746	96.293494
44622	阿基米德	1	510747	96.293683
44623	阿得雷德藝術季	1	510748	96.293872
44624	阿莎力	1	510749	96.294061
44625	阿麻爾那文書	1	510750	96.294250
44626	阿斯匹林	1	510751	96.294439
44627	阿斯巴甜	1	510752	96.294628
44628	阿達家族	1	510753	96.294817
44629	阿爾及利亞伊斯蘭救國陣線	1	510754	96.295006
44630	阿爾西諾斯王	1	510755	96.295195
44631	阿爾卑斯	1	510756	96.295384
44632	阿爾卑斯山區	1	510757	96.295573
44633	阿爾發村	1	510758	96.295762
44634	阿爾忒彌斯	1	510759	96.295951
44635	阿福	1	510760	96.296140
44636	阿德勒	1	510761	96.296329
44637	阿德雷得	1	510762	96.296518
44638	阿蓮	1	510763	96.296707
44639	阿嬤	1	510764	96.296896
44640	阿聯	1	510765	96.297085
44641	阻尼	1	510766	96.297274
44642	阻尼係數	1	510767	96.297463
44643	阻流器	1	510768	96.297652
44644	阻滯	1	510769	96.297841
44645	阻燃劑	1	510770	96.298030
44646	阻擾	1	510771	96.298219
44647	附小	1	510772	96.298408
44648	附方	1	510773	96.298597
44649	附冊	1	510774	96.298786
44650	附捐	1	510775	96.298975
44651	附送	1	510776	96.299164
44652	附庸	1	510777	96.299353
44653	附著力	1	510778	96.299542
44654	附會	1	510779	96.299731
44655	附廓	1	510780	96.299920
44656	附擔保公司信託	1	510781	96.300109
44657	附擔保公司債信託	1	510782	96.300298
44658	附頭	1	510783	96.300487
44659	雨中即景	1	510784	96.300676
44660	雨打風吹	1	510785	96.300865
44661	雨衣	1	510786	96.301054
44662	雨刷水	1	510787	96.301243
44663	雨刷片	1	510788	96.301432
44664	雨林區	1	510789	96.301621
44665	雨後春筍	1	510790	96.301810
44666	雨雪	1	510791	96.301999
44667	雨帽	1	510792	96.302188
44668	雨靴	1	510793	96.302377
44669	雨遮	1	510794	96.302566
44670	雨鞋	1	510795	96.302755
44671	雨露	1	510796	96.302944
44672	青少女	1	510797	96.303133
44673	青少年藍賽	1	510798	96.303322
44674	青木建設	1	510799	96.303511
44675	青出於藍	1	510800	96.303700
44676	青史	1	510801	96.303889
44677	青布衣	1	510802	96.304078
44678	青石	1	510803	96.304267
44679	青年人	1	510804	96.304456
44680	青年幻想大獎	1	510805	96.304645
44681	青年自由報	1	510806	96.304834
44682	青年自強活動	1	510807	96.305023
44683	青年盃	1	510808	96.305212
44684	青年期	1	510809	96.305401
44685	青年會	1	510810	96.305590
44686	青年團	1	510811	96.305779
44687	青灰色	1	510812	96.305968
44688	青色	1	510813	96.306157
44689	青壯	1	510814	96.306346
44690	青豆	1	510815	96.306535
44691	青果兒	1	510816	96.306724
44692	青果社	1	510817	96.306913
44693	青松	1	510818	96.307102
44694	青花	1	510819	96.307291
44695	青花菜	1	510820	96.307480
44696	青青子衿	1	510821	96.307669
44697	青春發育期	1	510822	96.307858
44698	青春舞曲	1	510823	96.308047
44699	青春廣播電臺	1	510824	96.308236
44700	青苔	1	510825	96.308425
44701	青島東路	1	510826	96.308614
44702	青草仔店	1	510827	96.308803
44703	青茶	1	510828	96.308992
44704	青商	1	510829	96.309181
44705	青商會	1	510830	96.309370
44706	青帷	1	510831	96.309559
44707	青梅竹馬	1	510832	96.309748
44708	青猛	1	510833	96.309937
44709	青魚	1	510834	96.310126
44710	青創楷模	1	510835	96.310315
44711	青棒	1	510836	96.310504
44712	青棒隊	1	510837	96.310693
44713	青棒賽	1	510838	96.310882
44714	青椒	1	510839	96.311071
44715	青紫	1	510840	96.311260
44716	青蛙王子	1	510841	96.311449
44717	青黃	1	510842	96.311638
44718	青綠色	1	510843	96.311827
44719	青銅刀	1	510844	96.312016
44720	青銅器銘文	1	510845	96.312205
44721	青樓	1	510846	96.312394
44722	青緞羊皮裹皂靴	1	510847	96.312583
44723	青磺	1	510848	96.312772
44724	青藍色	1	510849	96.312961
44725	青櫻桃	1	510850	96.313150
44726	青鸞	1	510851	96.313339
44727	非同小可	1	510852	96.313528
44728	非洲人	1	510853	96.313717
44729	非洲地區	1	510854	96.313906
44730	非洲街節	1	510855	96.314095
44731	非賣品	1	510856	96.314284
44732	非議	1	510857	96.314473
44733	亟需	1	510858	96.314662
44734	亭亭玉立	1	510859	96.314851
44735	亭閣	1	510860	96.315040
44736	亮出	1	510861	96.315229
44737	信大水泥	1	510862	96.315418
44738	信手拈來	1	510863	96.315607
44739	信用狀	1	510864	96.315796
44740	信用貸款事業	1	510865	96.315985
44741	信甲特	1	510866	96.316174
44742	信孚	1	510867	96.316363
44743	信孚銀行	1	510868	96.316552
44744	信步	1	510869	96.316741
44745	信使	1	510870	96.316930
44746	信東製藥	1	510871	96.317119
44747	信託法草案	1	510872	96.317308
44748	信託部	1	510873	96.317497
44749	信託業法	1	510874	96.317686
44750	信望愛	1	510875	96.317875
44751	信然	1	510876	96.318064
44752	信華臺鐘	1	510877	96.318253
44753	信義計畫區	1	510878	96.318442
44754	信義計劃區	1	510879	96.318631
44755	信義區	1	510880	96.318820
44756	信號發射器	1	510881	96.319009
44757	信實	1	510882	96.319198
44758	信賴性	1	510883	96.319387
44759	信賴度	1	510884	96.319576
44760	信賴感	1	510885	96.319765
44761	侵染	1	510886	96.319954
44762	侵華	1	510887	96.320143
44763	侵擾	1	510888	96.320332
44764	侵權	1	510889	96.320521
44765	侯文詠	1	510890	96.320710
44766	侯貞雄	1	510891	96.320899
44767	侯海熊	1	510892	96.321088
44768	侯清雄	1	510893	96.321277
44769	侯鳥	1	510894	96.321466
44770	侯景	1	510895	96.321655
44771	侯鯖錄	1	510896	96.321844
44772	侯恂	1	510897	96.322033
44773	便利店	1	510898	96.322222
44774	便於	1	510899	96.322411
44775	便便	1	510900	96.322600
44776	便條紙	1	510901	96.322789
44777	便帽	1	510902	96.322978
44778	便飯	1	510903	96.323167
44779	便殿	1	510904	96.323356
44780	便當店	1	510905	96.323545
44781	便道	1	510906	96.323734
44782	便請	1	510907	96.323923
44783	便鞋	1	510908	96.324112
44784	便器	1	510909	96.324301
44785	俠士	1	510910	96.324490
44786	俠氣	1	510911	96.324679
44787	俠氣干雲	1	510912	96.324868
44788	俏皮話	1	510913	96.325057
44789	保七快艇	1	510914	96.325246
44790	保七隊	1	510915	96.325435
44791	保甲路	1	510916	96.325624
44792	保全人員	1	510917	96.325813
44793	保存性	1	510918	96.326002
44794	保守性	1	510919	96.326191
44795	保安科	1	510920	96.326380
44796	保安宮	1	510921	96.326569
44797	保收	1	510922	96.326758
44798	保肝	1	510923	96.326947
44799	保肝抗炎	1	510924	96.327136
44800	保育法	1	510925	96.327325
44801	保育區	1	510926	96.327514
44802	保育組織	1	510927	96.327703
44803	保育類動物	1	510928	96.327892
44804	保命符	1	510929	96.328081
44805	保姆班	1	510930	96.328270
44806	保持者	1	510931	96.328459
44807	保皇	1	510932	96.328648
44808	保皇黨	1	510933	96.328837
44809	保家衛國	1	510934	96.329026
44810	保時捷跑車	1	510935	96.329215
44811	保特瓶	1	510936	96.329404
44812	保留地	1	510937	96.329593
44813	保留區	1	510938	96.329782
44814	保健所	1	510939	96.329971
44815	保健課	1	510940	96.330160
44816	保密防諜	1	510941	96.330349
44817	保釣運動	1	510942	96.330538
44818	保溼	1	510943	96.330727
44819	保溫瓶	1	510944	96.330916
44820	保溫壺	1	510945	96.331105
44821	保祿一世	1	510946	96.331294
44822	保管所	1	510947	96.331483
44823	保管權	1	510948	96.331672
44824	保障性	1	510949	96.331861
44825	保德信公司	1	510950	96.332050
44826	保養廠	1	510951	96.332239
44827	保險司長	1	510952	96.332428
44828	保險界	1	510953	96.332617
44829	保險庫	1	510954	96.332806
44830	保險索	1	510955	96.332995
44831	保險費	1	510956	96.333184
44832	保險費率	1	510957	96.333373
44833	保險業	1	510958	96.333562
44834	保險經紀人協會	1	510959	96.333751
44835	保險箱	1	510960	96.333940
44836	保險褲	1	510961	96.334129
44837	保險額	1	510962	96.334318
44838	保舉	1	510963	96.334507
44839	保薦	1	510964	96.334696
44840	保羅‧威爾金遜	1	510965	96.334885
44841	保羅列尼	1	510966	96.335074
44842	保羅貝瑞	1	510967	96.335263
44843	保羅許瑞德	1	510968	96.335452
44844	保麗龍餐具	1	510969	96.335641
44845	保齡	1	510970	96.335830
44846	保齡球館	1	510971	96.336019
44847	保護級	1	510972	96.336208
44848	保護處	1	510973	96.336397
44849	保護傘	1	510974	96.336586
44850	保護園	1	510975	96.336775
44851	保護網	1	510976	96.336964
44852	促始	1	510977	96.337153
44853	促性腺激素	1	510978	96.337342
44854	促進產業升級條例	1	510979	96.337531
44855	促膝相談	1	510980	96.337720
44856	促膝談心	1	510981	96.337909
44857	促請	1	510982	96.338098
44858	俊秀	1	510983	96.338287
44859	俊美	1	510984	96.338476
44860	俊逸	1	510985	96.338665
44861	俗不可耐	1	510986	96.338854
44862	俗世	1	510987	96.339043
44863	俗濫	1	510988	96.339232
44864	侮慢	1	510989	96.339421
44865	侮蔑	1	510990	96.339610
44866	俄亥俄州	1	510991	96.339799
44867	俄亥俄州大學	1	510992	96.339988
44868	俄亥俄州立大學	1	510993	96.340177
44869	俄勒岡	1	510994	96.340366
44870	俄國人	1	510995	96.340555
44871	俄國駐臺辦事處	1	510996	96.340744
44872	俄製	1	510997	96.340933
44873	俄羅斯人	1	510998	96.341122
44874	俄羅斯輪盤	1	510999	96.341311
44875	俄羅斯聯邦共和國	1	511000	96.341500
44876	俄羅期	1	511001	96.341689
44877	俎盤	1	511002	96.341878
44878	俞冰清	1	511003	96.342067
44879	兗州	1	511004	96.342256
44880	冒火	1	511005	96.342445
44881	冒失	1	511006	96.342634
44882	冒名	1	511007	96.342823
44883	冒汗	1	511008	96.343012
44884	冒冷汗	1	511009	96.343201
44885	冒起	1	511010	96.343390
44886	冒貸	1	511011	96.343579
44887	冒號	1	511012	96.343768
44888	冒辟疆	1	511013	96.343957
44889	冒領	1	511014	96.344146
44890	冒險家	1	511015	96.344335
44891	冒險記	1	511016	96.344524
44892	冠羽畫眉	1	511017	96.344713
44893	冠衣	1	511018	96.344902
44894	冠周炎	1	511019	96.345091
44895	冠狀動脈心臟病	1	511020	96.345280
44896	冠狀溝部	1	511021	96.345469
44897	冠軍車	1	511022	96.345658
44898	冠軍相	1	511023	96.345847
44899	冠冕	1	511024	96.346036
44900	冠冕堂皇	1	511025	96.346225
44901	冠蓋	1	511026	96.346414
44902	冠德	1	511027	96.346603
44903	冠鵯	1	511028	96.346792
44904	剎車	1	511029	96.346981
44905	剃刀情人	1	511030	96.347170
44906	剃光	1	511031	96.347359
44907	剃頭	1	511032	96.347548
44908	削尖	1	511033	96.347737
44909	削除	1	511034	96.347926
44910	削掉	1	511035	96.348115
44911	削鉛筆機	1	511036	96.348304
44912	削奪	1	511037	96.348493
44913	削瘦	1	511038	96.348682
44914	削髮	1	511039	96.348871
44915	削壁	1	511040	96.349060
44916	削磨	1	511041	96.349249
44917	削權	1	511042	96.349438
44918	前天	1	511043	96.349627
44919	前功能裝置	1	511044	96.349816
44920	前列腺素	1	511045	96.350005
44921	前奏	1	511046	96.350194
44922	前段班	1	511047	96.350383
44923	前哨戰	1	511048	96.350572
44924	前座安全帶緊縮器	1	511049	96.350761
44925	前胸	1	511050	96.350950
44926	前情	1	511051	96.351139
44927	前情提要	1	511052	96.351328
44928	前晚	1	511053	96.351517
44929	前涼	1	511054	96.351706
44930	前麥弗遜式	1	511055	96.351895
44931	前置式面板	1	511056	96.352084
44932	前腳	1	511057	96.352273
44933	前葉子板	1	511058	96.352462
44934	前塵	1	511059	96.352651
44935	前漢	1	511060	96.352840
44936	前綴詞	1	511061	96.353029
44937	前線臺	1	511062	96.353218
44938	前衛電影	1	511063	96.353407
44939	前輩子	1	511064	96.353596
44940	前鋒	1	511065	96.353785
44941	前獨立麥弗遜支柱式	1	511066	96.353974
44942	前額竇	1	511067	96.354163
44943	前襟	1	511068	96.354352
44944	前懸掛系統	1	511069	96.354541
44945	前蘇聯共和國	1	511070	96.354730
44946	前裾	1	511071	96.354919
44947	剋夫	1	511072	96.355108
44948	勇鬥	1	511073	96.355297
44949	勇健	1	511074	96.355486
44950	勇將	1	511075	96.355675
44951	勇敢者	1	511076	96.355864
44952	勇進	1	511077	96.356053
44953	勇邁	1	511078	96.356242
44954	勃那提	1	511079	96.356431
44955	勃拉姆斯	1	511080	96.356620
44956	勃朗山	1	511081	96.356809
44957	勃朗峰	1	511082	96.356998
44958	勁車	1	511083	96.357187
44959	勁旅	1	511084	96.357376
44960	勁速	1	511085	96.357565
44961	勁道	1	511086	96.357754
44962	南十字座	1	511087	96.357943
44963	南中國海	1	511088	96.358132
44964	南化水庫	1	511089	96.358321
44965	南屯	1	511090	96.358510
44966	南屯區	1	511091	96.358699
44967	南方寶生佛剎	1	511092	96.358888
44968	南加州	1	511093	96.359077
44969	南北向	1	511094	96.359266
44970	南北朝	1	511095	96.359455
44971	南卡大學	1	511096	96.359644
44972	南寺	1	511097	96.359833
44973	南投高中	1	511098	96.360022
44974	南沙群島	1	511099	96.360211
44975	南亞研究所	1	511100	96.360400
44976	南京市	1	511101	96.360589
44977	南京路	1	511102	96.360778
44978	南阿爾卑斯	1	511103	96.360967
44979	南阿爾卑斯連峰	1	511104	96.361156
44980	南屏	1	511105	96.361345
44981	南星填海計畫	1	511106	96.361534
44982	南柯記	1	511107	96.361723
44983	南洋地區	1	511108	96.361912
44984	南洋諸島	1	511109	96.362101
44985	南洋諸國	1	511110	96.362290
44986	南洪北孔	1	511111	96.362479
44987	南美大陸	1	511112	96.362668
44988	南美自由貿易	1	511113	96.362857
44989	南胡	1	511114	96.363046
44990	南島語系	1	511115	96.363235
44991	南島語族	1	511116	96.363424
44992	南崁	1	511117	96.363613
44993	南書房	1	511118	96.363802
44994	南浦書院	1	511119	96.363991
44995	南特影展	1	511120	96.364180
44996	南迴	1	511121	96.364369
44997	南迴公路	1	511122	96.364558
44998	南國風情	1	511123	96.364747
44999	南寇	1	511124	96.364936
45000	南排灣族	1	511125	96.365125
45001	南斯拉夫王國	1	511126	96.365314
45002	南朝鮮	1	511127	96.365503
45003	南湖大山	1	511128	96.365692
45004	南腔北調	1	511129	96.365881
45005	南菲利	1	511130	96.366070
45006	南陽街	1	511131	96.366259
45007	南蒂羅爾自治區	1	511132	96.366448
45008	南達爾馬提亞	1	511133	96.366637
45009	南僑	1	511134	96.366826
45010	南僑集團	1	511135	96.367015
45011	南管	1	511136	96.367204
45012	南橫	1	511137	96.367393
45013	南澳洲	1	511138	96.367582
45014	南蕃	1	511139	96.367771
45015	南蕃交州	1	511140	96.367960
45016	南錐市場	1	511141	96.368149
45017	南寶樹脂	1	511142	96.368338
45018	南庄國小	1	511143	96.368527
45019	卻老子	1	511144	96.368716
45020	厚片土司	1	511145	96.368905
45021	厚生省	1	511146	96.369094
45022	厚利	1	511147	96.369283
45023	厚板	1	511148	96.369472
45024	厚長	1	511149	96.369661
45025	厚意	1	511150	96.369850
45026	厚暖	1	511151	96.370039
45027	厚道	1	511152	96.370228
45028	厚誣	1	511153	96.370417
45029	厚牆	1	511154	96.370606
45030	厚薄	1	511155	96.370795
45031	叛臣	1	511156	96.370984
45032	叛軍	1	511157	96.371173
45033	叛家	1	511158	96.371362
45034	叛國	1	511159	96.371551
45035	叛亂犯	1	511160	96.371740
45036	咬人狗	1	511161	96.371929
45037	咬文嚼字	1	511162	96.372118
45038	咬牙	1	511163	96.372307
45039	咬字	1	511164	96.372496
45040	咬死	1	511165	96.372685
45041	咬舌	1	511166	96.372874
45042	咬住	1	511167	96.373063
45043	咬定	1	511168	96.373252
45044	咬破	1	511169	96.373441
45045	咬掉	1	511170	96.373630
45046	咬脣	1	511171	96.373819
45047	咬緊	1	511172	96.374008
45048	哀兵	1	511173	96.374197
45049	哀悼相	1	511174	96.374386
45050	哀愴	1	511175	96.374575
45051	哀榮	1	511176	96.374764
45052	哀歌	1	511177	96.374953
45053	哀樂	1	511178	96.375142
45054	哎喲	1	511179	96.375331
45055	咸寧	1	511180	96.375520
45056	咳血	1	511181	96.375709
45057	哇哇大叫	1	511182	96.375898
45058	哇啦哇啦	1	511183	96.376087
45059	咪咪	1	511184	96.376276
45060	品行	1	511185	96.376465
45061	品性	1	511186	96.376654
45062	品壺	1	511187	96.376843
45063	品項	1	511188	96.377032
45064	品頭論足	1	511189	96.377221
45065	哄抬	1	511190	96.377410
45066	哄堂大笑	1	511191	96.377599
45067	哈奴曼	1	511192	96.377788
45068	哈布斯堡王國	1	511193	96.377977
45069	哈佛醫學院	1	511194	96.378166
45070	哈克歷險記	1	511195	96.378355
45071	哈利柯恩	1	511196	96.378544
45072	哈利霍夫曼	1	511197	96.378733
45073	哈林	1	511198	96.378922
45074	哈林籃球隊	1	511199	96.379111
45075	哈特	1	511200	96.379300
45076	哈曼奈	1	511201	96.379489
45077	哈密頓島	1	511202	96.379678
45078	哈啾	1	511203	96.379867
45079	哈斯	1	511204	96.380056
45080	哈斯布拉托夫	1	511205	96.380245
45081	哈瑞霍夫曼	1	511206	96.380434
45082	哈雷	1	511207	96.380623
45083	哈爾亞西比	1	511208	96.380812
45084	哈爾濱	1	511209	96.381001
45085	哈維爾	1	511210	96.381190
45086	哈維爾‧桑齊士	1	511211	96.381379
45087	哈薩克	1	511212	96.381568
45088	哈薩克汗國	1	511213	96.381757
45089	哈薩克語	1	511214	96.381946
45090	咯血	1	511215	96.382135
45091	囿坐	1	511216	96.382324
45092	垂亡	1	511217	96.382513
45093	垂吊	1	511218	96.382702
45094	垂直線	1	511219	96.382891
45095	垂柳	1	511220	96.383080
45096	垂問	1	511221	96.383269
45097	垂情	1	511222	96.383458
45098	垂涎三尺	1	511223	96.383647
45099	垂落	1	511224	96.383836
45100	垂墜感	1	511225	96.384025
45101	垂憐	1	511226	96.384214
45102	垂體腺癌	1	511227	96.384403
45103	型號	1	511228	96.384592
45104	型鋼	1	511229	96.384781
45105	城子山	1	511230	96.384970
45106	城名	1	511231	96.385159
45107	城里	1	511232	96.385348
45108	城府	1	511233	96.385537
45109	城門口	1	511234	96.385726
45110	城郊	1	511235	96.385915
45111	城島	1	511236	96.386104
45112	城區部	1	511237	96.386293
45113	城基	1	511238	96.386482
45114	城鄉計劃	1	511239	96.386671
45115	城隍	1	511240	96.386860
45116	城隍祭	1	511241	96.387049
45117	城樓	1	511242	96.387238
45118	城頭山	1	511243	96.387427
45119	城濠	1	511244	96.387616
45120	奕譞	1	511245	96.387805
45121	奕劻	1	511246	96.387994
45122	奕偉	1	511247	96.388183
45123	奕棋居	1	511248	96.388372
45124	奕德	1	511249	96.388561
45125	契丹國志	1	511250	96.388750
45126	契約部	1	511251	96.388939
45127	契稅	1	511252	96.389128
45128	奏定學堂章程	1	511253	96.389317
45129	奏報	1	511254	96.389506
45130	奎北克	1	511255	96.389695
45131	奎寧	1	511256	96.389884
45132	姜牙	1	511257	96.390073
45133	姜馬萊	1	511258	96.390262
45134	姜實節	1	511259	96.390451
45135	姜嫄	1	511260	96.390640
45136	姘夫	1	511261	96.390829
45137	姿式	1	511262	96.391018
45138	姿采	1	511263	96.391207
45139	姿貌	1	511264	96.391396
45140	娃娃兵	1	511265	96.391585
45141	娃娃國	1	511266	96.391774
45142	娃娃魚	1	511267	96.391963
45143	娃娃鞋	1	511268	96.392152
45144	姥姥	1	511269	96.392341
45145	姚茫父	1	511270	96.392530
45146	姚啟聖	1	511271	96.392719
45147	姚燕洪	1	511272	96.392908
45148	姚蘇蓉	1	511273	96.393097
45149	姦夫淫婦	1	511274	96.393286
45150	姦汙	1	511275	96.393475
45151	姦淫	1	511276	96.393664
45152	威大	1	511277	96.393853
45153	威尼斯海上共和國	1	511278	96.394042
45154	威名	1	511279	96.394231
45155	威林莫斯克	1	511280	96.394420
45156	威信	1	511281	96.394609
45157	威風八面	1	511282	96.394798
45158	威風凜凜	1	511283	96.394987
45159	威特摩岩洞	1	511284	96.395176
45160	威斯康辛州	1	511285	96.395365
45161	威華	1	511286	96.395554
45162	威勢	1	511287	96.395743
45163	威廉	1	511288	96.395932
45164	威廉‧福斯	1	511289	96.396121
45165	威廉大帝	1	511290	96.396310
45166	威廉四世	1	511291	96.396499
45167	威廉朵夫	1	511292	96.396688
45168	威廉迪佛	1	511293	96.396877
45169	威廉達佛	1	511294	96.397066
45170	威廉福斯	1	511295	96.397255
45171	威廉赫特	1	511296	96.397444
45172	威廉赫爾斯特	1	511297	96.397633
45173	威廉鮑維爾	1	511298	96.397822
45174	威廉鮑德溫	1	511299	96.398011
45175	威爾‧文登	1	511300	96.398200
45176	威爾佩納山舍	1	511301	96.398389
45177	威爾佩納圍場	1	511302	96.398578
45178	威爾佩納溪	1	511303	96.398767
45179	威爾第	1	511304	96.398956
45180	威爾森皮卡特	1	511305	96.399145
45181	威爾遜	1	511306	96.399334
45182	威爾遜山	1	511307	96.399523
45183	威瑪共和	1	511308	96.399712
45184	威儀	1	511309	96.399901
45185	威權體制	1	511310	96.400090
45186	威靈	1	511311	96.400279
45187	孩子王	1	511312	96.400468
45188	孩兒	1	511313	96.400657
45189	孩提時代	1	511314	96.400846
45190	宣平	1	511315	96.401035
45191	宣制	1	511316	96.401224
45192	宣和	1	511317	96.401413
45193	宣和遺事	1	511318	96.401602
45194	宣委會	1	511319	96.401791
45195	宣宗	1	511320	96.401980
45196	宣政殿	1	511321	96.402169
45197	宣傳兵	1	511322	96.402358
45198	宣傳品	1	511323	96.402547
45199	宣傳費	1	511324	96.402736
45200	宣達	1	511325	96.402925
45201	宣慰	1	511326	96.403114
45202	宣導短片	1	511327	96.403303
45203	宣講	1	511328	96.403492
45204	宣讀	1	511329	96.403681
45205	室女	1	511330	96.403870
45206	室女座	1	511331	96.404059
45207	室內網球	1	511332	96.404248
45208	室內機	1	511333	96.404437
45209	室外機	1	511334	96.404626
45210	室長	1	511335	96.404815
45211	室溫	1	511336	96.405004
45212	客戶群	1	511337	96.405193
45213	客戶層	1	511338	96.405382
45214	客死他鄉	1	511339	96.405571
45215	客居	1	511340	96.405760
45216	客商	1	511341	96.405949
45217	客貨兩用車	1	511342	96.406138
45218	客貨兩用廂型車	1	511343	96.406327
45219	客郵	1	511344	96.406516
45220	客運車	1	511345	96.406705
45221	客語	1	511346	96.406894
45222	客輪	1	511347	96.407083
45223	客艙	1	511348	96.407272
45224	客體	1	511349	96.407461
45225	客廳化	1	511350	96.407650
45226	封存	1	511351	96.407839
45227	封南山	1	511352	96.408028
45228	封套	1	511353	96.408217
45229	封產	1	511354	96.408406
45230	封閉式	1	511355	96.408595
45231	封閉型貨幣	1	511356	96.408784
45232	封嘴	1	511357	96.408973
45233	封疆大吏	1	511358	96.409162
45234	封蠟	1	511359	96.409351
45235	屏住	1	511360	96.409540
45236	屏東鄉	1	511361	96.409729
45237	屏風表演班	1	511362	96.409918
45238	屏條	1	511363	96.410107
45239	屏蔽	1	511364	96.410296
45240	屍身	1	511365	96.410485
45241	屍骨無存	1	511366	96.410674
45242	屍骸	1	511367	96.410863
45243	屋中	1	511368	96.411052
45244	屋瓦	1	511369	96.411241
45245	屋宇	1	511370	96.411430
45246	屋角	1	511371	96.411619
45247	屋脊	1	511372	96.411808
45248	屋側	1	511373	96.411997
45249	屋梁	1	511374	96.412186
45250	峒谿纖志	1	511375	96.412375
45251	峒斷崖	1	511376	96.412564
45252	巷宅	1	511377	96.412753
45253	巷底	1	511378	96.412942
45254	巷頭	1	511379	96.413131
45255	帝王谷	1	511380	96.413320
45256	帝后嬪妃	1	511381	96.413509
45257	帝國大廈	1	511382	96.413698
45258	帝都	1	511383	96.413887
45259	帥妹	1	511384	96.414076
45260	帥勁	1	511385	96.414265
45261	幽囚	1	511386	96.414454
45262	幽門	1	511387	96.414643
45263	幽幽	1	511388	96.414832
45264	幽幽地	1	511389	96.415021
45265	幽寂	1	511390	96.415210
45266	幽情	1	511391	96.415399
45267	幽微	1	511392	96.415588
45268	幽會	1	511393	96.415777
45269	幽禁	1	511394	96.415966
45270	度假勝地	1	511395	96.416155
45271	度密月	1	511396	96.416344
45272	度暑假	1	511397	96.416533
45273	度蜜月	1	511398	96.416722
45274	度數	1	511399	96.416911
45275	度晬	1	511400	96.417100
45276	建中	1	511401	96.417289
45277	建元	1	511402	96.417478
45278	建功	1	511403	96.417667
45279	建功國小	1	511404	96.417856
45280	建坪	1	511405	96.418045
45281	建坪數	1	511406	96.418234
45282	建明	1	511407	96.418423
45283	建炎	1	511408	96.418612
45284	建舍	1	511409	96.418801
45285	建城所	1	511410	96.418990
45286	建起	1	511411	96.419179
45287	建國大綱	1	511412	96.419368
45288	建國中學	1	511413	96.419557
45289	建國史	1	511414	96.419746
45290	建基	1	511415	96.419935
45291	建康	1	511416	96.420124
45292	建設業	1	511417	96.420313
45293	建造商	1	511418	96.420502
45294	建竣	1	511419	96.420691
45295	建臺	1	511420	96.420880
45296	建蔽率	1	511421	96.421069
45297	建築法規	1	511422	96.421258
45298	建築界	1	511423	96.421447
45299	建築費	1	511424	96.421636
45300	建黨	1	511425	96.421825
45301	弭平	1	511426	96.422014
45302	待人接物	1	511427	96.422203
45303	待今	1	511428	96.422392
45304	待取	1	511429	96.422581
45305	待客	1	511430	96.422770
45306	待產期	1	511431	96.422959
45307	待開發	1	511432	96.423148
45308	待會兒	1	511433	96.423337
45309	待價而沽	1	511434	96.423526
45310	待償	1	511435	96.423715
45311	律己以嚴	1	511436	96.423904
45312	律師界	1	511437	96.424093
45313	律師節	1	511438	96.424282
45314	律動班	1	511439	96.424471
45315	律動教學	1	511440	96.424660
45316	律動感	1	511441	96.424849
45317	律學院	1	511442	96.425038
45318	徇俗	1	511443	96.425227
45319	後天免疫缺乏症候群	1	511444	96.425416
45320	後天性	1	511445	96.425605
45321	後文	1	511446	96.425794
45322	後牙	1	511447	96.425983
45323	後功能裝置	1	511448	96.426172
45324	後平行連桿	1	511449	96.426361
45325	後冷戰時期	1	511450	96.426550
45326	後足	1	511451	96.426739
45327	後車燈	1	511452	96.426928
45328	後事	1	511453	96.427117
45329	後侏羅紀	1	511454	96.427306
45330	後知後覺	1	511455	96.427495
45331	後空翻	1	511456	96.427684
45332	後勁	1	511457	96.427873
45333	後段班	1	511458	96.428062
45334	後紅山文化	1	511459	96.428251
45335	後背	1	511460	96.428440
45336	後埔國小	1	511461	96.428629
45337	後座力	1	511462	96.428818
45338	後站	1	511463	96.429007
45339	後患無窮	1	511464	96.429196
45340	後聊齋	1	511465	96.429385
45341	後援部隊	1	511466	96.429574
45342	後期	1	511467	96.429763
45343	後菜園陂	1	511468	96.429952
45344	後進國	1	511469	96.430141
45345	後勤部隊	1	511470	96.430330
45346	後照鏡	1	511471	96.430519
45347	後腦勺	1	511472	96.430708
45348	後實心碟	1	511473	96.430897
45349	後語	1	511474	96.431086
45350	後樂園	1	511475	96.431275
45351	後篇	1	511476	96.431464
45352	後衛	1	511477	96.431653
45353	後輩	1	511478	96.431842
45354	後鄧小平帝國時代	1	511479	96.432031
45355	後龍	1	511480	96.432220
45356	後擾流板	1	511481	96.432409
45357	後藏	1	511482	96.432598
45358	後藤新平	1	511483	96.432787
45359	後繼無力	1	511484	96.432976
45360	怒火	1	511485	96.433165
45361	怒火威龍	1	511486	96.433354
45362	怒目	1	511487	96.433543
45363	怒目相視	1	511488	96.433732
45364	怒長	1	511489	96.433921
45365	怒氣	1	511490	96.434110
45366	怒氣沖沖	1	511491	96.434299
45367	怒視	1	511492	96.434488
45368	怒罵	1	511493	96.434677
45369	怒聲	1	511494	96.434866
45370	思古	1	511495	96.435055
45371	思古幽情	1	511496	96.435244
45372	思危	1	511497	96.435433
45373	思淵樓	1	511498	96.435622
45374	思慮	1	511499	96.435811
45375	思慕	1	511500	96.436000
45376	思憶	1	511501	96.436189
45377	思辨	1	511502	96.436378
45378	怠速運轉	1	511503	96.436567
45379	怠慢	1	511504	96.436756
45380	急中生智	1	511505	96.436945
45381	急中智生	1	511506	96.437134
45382	急加速	1	511507	96.437323
45383	急先鋒	1	511508	96.437512
45384	急行軍	1	511509	96.437701
45385	急步	1	511510	96.437890
45386	急性子	1	511511	96.438079
45387	急性中毒	1	511512	96.438268
45388	急性心肌梗塞	1	511513	96.438457
45389	急性尿道炎	1	511514	96.438646
45390	急性胃炎	1	511515	96.438835
45391	急性根尖周炎	1	511516	96.439024
45392	急性期	1	511517	96.439213
45393	急性痛	1	511518	96.439402
45394	急性結膜炎	1	511519	96.439591
45395	急性腹膜炎	1	511520	96.439780
45396	急性闌尾炎	1	511521	96.439969
45397	急凍奇俠	1	511522	96.440158
45398	急症	1	511523	96.440347
45399	急救包	1	511524	96.440536
45400	急救系統	1	511525	96.440725
45401	急救隊	1	511526	96.440914
45402	急救電話	1	511527	96.441103
45403	急救箱	1	511528	96.441292
45404	急統	1	511529	96.441481
45405	急診刀	1	511530	96.441670
45406	急跌	1	511531	96.441859
45407	急進派	1	511532	96.442048
45408	急腹症	1	511533	96.442237
45409	急馳	1	511534	96.442426
45410	急漲	1	511535	96.442615
45411	急增	1	511536	96.442804
45412	急緩	1	511537	96.442993
45413	急壞	1	511538	96.443182
45414	急驚風	1	511539	96.443371
45415	怎堪	1	511540	96.443560
45416	怎麼能	1	511541	96.443749
45417	怨女	1	511542	96.443938
45418	怨尤	1	511543	96.444127
45419	怨怪	1	511544	96.444316
45420	怨怒	1	511545	96.444505
45421	怨憎會苦	1	511546	96.444694
45422	怨聲載道	1	511547	96.444883
45423	怨懟	1	511548	96.445072
45424	恍如	1	511549	96.445261
45425	恍忽	1	511550	96.445450
45426	恍若	1	511551	96.445639
45427	恍悟	1	511552	96.445828
45428	恰是	1	511553	96.446017
45429	恨不得	1	511554	96.446206
45430	恢弘	1	511555	96.446395
45431	恢恢乎	1	511556	96.446584
45432	恢復室	1	511557	96.446773
45433	恆心	1	511558	96.446962
45434	恆生經濟月報	1	511559	96.447151
45435	恆定	1	511560	96.447340
45436	恆定性	1	511561	96.447529
45437	恆河	1	511562	96.447718
45438	恆春	1	511563	96.447907
45439	恆星系	1	511564	96.448096
45440	恆美	1	511565	96.448285
45441	恆常	1	511566	96.448474
45442	恆溫	1	511567	96.448663
45443	恬適	1	511568	96.448852
45444	恬靜	1	511569	96.449041
45445	恫嚇	1	511570	96.449230
45446	恪遵	1	511571	96.449419
45447	恤民	1	511572	96.449608
45448	恤衫	1	511573	96.449797
45449	扁平式	1	511574	96.449986
45450	扁身	1	511575	96.450175
45451	扁魚乾	1	511576	96.450364
45452	扁圓	1	511577	96.450553
45453	扁圓球體	1	511578	96.450742
45454	扁擔	1	511579	96.450931
45455	扁鋼胚	1	511580	96.451120
45456	拜日	1	511581	96.451309
45457	拜日相慶	1	511582	96.451498
45458	拜佛	1	511583	96.451687
45459	拜把	1	511584	96.451876
45460	拜物	1	511585	96.452065
45461	拜金主義	1	511586	96.452254
45462	拜師學藝	1	511587	96.452443
45463	拜票	1	511588	96.452632
45464	拜祭	1	511589	96.452821
45465	拜閱	1	511590	96.453010
45466	拜謁	1	511591	96.453199
45467	挖土機	1	511592	96.453388
45468	挖井	1	511593	96.453577
45469	挖好	1	511594	96.453766
45470	挖走	1	511595	96.453955
45471	挖到	1	511596	96.454144
45472	挖拔	1	511597	96.454333
45473	挖破	1	511598	96.454522
45474	挖溝	1	511599	96.454711
45475	挖路	1	511600	96.454900
45476	挖鑿	1	511601	96.455089
45477	按步就班	1	511602	96.455278
45478	按例	1	511603	96.455467
45479	按時計酬	1	511604	96.455656
45480	按理	1	511605	96.455845
45481	按理說	1	511606	96.456034
45482	按喇叭	1	511607	96.456223
45483	按揭	1	511608	96.456412
45484	按裝	1	511609	96.456601
45485	按鈴	1	511610	96.456790
45486	按察使	1	511611	96.456979
45487	按摩槌	1	511612	96.457168
45488	按壓	1	511613	96.457357
45489	按鍵電話	1	511614	96.457546
45490	拼合	1	511615	96.457735
45491	拼板遊戲	1	511616	96.457924
45492	拼法	1	511617	96.458113
45493	拼勁	1	511618	96.458302
45494	拼拼貼貼	1	511619	96.458491
45495	拼組	1	511620	96.458680
45496	拼貼	1	511621	96.458869
45497	拼貼家	1	511622	96.459058
45498	拼搏	1	511623	96.459247
45499	拼圖賽	1	511624	96.459436
45500	拼戰	1	511625	96.459625
45501	拭乾	1	511626	96.459814
45502	持刀	1	511627	96.460003
45503	持分	1	511628	96.460192
45504	持用	1	511629	96.460381
45505	持守	1	511630	96.460570
45506	持有人	1	511631	96.460759
45507	持有者	1	511632	96.460948
45508	持妙法蓮華經	1	511633	96.461137
45509	持攝影機的人	1	511634	96.461326
45510	持續性	1	511635	96.461515
45511	持續率	1	511636	96.461704
45512	指手畫腳	1	511637	96.461893
45513	指手劃腳	1	511638	96.462082
45514	指正	1	511639	96.462271
45515	指甲油	1	511640	96.462460
45516	指示劑	1	511641	96.462649
45517	指示燈	1	511642	96.462838
45518	指名	1	511643	96.463027
45519	指名道姓	1	511644	96.463216
45520	指明	1	511645	96.463405
45521	指骨	1	511646	96.463594
45522	指陳	1	511647	96.463783
45523	指喻	1	511648	96.463972
45524	指揮員	1	511649	96.464161
45525	指揮棒	1	511650	96.464350
45526	指節	1	511651	96.464539
45527	指標區	1	511652	96.464728
45528	指導室	1	511653	96.464917
45529	指導員	1	511654	96.465106
45530	指導價	1	511655	96.465295
45531	指證	1	511656	96.465484
45532	拱柱	1	511657	96.465673
45533	拱起	1	511658	96.465862
45534	拱衛	1	511659	96.466051
45535	拱豬	1	511660	96.466240
45536	拷貝費	1	511661	96.466429
45537	括號	1	511662	96.466618
45538	拾子兒	1	511663	96.466807
45539	拾到	1	511664	96.466996
45540	拾金不昧	1	511665	96.467185
45541	拾級而下	1	511666	96.467374
45542	拾級而上	1	511667	96.467563
45543	拾荒業	1	511668	96.467752
45544	拾景	1	511669	96.467941
45545	拾獲	1	511670	96.468130
45546	拾穗	1	511671	96.468319
45547	挑土	1	511672	96.468508
45548	挑水	1	511673	96.468697
45549	挑出	1	511674	96.468886
45550	挑明	1	511675	96.469075
45551	挑情	1	511676	96.469264
45552	挑載	1	511677	96.469453
45553	挑戰者	1	511678	96.469642
45554	政改方案	1	511679	96.469831
45555	政防	1	511680	96.470020
45556	政事	1	511681	96.470209
45557	政府軍	1	511682	96.470398
45558	政府開發案	1	511683	96.470587
45559	政治人	1	511684	96.470776
45560	政治色彩	1	511685	96.470965
45561	政治作戰部	1	511686	96.471154
45562	政治局委員	1	511687	96.471343
45563	政治庇護法	1	511688	96.471532
45564	政治制度	1	511689	96.471721
45565	政治受益者	1	511690	96.471910
45566	政治性	1	511691	96.472099
45567	政治活動家	1	511692	96.472288
45568	政治審判	1	511693	96.472477
45569	政治議定書	1	511694	96.472666
45570	政治權	1	511695	96.472855
45571	政研所	1	511696	96.473044
45572	政風單位	1	511697	96.473233
45573	政躬康泰	1	511698	96.473422
45574	政務部門	1	511699	96.473611
45575	政商界	1	511700	96.473800
45576	政圈	1	511701	96.473989
45577	政團	1	511702	96.474178
45578	政論性	1	511703	96.474367
45579	政戰體系	1	511704	96.474556
45580	政黨法	1	511705	96.474745
45581	故土	1	511706	96.474934
45582	故址	1	511707	96.475123
45583	故技重施	1	511708	96.475312
45584	故里	1	511709	96.475501
45585	故事板	1	511710	96.475690
45586	故都春夢	1	511711	96.475879
45587	故障車	1	511712	96.476068
45588	施工所	1	511713	96.476257
45589	施主	1	511714	96.476446
45590	施用	1	511715	96.476635
45591	施性忠	1	511716	96.476824
45592	施明德前傳	1	511717	96.477013
45593	施治明	1	511718	96.477202
45594	施洞縣	1	511719	96.477391
45595	施耐庵	1	511720	96.477580
45596	施虐	1	511721	96.477769
45597	施虐者	1	511722	96.477958
45598	施韋佐夫	1	511723	96.478147
45599	施特拉	1	511724	96.478336
45600	施捨	1	511725	96.478525
45601	施淑女	1	511726	96.478714
45602	施琅	1	511727	96.478903
45603	施與	1	511728	96.479092
45604	施暴者	1	511729	96.479281
45605	施薇亞克麗絲蒂	1	511730	96.479470
45606	施邁德勒	1	511731	96.479659
45607	既而	1	511732	96.479848
45608	春至	1	511733	96.480037
45609	春夜	1	511734	96.480226
45610	春秋之年	1	511735	96.480415
45611	春秋合誠圖	1	511736	96.480604
45612	春秋後語	1	511737	96.480793
45613	春秋時代	1	511738	96.480982
45614	春秋戰國時代	1	511739	96.481171
45615	春衫	1	511740	96.481360
45616	春郊	1	511741	96.481549
45617	春夏	1	511742	96.481738
45618	春夏之交	1	511743	96.481927
45619	春假團	1	511744	96.482116
45620	春渚紀聞	1	511745	96.482305
45621	春祭	1	511746	96.482494
45622	春寒料峭	1	511747	96.482683
45623	春暖花開	1	511748	96.482872
45624	春節檔	1	511749	96.483061
45625	春遊	1	511750	96.483250
45626	春夢	1	511751	96.483439
45627	春蠶	1	511752	96.483628
45628	昭示	1	511753	96.483817
45629	昭告	1	511754	96.484006
45630	昭和天皇	1	511755	96.484195
45631	昭然若揭	1	511756	96.484384
45632	昭陽	1	511757	96.484573
45633	昭關	1	511758	96.484762
45634	映射	1	511759	96.484951
45635	是日	1	511760	96.485140
45636	是非地	1	511761	96.485329
45637	是非恩怨	1	511762	96.485518
45638	是是非非	1	511763	96.485707
45639	星子	1	511764	96.485896
45640	星月夜	1	511765	96.486085
45641	星光演劇研究會	1	511766	96.486274
45642	星光劇團	1	511767	96.486463
45643	星羽	1	511768	96.486652
45644	星形	1	511769	96.486841
45645	星系群	1	511770	96.487030
45646	星星之火	1	511771	96.487219
45647	星星點點	1	511772	96.487408
45648	星洲	1	511773	96.487597
45649	星島	1	511774	96.487786
45650	星座篇	1	511775	96.487975
45651	星悟	1	511776	96.488164
45652	星案	1	511777	96.488353
45653	星海	1	511778	96.488542
45654	星馬	1	511779	96.488731
45655	星探	1	511780	96.488920
45656	星期五之舞男	1	511781	96.489109
45657	星象館	1	511782	96.489298
45658	星雲法師	1	511783	96.489487
45659	星媽夢	1	511784	96.489676
45660	星路	1	511785	96.489865
45661	星運	1	511786	96.490054
45662	星圖	1	511787	96.490243
45663	星夢	1	511788	96.490432
45664	星際大戰三部組曲	1	511789	96.490621
45665	星際塵	1	511790	96.490810
45666	星羅棋布	1	511791	96.490999
45667	星艦迷航四──搶救未來	1	511792	96.491188
45668	星體群	1	511793	96.491377
45669	昨日今日永遠	1	511794	96.491566
45670	昨日世界	1	511795	96.491755
45671	染患	1	511796	96.491944
45672	染黑	1	511797	96.492133
45673	染織	1	511798	96.492322
45674	柱子	1	511799	96.492511
45675	柱狀	1	511800	96.492700
45676	柱狀圖	1	511801	96.492889
45677	柱拱	1	511802	96.493078
45678	柱頭	1	511803	96.493267
45679	柔協	1	511804	96.493456
45680	柔能克剛	1	511805	96.493645
45681	柔情萬千	1	511806	96.493834
45682	柔情蜜意	1	511807	96.494023
45683	柔軟化	1	511808	96.494212
45684	柔雅	1	511809	96.494401
45685	柔嫩	1	511810	96.494590
45686	柔潤	1	511811	96.494779
45687	某日	1	511812	96.494968
45688	柬埔寨	1	511813	96.495157
45689	架回	1	511814	96.495346
45690	架起	1	511815	96.495535
45691	架構師	1	511816	96.495724
45692	架線	1	511817	96.495913
45693	枯死	1	511818	96.496102
45694	枯草	1	511819	96.496291
45695	枯骨	1	511820	96.496480
45696	枯乾	1	511821	96.496669
45697	枯掉	1	511822	96.496858
45698	枯焦	1	511823	96.497047
45699	枯葉狀	1	511824	96.497236
45700	枯葉蛾	1	511825	96.497425
45701	枯葉蝶	1	511826	96.497614
45702	枯榮	1	511827	96.497803
45703	枯竭	1	511828	96.497992
45704	柵門	1	511829	96.498181
45705	柵欄	1	511830	96.498370
45706	柯尼卡軟片	1	511831	96.498559
45707	柯里	1	511832	96.498748
45708	柯林‧鮑威爾	1	511833	96.498937
45709	柯素雲	1	511834	96.499126
45710	柯茲兒芭絲琪	1	511835	96.499315
45711	柯培牆	1	511836	96.499504
45712	柯密	1	511837	96.499693
45713	柯提斯漢森	1	511838	96.499882
45714	柯朝	1	511839	96.500071
45715	柯瑞爾	1	511840	96.500260
45716	柯達軟片公司	1	511841	96.500449
45717	柯爾沙巴德	1	511842	96.500638
45718	柯錫杰	1	511843	96.500827
45719	柑林	1	511844	96.501016
45720	柑林國小	1	511845	96.501205
45721	柑橘類	1	511846	96.501394
45722	柚木	1	511847	96.501583
45723	查扣	1	511848	96.501772
45724	查到	1	511849	96.501961
45725	查封	1	511850	96.502150
45726	查問	1	511851	96.502339
45727	查帳	1	511852	96.502528
45728	查理	1	511853	96.502717
45729	查理一世	1	511854	96.502906
45730	查理二世	1	511855	96.503095
45731	查理王子	1	511856	96.503284
45732	查理布朗遜	1	511857	96.503473
45733	查訪	1	511858	96.503662
45734	查詢臺	1	511859	96.503851
45735	查榜	1	511860	96.504040
45736	查爾斯	1	511861	96.504229
45737	查爾斯‧庫柏	1	511862	96.504418
45738	查爾斯河	1	511863	96.504607
45739	查緝員	1	511864	96.504796
45740	查閱者	1	511865	96.504985
45741	查贓	1	511866	96.505174
45742	枸杞子粥	1	511867	96.505363
45743	枸杞果	1	511868	96.505552
45744	枸杞酒	1	511869	96.505741
45745	枸杞粥	1	511870	96.505930
45746	柏吉斯	1	511871	96.506119
45747	柏林國際電影節	1	511872	96.506308
45748	柏林牆	1	511873	96.506497
45749	柏金森病	1	511874	96.506686
45750	柏梁制	1	511875	96.506875
45751	柏楊	1	511876	96.507064
45752	柏達納路	1	511877	96.507253
45753	柏樹	1	511878	96.507442
45754	柳丁汁	1	511879	96.507631
45755	柳存仁	1	511880	96.507820
45756	柳巷芳草	1	511881	96.508009
45757	柳家的	1	511882	96.508198
45758	柳蔭	1	511883	96.508387
45759	柳樹	1	511884	96.508576
45760	柳町光男	1	511885	96.508765
45761	歪曲	1	511886	96.508954
45762	歪形	1	511887	96.509143
45763	歪秤	1	511888	96.509332
45764	歪嘴	1	511889	96.509521
45765	殃及池魚	1	511890	96.509710
45766	段成式	1	511891	96.509899
45767	段芝貴	1	511892	96.510088
45768	段鐘沂	1	511893	96.510277
45769	毒手	1	511894	96.510466
45770	毒物質	1	511895	96.510655
45771	毒苗	1	511896	96.510844
45772	毒計	1	511897	96.511033
45773	毒氣室	1	511898	96.511222
45774	毒素	1	511899	96.511411
45775	毒魚	1	511900	96.511600
45776	毒源	1	511901	96.511789
45777	毒窟	1	511902	96.511978
45778	毒腺	1	511903	96.512167
45779	泉州人	1	511904	96.512356
45780	泉州府	1	511905	96.512545
45781	泉州衛	1	511906	96.512734
45782	泉南歌	1	511907	96.512923
45783	泉湧	1	511908	96.513112
45784	洋化	1	511909	96.513301
45785	洋玉蘭	1	511910	96.513490
45786	洋名	1	511911	96.513679
45787	洋服	1	511912	96.513868
45788	洋洋風發	1	511913	96.514057
45789	洋洋得意	1	511914	96.514246
45790	洋氣	1	511915	96.514435
45791	洋喇叭	1	511916	96.514624
45792	洋紫荊	1	511917	96.514813
45793	洋煙	1	511918	96.515002
45794	洋臺	1	511919	96.515191
45795	洋蔥圈	1	511920	96.515380
45796	洲子灣	1	511921	96.515569
45797	洪水猛獸	1	511922	96.515758
45798	洪玉欽	1	511923	96.515947
45799	洪汛	1	511924	96.516136
45800	洪奇昌	1	511925	96.516325
45801	洪明堯	1	511926	96.516514
45802	洪昇	1	511927	96.516703
45803	洪武	1	511928	96.516892
45804	洪門	1	511929	96.517081
45805	洪門三柱香	1	511930	96.517270
45806	洪昭男	1	511931	96.517459
45807	洪英花	1	511932	96.517648
45808	洪淑媛	1	511933	96.517837
45809	洪深	1	511934	96.518026
45810	洪通	1	511935	96.518215
45811	洪皓	1	511936	96.518404
45812	洪祿恭	1	511937	96.518593
45813	洪義男	1	511938	96.518782
45814	洪熙官	1	511939	96.518971
45815	洪熙官與方世玉	1	511940	96.519160
45816	洪龍	1	511941	96.519349
45817	洪澇	1	511942	96.519538
45818	流亡者	1	511943	96.519727
45819	流水行雲	1	511944	96.519916
45820	流水帳	1	511945	96.520105
45821	流目屎	1	511946	96.520294
45822	流年不利	1	511947	96.520483
45823	流行用語	1	511948	96.520672
45824	流行性	1	511949	96.520861
45825	流行性腮腺炎	1	511950	96.521050
45826	流行病學	1	511951	96.521239
45827	流行病學家	1	511952	96.521428
45828	流行感冒	1	511953	96.521617
45829	流行榜	1	511954	96.521806
45830	流行語	1	511955	96.521995
45831	流刺綱	1	511956	96.522184
45832	流放地	1	511957	96.522373
45833	流於	1	511958	96.522562
45834	流氓遇到兵	1	511959	96.522751
45835	流氓戲	1	511960	96.522940
45836	流星人	1	511961	96.523129
45837	流星塵	1	511962	96.523318
45838	流洩	1	511963	96.523507
45839	流風	1	511964	96.523696
45840	流浪女	1	511965	96.523885
45841	流浪奇男子	1	511966	96.524074
45842	流涕	1	511967	96.524263
45843	流動戶口	1	511968	96.524452
45844	流動資產	1	511969	96.524641
45845	流情	1	511970	96.524830
45846	流涎	1	511971	96.525019
45847	流液	1	511972	96.525208
45848	流貫	1	511973	96.525397
45849	流通量	1	511974	96.525586
45850	流通業	1	511975	96.525775
45851	流速	1	511976	96.525964
45852	流弊	1	511977	96.526153
45853	流鼻涕	1	511978	96.526342
45854	流標	1	511979	96.526531
45855	流線型	1	511980	96.526720
45856	流線造型	1	511981	96.526909
45857	流觴	1	511982	96.527098
45858	流離失所	1	511983	96.527287
45859	流變	1	511984	96.527476
45860	流邐	1	511985	96.527665
45861	流體	1	511986	96.527854
45862	津液	1	511987	96.528043
45863	津滬	1	511988	96.528232
45864	洱海	1	511989	96.528421
45865	洞穴學	1	511990	96.528610
45866	洞見	1	511991	96.528799
45867	洞窗	1	511992	96.528988
45868	洞開	1	511993	96.529177
45869	洞窟	1	511994	96.529366
45870	洞察力	1	511995	96.529555
45871	洞燭	1	511996	96.529744
45872	洞簫	1	511997	96.529933
45873	洗手狂	1	511998	96.530122
45874	洗手臺	1	511999	96.530311
45875	洗地	1	512000	96.530500
45876	洗好	1	512001	96.530689
45877	洗米機	1	512002	96.530878
45878	洗衣池	1	512003	96.531067
45879	洗衣作	1	512004	96.531256
45880	洗衣乳	1	512005	96.531445
45881	洗衣婦	1	512006	96.531634
45882	洗衣間	1	512007	96.531823
45883	洗衣廠	1	512008	96.532012
45884	洗胃	1	512009	96.532201
45885	洗廁所	1	512010	96.532390
45886	洗廁劑	1	512011	96.532579
45887	洗腎	1	512012	96.532768
45888	洗煉	1	512013	96.532957
45889	洗碗精	1	512014	96.533146
45890	洗碗盤	1	512015	96.533335
45891	洗碗機	1	512016	96.533524
45892	洗腳	1	512017	96.533713
45893	洗練	1	512018	96.533902
45894	洗髮	1	512019	96.534091
45895	洗劑	1	512020	96.534280
45896	洗錢法	1	512021	96.534469
45897	洗頭水	1	512022	96.534658
45898	活火山	1	512023	96.534847
45899	活字	1	512024	96.535036
45900	活佛	1	512025	96.535225
45901	活頁	1	512026	96.535414
45902	活埋	1	512027	96.535603
45903	活起來	1	512028	96.535792
45904	活動力	1	512029	96.535981
45905	活動家	1	512030	96.536170
45906	活動區	1	512031	96.536359
45907	活動層	1	512032	96.536548
45908	活動營	1	512033	96.536737
45909	活期	1	512034	96.536926
45910	活結	1	512035	96.537115
45911	活塞式碟煞車	1	512036	96.537304
45912	活靈活現	1	512037	96.537493
45913	洽公	1	512038	96.537682
45914	洽購	1	512039	96.537871
45915	派來	1	512040	96.538060
45916	派拉蒙山	1	512041	96.538249
45917	派送	1	512042	96.538438
45918	派隊	1	512043	96.538627
45919	派對	1	512044	96.538816
45920	派蓋達	1	512045	96.539005
45921	派餅戰爭	1	512046	96.539194
45922	派頭	1	512047	96.539383
45923	洶洶	1	512048	96.539572
45924	洛夫‧李曼	1	512049	96.539761
45925	洛夫‧李曼舞團	1	512050	96.539950
45926	洛伊布里吉	1	512051	96.540139
45927	洛西尼島	1	512052	96.540328
45928	洛克威半島	1	512053	96.540517
45929	洛克索	1	512054	96.540706
45930	洛城	1	512055	96.540895
45931	洛城法網	1	512056	96.541084
45932	洛城故事	1	512057	96.541273
45933	洛馬林達	1	512058	96.541462
45934	洛基	1	512059	96.541651
45935	洛陽人	1	512060	96.541840
45936	洛陽牡丹記	1	512061	96.542029
45937	洛陽花	1	512062	96.542218
45938	洛陽花木記	1	512063	96.542407
45939	洛陽紙貴	1	512064	96.542596
45940	洩完	1	512065	96.542785
45941	洩憤	1	512066	96.542974
45942	洩壓	1	512067	96.543163
45943	洩壓閥	1	512068	96.543352
45944	為宜	1	512069	96.543541
45945	為首	1	512070	96.543730
45946	為時	1	512071	96.543919
45947	為期	1	512072	96.544108
45948	為準	1	512073	96.544297
45949	為榮	1	512074	96.544486
45950	為輔	1	512075	96.544675
45951	炳靈寺	1	512076	96.544864
45952	炯炯有神	1	512077	96.545053
45953	炭火	1	512078	96.545242
45954	炭烤	1	512079	96.545431
45955	炭疽	1	512080	96.545620
45956	炭筆	1	512081	96.545809
45957	炭筆畫	1	512082	96.545998
45958	炭敬	1	512083	96.546187
45959	炸傷	1	512084	96.546376
45960	炸機犯	1	512085	96.546565
45961	炸鍋	1	512086	96.546754
45962	炮仗花	1	512087	96.546943
45963	炮灰	1	512088	96.547132
45964	炮竹聲	1	512089	96.547321
45965	炮車	1	512090	96.547510
45966	炮法	1	512091	96.547699
45967	炮塔	1	512092	96.547888
45968	炮臺	1	512093	96.548077
45969	炮艦	1	512094	96.548266
45970	牯嶺街少年殺人事件	1	512095	96.548455
45971	狩獵業	1	512096	96.548644
45972	狠毒	1	512097	96.548833
45973	狠辣	1	512098	96.549022
45974	狡詐	1	512099	96.549211
45975	狡獪	1	512100	96.549400
45976	珊瑚沙	1	512101	96.549589
45977	珊瑚刺桐	1	512102	96.549778
45978	珊瑚紅	1	512103	96.549967
45979	珊瑚礁	1	512104	96.550156
45980	珊瑚礁島	1	512105	96.550345
45981	珊瑚蟲	1	512106	96.550534
45982	玻璃板	1	512107	96.550723
45983	玻璃門	1	512108	96.550912
45984	玻璃屑	1	512109	96.551101
45985	玻璃動物園	1	512110	96.551290
45986	玻璃棒	1	512111	96.551479
45987	玻璃幕	1	512112	96.551668
45988	玻璃豬	1	512113	96.551857
45989	玻璃纖維廠	1	512114	96.552046
45990	珍西寶	1	512115	96.552235
45991	珍妮	1	512116	96.552424
45992	珍妮伍華德	1	512117	96.552613
45993	珍妮薇布嬌	1	512118	96.552802
45994	珍珠奶茶	1	512119	96.552991
45995	珍珠白	1	512120	96.553180
45996	珍珠粉	1	512121	96.553369
45997	珍珠養殖場	1	512122	96.553558
45998	珍荷蕭特人道精神獎	1	512123	96.553747
45999	珍愛	1	512124	96.553936
46000	珍聞集	1	512125	96.554125
46001	珍餚	1	512126	96.554314
46002	珍藏本	1	512127	96.554503
46003	珍藏室	1	512128	96.554692
46004	珍寶金	1	512129	96.554881
46005	甚大	1	512130	96.555070
46006	甚少	1	512131	96.555259
46007	甚巨	1	512132	96.555448
46008	甚而	1	512133	96.555637
46009	甚佳	1	512134	96.555826
46010	甭提	1	512135	96.556015
46011	甭說	1	512136	96.556204
46012	畏兀兒	1	512137	96.556393
46013	畏光	1	512138	96.556582
46014	畏途	1	512139	96.556771
46015	畏罪	1	512140	96.556960
46016	界面活性劑	1	512141	96.557149
46017	界標	1	512142	96.557338
46018	疫屋	1	512143	96.557527
46019	疫區	1	512144	96.557716
46020	疫情	1	512145	96.557905
46021	疤面人	1	512146	96.558094
46022	疤面煞星	1	512147	96.558283
46023	皇太極	1	512148	96.558472
46024	皇民化政策	1	512149	96.558661
46025	皇民化劇團	1	512150	96.558850
46026	皇民政策	1	512151	96.559039
46027	皇后大道	1	512152	96.559228
46028	皇后城	1	512153	96.559417
46029	皇后區	1	512154	96.559606
46030	皇居	1	512155	96.559795
46031	皇冠出版社	1	512156	96.559984
46032	皇冠舞蹈工作室	1	512157	96.560173
46033	皇冠雜誌	1	512158	96.560362
46034	皇軍	1	512159	96.560551
46035	皇孫	1	512160	96.560740
46036	皇家咖啡館	1	512161	96.560929
46037	皇家飛行醫生服務社	1	512162	96.561118
46038	皇家海軍學院	1	512163	96.561307
46039	皇家學院	1	512164	96.561496
46040	皇祖	1	512165	96.561685
46041	皇統	1	512166	96.561874
46042	皇賀	1	512167	96.562063
46043	皇殿	1	512168	96.562252
46044	皇葦鷦鷯	1	512169	96.562441
46045	皇親國戚	1	512170	96.562630
46046	皇親貴族	1	512171	96.562819
46047	盈身	1	512172	96.563008
46048	盈綠	1	512173	96.563197
46049	盆子	1	512174	96.563386
46050	盆浴	1	512175	96.563575
46051	盆缽	1	512176	96.563764
46052	省小	1	512177	96.563953
46053	省工	1	512178	96.564142
46054	省工程執行單位	1	512179	96.564331
46055	省中	1	512180	96.564520
46056	省分	1	512181	96.564709
46057	省去	1	512182	96.564898
46058	省市長	1	512183	96.565087
46059	省市衛生處局	1	512184	96.565276
46060	省民政廳	1	512185	96.565465
46061	省交	1	512186	96.565654
46062	省交通處	1	512187	96.565843
46063	省份	1	512188	96.566032
46064	省地政處	1	512189	96.566221
46065	省住都局	1	512190	96.566410
46066	省卻	1	512191	96.566599
46067	省美館	1	512192	96.566788
46068	省財政	1	512193	96.566977
46069	省財政廳	1	512194	96.567166
46070	省商業會	1	512195	96.567355
46071	省掉	1	512196	96.567544
46072	省教廳	1	512197	96.567733
46073	省都委會	1	512198	96.567922
46074	省團訓	1	512199	96.568111
46075	省察	1	512200	96.568300
46076	省縣自治通則	1	512201	96.568489
46077	省環保處	1	512202	96.568678
46078	省賽	1	512203	96.568867
46079	省轄市	1	512204	96.569056
46080	省籍意識	1	512205	96.569245
46081	相人	1	512206	96.569434
46082	相中	1	512207	96.569623
46083	相互合作	1	512208	96.569812
46084	相互作用	1	512209	96.570001
46085	相公	1	512210	96.570190
46086	相欠債	1	512211	96.570379
46087	相加	1	512212	96.570568
46088	相生相剋	1	512213	96.570757
46089	相同地	1	512214	96.570946
46090	相向	1	512215	96.571135
46091	相安無事	1	512216	96.571324
46092	相位	1	512217	96.571513
46093	相助	1	512218	96.571702
46094	相告	1	512219	96.571891
46095	相投	1	512220	96.572080
46096	相依	1	512221	96.572269
46097	相命師	1	512222	96.572458
46098	相抵	1	512223	96.572647
46099	相迎	1	512224	96.572836
46100	相思木	1	512225	96.573025
46101	相思林	1	512226	96.573214
46102	相思樹林	1	512227	96.573403
46103	相乘	1	512228	96.573592
46104	相容品	1	512229	96.573781
46105	相容度	1	512230	96.573970
46106	相框	1	512231	96.574159
46107	相紙	1	512232	96.574348
46108	相送	1	512233	96.574537
46109	相國	1	512234	96.574726
46110	相國寺	1	512235	96.574915
46111	相得益彰	1	512236	96.575104
46112	相視	1	512237	96.575293
46113	相搏	1	512238	96.575482
46114	相溶	1	512239	96.575671
46115	相爺	1	512240	96.575860
46116	相稱	1	512241	96.576049
46117	相認	1	512242	96.576238
46118	相慶	1	512243	96.576427
46119	相憐	1	512244	96.576616
46120	相撲手	1	512245	96.576805
46121	相談	1	512246	96.576994
46122	相談室	1	512247	96.577183
46123	相擁	1	512248	96.577372
46124	相機罩	1	512249	96.577561
46125	相隨	1	512250	96.577750
46126	相濡以沫	1	512251	96.577939
46127	相聲圖書館	1	512252	96.578128
46128	相繫	1	512253	96.578317
46129	相贈	1	512254	96.578506
46130	相關人	1	512255	96.578695
46131	相關性	1	512256	96.578884
46132	相關連	1	512257	96.579073
46133	相類似	1	512258	96.579262
46134	相屬	1	512259	96.579451
46135	相纏	1	512260	96.579640
46136	相讓	1	512261	96.579829
46137	眉目傳情	1	512262	96.580018
46138	眉宇	1	512263	96.580207
46139	眉頭深鎖	1	512264	96.580396
46140	看人	1	512265	96.580585
46141	看上	1	512266	96.580774
46142	看不起	1	512267	96.580963
46143	看升	1	512268	96.581152
46144	看天	1	512269	96.581341
46145	看天吃飯	1	512270	96.581530
46146	看片	1	512271	96.581719
46147	看牙	1	512272	96.581908
46148	看去	1	512273	96.582097
46149	看車	1	512274	96.582286
46150	看版	1	512275	96.582475
46151	看門人	1	512276	96.582664
46152	看門狗	1	512277	96.582853
46153	看客	1	512278	96.583042
46154	看扁	1	512279	96.583231
46155	看風水	1	512280	96.583420
46156	看倌們	1	512281	96.583609
46157	看做	1	512282	96.583798
46158	看開	1	512283	96.583987
46159	看輕	1	512284	96.584176
46160	看盤	1	512285	96.584365
46161	看護人	1	512286	96.584554
46162	看護者	1	512287	96.584743
46163	看護險	1	512288	96.584932
46164	看顧白宮的天使	1	512289	96.585121
46165	盾形	1	512290	96.585310
46166	盾牌	1	512291	96.585499
46167	砂地	1	512292	96.585688
46168	砂岩	1	512293	96.585877
46169	砂鍋	1	512294	96.586066
46170	研末	1	512295	96.586255
46171	研究部	1	512296	96.586444
46172	研究費	1	512297	96.586633
46173	研究實驗室	1	512298	96.586822
46174	研展	1	512299	96.587011
46175	研棋	1	512300	96.587200
46176	研發部	1	512301	96.587389
46177	砌屋	1	512302	96.587578
46178	砌蓋	1	512303	96.587767
46179	砌築	1	512304	96.587956
46180	砍刀	1	512305	96.588145
46181	砍倒	1	512306	96.588334
46182	砍柴	1	512307	96.588523
46183	砍樹	1	512308	96.588712
46184	砍頭	1	512309	96.588901
46185	砍斷	1	512310	96.589090
46186	祈雨	1	512311	96.589279
46187	祈願	1	512312	96.589468
46188	祈靈	1	512313	96.589657
46189	祇得	1	512314	96.589846
46190	科幻迷	1	512315	96.590035
46191	科幻電影	1	512316	96.590224
46192	科卡河	1	512317	96.590413
46193	科任老師	1	512318	96.590602
46194	科西嘉島	1	512319	96.590791
46195	科別	1	512320	96.590980
46196	科技力	1	512321	96.591169
46197	科技化	1	512322	96.591358
46198	科技性	1	512323	96.591547
46199	科技界	1	512324	96.591736
46200	科技研究發展專案計畫	1	512325	96.591925
46201	科技研審會	1	512326	96.592114
46202	科技業	1	512327	96.592303
46203	科技顧問室	1	512328	96.592492
46204	科委會	1	512329	96.592681
46205	科芬園	1	512330	96.592870
46206	科芬廣場	1	512331	96.593059
46207	科研	1	512332	96.593248
46208	科特爾港	1	512333	96.593437
46209	科教	1	512334	96.593626
46210	科斯納	1	512335	96.593815
46211	科爾丘拉島	1	512336	96.594004
46212	科學名詞	1	512337	96.594193
46213	科學育樂展	1	512338	96.594382
46214	科學界	1	512339	96.594571
46215	科學教室	1	512340	96.594760
46216	科學博物館	1	512341	96.594949
46217	科學實驗	1	512342	96.595138
46218	科學實驗劇場	1	512343	96.595327
46219	科學館	1	512344	96.595516
46220	科學雜誌	1	512345	96.595705
46221	科學觀	1	512346	96.595894
46222	科羅拉多河	1	512347	96.596083
46223	科羅拉多學院	1	512348	96.596272
46224	秒速	1	512349	96.596461
46225	秋令營	1	512350	96.596650
46226	秋末	1	512351	96.596839
46227	秋田犬	1	512352	96.597028
46228	秋收	1	512353	96.597217
46229	秋色	1	512354	96.597406
46230	秋決	1	512355	96.597595
46231	秋季班	1	512356	96.597784
46232	秋思	1	512357	96.597973
46233	秋香色	1	512358	96.598162
46234	秋神	1	512359	96.598351
46235	秋晨	1	512360	96.598540
46236	秋涼如水	1	512361	96.598729
46237	秋菊	1	512362	96.598918
46238	秋葉	1	512363	96.599107
46239	秋詩	1	512364	96.599296
46240	秋糧	1	512365	96.599485
46241	秋羅	1	512366	96.599674
46242	穿入	1	512367	96.599863
46243	穿山甲	1	512368	96.600052
46244	穿孔	1	512369	96.600241
46245	穿出	1	512370	96.600430
46246	穿瓦衫	1	512371	96.600619
46247	穿孝服	1	512372	96.600808
46248	穿金戴銀	1	512373	96.600997
46249	穿破	1	512374	96.601186
46250	穿起	1	512375	96.601375
46251	穿起來	1	512376	96.601564
46252	穿透	1	512377	96.601753
46253	穿鞋	1	512378	96.601942
46254	穿戴	1	512379	96.602131
46255	穿牆隱形人	1	512380	96.602320
46256	穿鑿	1	512381	96.602509
46257	突立	1	512382	96.602698
46258	突地	1	512383	96.602887
46259	突破點	1	512384	96.603076
46260	突現	1	512385	96.603265
46261	突厥	1	512386	96.603454
46262	紅土	1	512387	96.603643
46263	紅土地	1	512388	96.603832
46264	紅山文化研究會	1	512389	96.604021
46265	紅山文化節	1	512390	96.604210
46266	紅山椒鳥	1	512391	96.604399
46267	紅中	1	512392	96.604588
46268	紅日	1	512393	96.604777
46269	紅毛丹	1	512394	96.604966
46270	紅外線經耳式測溫計	1	512395	96.605155
46271	紅布	1	512396	96.605344
46272	紅瓦	1	512397	96.605533
46273	紅甘蔗	1	512398	96.605722
46274	紅白帖	1	512399	96.605911
46275	紅字	1	512400	96.606100
46276	紅肉	1	512401	96.606289
46277	紅屁股	1	512402	96.606478
46278	紅尾鶲	1	512403	96.606667
46279	紅杏	1	512404	96.606856
46280	紅豆	1	512405	96.607045
46281	紅咚咚	1	512406	96.607234
46282	紅帖	1	512407	96.607423
46283	紅果子	1	512408	96.607612
46284	紅花埠	1	512409	96.607801
46285	紅門	1	512410	96.607990
46286	紅孩兒	1	512411	96.608179
46287	紅星	1	512412	96.608368
46288	紅柳枝	1	512413	96.608557
46289	紅派	1	512414	96.608746
46290	紅炮仗	1	512415	96.608935
46291	紅背條清潔蝦	1	512416	96.609124
46292	紅香部落	1	512417	96.609313
46293	紅粉	1	512418	96.609502
46294	紅胸	1	512419	96.609691
46295	紅胸羅莉鸚鸝	1	512420	96.609880
46296	紅配綠	1	512421	96.610069
46297	紅啄木鳥	1	512422	96.610258
46298	紅崖	1	512423	96.610447
46299	紅痕	1	512424	96.610636
46300	紅盒子	1	512425	96.610825
46301	紅脣族	1	512426	96.611014
46302	紅棉袍	1	512427	96.611203
46303	紅毯	1	512428	96.611392
46304	紅牌	1	512429	96.611581
46305	紅筆	1	512430	96.611770
46306	紅絨線	1	512431	96.611959
46307	紅絲帶	1	512432	96.612148
46308	紅黃	1	512433	96.612337
46309	紅黑正負極接線	1	512434	96.612526
46310	紅葉國小	1	512435	96.612715
46311	紅葉棒球隊紀念館	1	512436	96.612904
46312	紅葡萄	1	512437	96.613093
46313	紅葡萄酒	1	512438	96.613282
46314	紅鳩	1	512439	96.613471
46315	紅塵萬丈	1	512440	96.613660
46316	紅旗雜誌	1	512441	96.613849
46317	紅漆	1	512442	96.614038
46318	紅鼻子	1	512443	96.614227
46319	紅樓夢魘	1	512444	96.614416
46320	紅蓮	1	512445	96.614605
46321	紅褐色	1	512446	96.614794
46322	紅鞋	1	512447	96.614983
46323	紅學	1	512448	96.615172
46324	紅學家	1	512449	96.615361
46325	紅學會議	1	512450	96.615550
46326	紅樹科	1	512451	96.615739
46327	紅燒	1	512452	96.615928
46328	紅燒排骨	1	512453	96.616117
46329	紅燈區	1	512454	96.616306
46330	紅頭岩	1	512455	96.616495
46331	紅龜粿	1	512456	96.616684
46332	紅檜	1	512457	96.616873
46333	紅燭	1	512458	96.617062
46334	紅薯	1	512459	96.617251
46335	紅繩	1	512460	96.617440
46336	紅糯米	1	512461	96.617629
46337	紅鰭	1	512462	96.617818
46338	紅蘿蔔	1	512463	96.618007
46339	紅鸛	1	512464	96.618196
46340	紅螯螳臂蟹	1	512465	96.618385
46341	紀文鳳	1	512466	96.618574
46342	紀行	1	512467	96.618763
46343	紀念物	1	512468	96.618952
46344	紀念亭	1	512469	96.619141
46345	紀念堂	1	512470	96.619330
46346	紀念牌	1	512471	96.619519
46347	紀念郵票	1	512472	96.619708
46348	紀念會	1	512473	96.619897
46349	紀念獎	1	512474	96.620086
46350	紀俊麟	1	512475	96.620275
46351	紀要	1	512476	96.620464
46352	紀述	1	512477	96.620653
46353	紀實文家	1	512478	96.620842
46354	紀實者	1	512479	96.621031
46355	紀聞	1	512480	96.621220
46356	紀錄式	1	512481	96.621409
46357	約克	1	512482	96.621598
46358	約克市	1	512483	96.621787
46359	約制	1	512484	96.621976
46360	約定俗成	1	512485	96.622165
46361	約書亞時代	1	512486	96.622354
46362	約訪	1	512487	96.622543
46363	約堡	1	512488	96.622732
46364	約賀國家公園	1	512489	96.622921
46365	約瑟夫‧甘乃迪	1	512490	96.623110
46366	約瑟夫布蘭德	1	512491	96.623299
46367	約瑟夫甘乃迪	1	512492	96.623488
46368	約瑟和他的兄弟們	1	512493	96.623677
46369	約瑟芬貝克	1	512494	96.623866
46370	約請	1	512495	96.624055
46371	約翰‧弗林	1	512496	96.624244
46372	約翰卡薩維蒂	1	512497	96.624433
46373	約翰尼斯堡	1	512498	96.624622
46374	約翰韋恩	1	512499	96.624811
46375	約翰斯頓	1	512500	96.625000
46376	美人胚子	1	512501	96.625189
46377	美人蕉	1	512502	96.625378
46378	美少女	1	512503	96.625567
46379	美日版	1	512504	96.625756
46380	美加冰河公園	1	512505	96.625945
46381	美加墨三邊會談	1	512506	96.626134
46382	美白	1	512507	96.626323
46383	美好挺	1	512508	96.626512
46384	美吾髮股份有限公司	1	512509	96.626701
46385	美壯	1	512510	96.626890
46386	美妍	1	512511	96.627079
46387	美狄亞	1	512512	96.627268
46388	美言	1	512513	96.627457
46389	美事	1	512514	96.627646
46390	美其名	1	512515	96.627835
46391	美制	1	512516	96.628024
46392	美食家爆玉米花	1	512517	96.628213
46393	美容術	1	512518	96.628402
46394	美容課	1	512519	96.628591
46395	美格	1	512520	96.628780
46396	美商安泰人壽	1	512521	96.628969
46397	美商保德信人壽	1	512522	96.629158
46398	美商保德信壽險	1	512523	96.629347
46399	美國化	1	512524	96.629536
46400	美國少林	1	512525	96.629725
46401	美國心臟協會	1	512526	96.629914
46402	美國式	1	512527	96.630103
46403	美國兵	1	512528	96.630292
46404	美國汽車聯誼會	1	512529	96.630481
46405	美國車	1	512530	96.630670
46406	美國軍	1	512531	96.630859
46407	美國消失了	1	512532	96.631048
46408	美國高等教育中心	1	512533	96.631237
46409	美國國立研究委員會	1	512534	96.631426
46410	美國國會圖書館	1	512535	96.631615
46411	美國通用汽車	1	512536	96.631804
46412	美國勞工局	1	512537	96.631993
46413	美國貿易代表署	1	512538	96.632182
46414	美國運通卡	1	512539	96.632371
46415	美國電影之父	1	512540	96.632560
46416	美國夢	1	512541	96.632749
46417	美國廣播公司	1	512542	96.632938
46418	美國聯邦安全法規	1	512543	96.633127
46419	美國聯邦側向撞擊標準	1	512544	96.633316
46420	美國藥品製造協會	1	512545	96.633505
46421	美術系	1	512546	96.633694
46422	美術品	1	512547	96.633883
46423	美術課	1	512548	96.634072
46424	美勞教育系	1	512549	96.634261
46425	美勞課	1	512550	96.634450
46426	美斯樂	1	512551	96.634639
46427	美猴王	1	512552	96.634828
46428	美鈔	1	512553	96.635017
46429	美資	1	512554	96.635206
46430	美僑總商會	1	512555	96.635395
46431	美態	1	512556	96.635584
46432	美製	1	512557	96.635773
46433	美語班	1	512558	96.635962
46434	美嬌妻	1	512559	96.636151
46435	美質	1	512560	96.636340
46436	美髮	1	512561	96.636529
46437	美髮師	1	512562	96.636718
46438	美髮業	1	512563	96.636907
46439	美學家	1	512564	96.637096
46440	美療	1	512565	96.637285
46441	美聲	1	512566	96.637474
46442	美聯社	1	512567	96.637663
46443	美麗佳人歐蘭朵	1	512568	96.637852
46444	美麗壞女人	1	512569	96.638041
46445	美籍	1	512570	96.638230
46446	美體小鋪	1	512571	96.638419
46447	美饌	1	512572	96.638608
46448	耐久	1	512573	96.638797
46449	耐用性	1	512574	96.638986
46450	耐看	1	512575	96.639175
46451	耐煩	1	512576	96.639364
46452	耐腐	1	512577	96.639553
46453	耐熱	1	512578	96.639742
46454	耐熱性	1	512579	96.639931
46455	耐磨	1	512580	96.640120
46456	耐藥性	1	512581	96.640309
46457	耍把戲	1	512582	96.640498
46458	耍具	1	512583	96.640687
46459	耍花招	1	512584	96.640876
46460	耍花樣	1	512585	96.641065
46461	耍狠	1	512586	96.641254
46462	耍猴	1	512587	96.641443
46463	耍樂	1	512588	96.641632
46464	耍噱頭	1	512589	96.641821
46465	耍寶	1	512590	96.642010
46466	耶利哥地震	1	512591	96.642199
46467	耶律真經	1	512592	96.642388
46468	耶誕舞會	1	512593	96.642577
46469	耶穌再臨會	1	512594	96.642766
46470	耶穌基督	1	512595	96.642955
46471	胖小子	1	512596	96.643144
46472	胖娃娃	1	512597	96.643333
46473	胖美女	1	512598	96.643522
46474	胖嘟嘟	1	512599	96.643711
46475	胖墩墩	1	512600	96.643900
46476	胥吏	1	512601	96.644089
46477	胚胎學	1	512602	96.644278
46478	胃內壓	1	512603	96.644467
46479	胃出血	1	512604	96.644656
46480	胃肌	1	512605	96.644845
46481	胃穿孔	1	512606	96.645034
46482	胃食道返流	1	512607	96.645223
46483	胃袋	1	512608	96.645412
46484	胃腸炎	1	512609	96.645601
46485	胃腸病	1	512610	96.645790
46486	胃靜脈瘤	1	512611	96.645979
46487	胃糜	1	512612	96.646168
46488	胃鏡	1	512613	96.646357
46489	背水一戰	1	512614	96.646546
46490	背地裡	1	512615	96.646735
46491	背肌	1	512616	96.646924
46492	背信棄義	1	512617	96.647113
46493	背城借一	1	512618	96.647302
46494	背架	1	512619	96.647491
46495	背重	1	512620	96.647680
46496	背帶	1	512621	96.647869
46497	背詩	1	512622	96.648058
46498	背對	1	512623	96.648247
46499	背熟	1	512624	96.648436
46500	背離	1	512625	96.648625
46501	背鰭	1	512626	96.648814
46502	背囊	1	512627	96.649003
46503	胡中藻	1	512628	96.649192
46504	胡永凱	1	512629	96.649381
46505	胡冰心	1	512630	96.649570
46506	胡因夢	1	512631	96.649759
46507	胡自強	1	512632	96.649948
46508	胡志明越泰餐廳	1	512633	96.650137
46509	胡佩蘭	1	512634	96.650326
46510	胡明正	1	512635	96.650515
46511	胡桃鉗	1	512636	96.650704
46512	胡桃樹	1	512637	96.650893
46513	胡狼	1	512638	96.651082
46514	胡婉玲	1	512639	96.651271
46515	胡惟庸	1	512640	96.651460
46516	胡啟立	1	512641	96.651649
46517	胡麻油	1	512642	96.651838
46518	胡楊林	1	512643	96.652027
46519	胡蝶	1	512644	96.652216
46520	胡衛東	1	512645	96.652405
46521	胡頭溝	1	512646	96.652594
46522	胡寶林	1	512647	96.652783
46523	胎生	1	512648	96.652972
46524	胎衣	1	512649	96.653161
46525	胎紋	1	512650	96.653350
46526	胎教	1	512651	96.653539
46527	胎盤蛋白	1	512652	96.653728
46528	胎豬	1	512653	96.653917
46529	胎質	1	512654	96.654106
46530	致仕	1	512655	96.654295
46531	致死率	1	512656	96.654484
46532	致命	1	512657	96.654673
46533	致命天使心	1	512658	96.654862
46534	致命的吸引力	1	512659	96.655051
46535	致命的誘惑	1	512660	96.655240
46536	致命第六感	1	512661	96.655429
46537	致書	1	512662	96.655618
46538	致病菌	1	512663	96.655807
46539	致祭	1	512664	96.655996
46540	致答詞	1	512665	96.656185
46541	致賀詞	1	512666	96.656374
46542	致電	1	512667	96.656563
46543	致福	1	512668	96.656752
46544	致贈	1	512669	96.656941
46545	致辭	1	512670	96.657130
46546	舢舨	1	512671	96.657319
46547	范公井亭	1	512672	96.657508
46548	范吉玉	1	512673	96.657697
46549	范安西克	1	512674	96.657886
46550	范姜逸敏	1	512675	96.658075
46551	范倫鐵諾	1	512676	96.658264
46552	范倫鐵諾臭豆腐	1	512677	96.658453
46553	范費倫	1	512678	96.658642
46554	范燕瑛	1	512679	96.658831
46555	茅利塔尼亞	1	512680	96.659020
46556	茅坤	1	512681	96.659209
46557	茅亭客話	1	512682	96.659398
46558	茅草屋	1	512683	96.659587
46559	茅草棚	1	512684	96.659776
46560	茅塞	1	512685	96.659965
46561	茅臺	1	512686	96.660154
46562	苛扣	1	512687	96.660343
46563	苛待	1	512688	96.660532
46564	苛政	1	512689	96.660721
46565	苛責	1	512690	96.660910
46566	苦口良藥	1	512691	96.661099
46567	苦口婆心	1	512692	96.661288
46568	苦工	1	512693	96.661477
46569	苦不堪言	1	512694	96.661666
46570	苦瓜臉	1	512695	96.661855
46571	苦行僧	1	512696	96.662044
46572	苦旱	1	512697	96.662233
46573	苦辛	1	512698	96.662422
46574	苦事	1	512699	96.662611
46575	苦兒流浪記	1	512700	96.662800
46576	苦命兒	1	512701	96.662989
46577	苦於	1	512702	96.663178
46578	苦苓樹	1	512703	96.663367
46579	苦修	1	512704	96.663556
46580	苦海餘生	1	512705	96.663745
46581	苦草	1	512706	96.663934
46582	苦茶油	1	512707	96.664123
46583	苦情	1	512708	96.664312
46584	苦情草	1	512709	96.664501
46585	苦累	1	512710	96.664690
46586	苦處	1	512711	96.664879
46587	苦幹	1	512712	96.665068
46588	苦楚	1	512713	96.665257
46589	苦撐	1	512714	96.665446
46590	苦學	1	512715	96.665635
46591	苦讀	1	512716	96.665824
46592	苦戀	1	512717	96.666013
46593	茄子村	1	512718	96.666202
46594	茄科	1	512719	96.666391
46595	茄鯗	1	512720	96.666580
46596	若有所思	1	512721	96.666769
46597	若有若無	1	512722	96.666958
46598	若羌縣	1	512723	96.667147
46599	若要	1	512724	96.667336
46600	若隱若現	1	512725	96.667525
46601	苗人	1	512726	96.667714
46602	苗子傑	1	512727	96.667903
46603	苗守信	1	512728	96.668092
46604	苗者	1	512729	96.668281
46605	苗商	1	512730	96.668470
46606	苗頭	1	512731	96.668659
46607	英才	1	512732	96.668848
46608	英文名	1	512733	96.669037
46609	英文報	1	512734	96.669226
46610	英代爾	1	512735	96.669415
46611	英代爾公司	1	512736	96.669604
46612	英仙座雙星團	1	512737	96.669793
46613	英吉利海峽	1	512738	96.669982
46614	英吉利灣	1	512739	96.670171
46615	英年早逝	1	512740	96.670360
46616	英呎	1	512741	96.670549
46617	英明果斷	1	512742	96.670738
46618	英法海底隧道	1	512743	96.670927
46619	英股	1	512744	96.671116
46620	英俊挺拔	1	512745	96.671305
46621	英美	1	512746	96.671494
46622	英倫	1	512747	96.671683
46623	英哩	1	512748	96.671872
46624	英挺	1	512749	96.672061
46625	英格烈‧褒曼	1	512750	96.672250
46626	英格麗‧褒曼	1	512751	96.672439
46627	英畝	1	512752	96.672628
46628	英航	1	512753	96.672817
46629	英國皇家衛隊	1	512754	96.673006
46630	英國貿易文化辦事處	1	512755	96.673195
46631	英國種	1	512756	96.673384
46632	英國藥物研究中心	1	512757	96.673573
46633	英華菸公司	1	512758	96.673762
46634	英華殿	1	512759	96.673951
46635	英雄交響曲	1	512760	96.674140
46636	英雄榜	1	512761	96.674329
46637	英雄鎮	1	512762	96.674518
46638	英語片	1	512763	96.674707
46639	英譯	1	512764	96.674896
46640	英屬	1	512765	96.675085
46641	英屬東印度公司	1	512766	96.675274
46642	英屬哥倫比亞	1	512767	96.675463
46643	苜蓿痴	1	512768	96.675652
46644	苔原帶	1	512769	96.675841
46645	苔蛾	1	512770	96.676030
46646	苔蘚	1	512771	96.676219
46647	苑裡	1	512772	96.676408
46648	苞片	1	512773	96.676597
46649	苓雅區	1	512774	96.676786
46650	苟延殘喘	1	512775	96.676975
46651	苯乙烯	1	512776	96.677164
46652	虐殺	1	512777	96.677353
46653	虹吸	1	512778	96.677542
46654	虹吸管	1	512779	96.677731
46655	虹膜睫狀體炎	1	512780	96.677920
46656	虹橋	1	512781	96.678109
46657	衍出	1	512782	96.678298
46658	衍發	1	512783	96.678487
46659	要人	1	512784	96.678676
46660	要地	1	512785	96.678865
46661	要邑	1	512786	96.679054
46662	要保人	1	512787	96.679243
46663	要津	1	512788	96.679432
46664	要聞	1	512789	96.679621
46665	計分法	1	512790	96.679810
46666	計分器	1	512791	96.679999
46667	計次付費頻道	1	512792	96.680188
46668	計倆	1	512793	96.680377
46669	計時賽	1	512794	96.680566
46670	計畫性	1	512795	96.680755
46671	計畫性經濟	1	512796	96.680944
46672	計畫區	1	512797	96.681133
46673	計畫處	1	512798	96.681322
46674	計畫圖	1	512799	96.681511
46675	計程車司機	1	512800	96.681700
46676	計程船	1	512801	96.681889
46677	計費	1	512802	96.682078
46678	計劃性	1	512803	96.682267
46679	計劃師	1	512804	96.682456
46680	計劃書	1	512805	96.682645
46681	計劃經濟	1	512806	96.682834
46682	計謀	1	512807	96.683023
46683	計議	1	512808	96.683212
46684	訂位專線	1	512809	96.683401
46685	訂報	1	512810	96.683590
46686	訂閱證	1	512811	96.683779
46687	訃告	1	512812	96.683968
46688	貞烈	1	512813	96.684157
46689	貞麗	1	512814	96.684346
46690	負子鼠	1	512815	96.684535
46691	負片	1	512816	96.684724
46692	負平衡	1	512817	96.684913
46693	負疚	1	512818	96.685102
46694	負眾望	1	512819	96.685291
46695	負稅	1	512820	96.685480
46696	負債纍纍	1	512821	96.685669
46697	負載	1	512822	96.685858
46698	負壓	1	512823	96.686047
46699	赴死	1	512824	96.686236
46700	赴考	1	512825	96.686425
46701	赴華	1	512826	96.686614
46702	軍人節	1	512827	96.686803
46703	軍人補給證	1	512828	96.686992
46704	軍刀	1	512829	96.687181
46705	軍中情人	1	512830	96.687370
46706	軍民	1	512831	96.687559
46707	軍事院校	1	512832	96.687748
46708	軍委主席	1	512833	96.687937
46709	軍政府	1	512834	96.688126
46710	軍紀	1	512835	96.688315
46711	軍旅	1	512836	96.688504
46712	軍訓課	1	512837	96.688693
46713	軍務	1	512838	96.688882
46714	軍區司令	1	512839	96.689071
46715	軍教	1	512840	96.689260
46716	軍備局	1	512841	96.689449
46717	軍港	1	512842	96.689638
46718	軍裝	1	512843	96.689827
46719	軍歌	1	512844	96.690016
46720	軍製	1	512845	96.690205
46721	軍需	1	512846	96.690394
46722	軍需官	1	512847	96.690583
46723	軍樂團	1	512848	96.690772
46724	軍盤岩	1	512849	96.690961
46725	軍頭	1	512850	96.691150
46726	軍營	1	512851	96.691339
46727	軍醫院	1	512852	96.691528
46728	軍艦鳥	1	512853	96.691717
46729	迦利‧鮑參	1	512854	96.691906
46730	迦勒底	1	512855	96.692095
46731	迦葉尊者	1	512856	96.692284
46732	迦撒	1	512857	96.692473
46733	迪可	1	512858	96.692662
46734	迪吉多公司	1	512859	96.692851
46735	迪吉多電腦	1	512860	96.693040
46736	迪迪爾拉得席拉卡	1	512861	96.693229
46737	迪倫廣告	1	512862	96.693418
46738	迪斯奈樂園	1	512863	96.693607
46739	迪斯耐卡通	1	512864	96.693796
46740	迪階	1	512865	96.693985
46741	迪歐克雷提安皇帝	1	512866	96.694174
46742	迪歐克雷提安宮	1	512867	96.694363
46743	迫人	1	512868	96.694552
46744	迫在眉睫	1	512869	96.694741
46745	迫於	1	512870	96.694930
46746	迫擊炮	1	512871	96.695119
46747	迫擊砲	1	512872	96.695308
46748	郎才女貌	1	512873	96.695497
46749	郎如	1	512874	96.695686
46750	郎官	1	512875	96.695875
46751	郎雄	1	512876	96.696064
46752	郁永河	1	512877	96.696253
46753	郁郁青青	1	512878	96.696442
46754	郁黎明	1	512879	96.696631
46755	重力效應	1	512880	96.696820
46756	重力透鏡	1	512881	96.697009
46757	重力單位制	1	512882	96.697198
46758	重工業	1	512883	96.697387
46759	重分配	1	512884	96.697576
46760	重北輕南	1	512885	96.697765
46761	重犯	1	512886	96.697954
46762	重地	1	512887	96.698143
46763	重考生	1	512888	96.698332
46764	重作馮婦	1	512889	96.698521
46765	重兵	1	512890	96.698710
46766	重利	1	512891	96.698899
46767	重見天日	1	512892	96.699088
46768	重見光明	1	512893	96.699277
46769	重車	1	512894	96.699466
46770	重味	1	512895	96.699655
46771	重武裝部隊	1	512896	96.699844
46772	重金	1	512897	96.700033
46773	重金屬搖滾	1	512898	96.700222
46774	重型再生障礙性貧血	1	512899	96.700411
46775	重洋	1	512900	96.700600
46776	重看	1	512901	96.700789
46777	重音	1	512902	96.700978
46778	重修西湖書院記	1	512903	96.701167
46779	重修舊好	1	512904	96.701356
46780	重病人	1	512905	96.701545
46781	重做	1	512906	96.701734
46782	重做馮婦	1	512907	96.701923
46783	重勘	1	512908	96.702112
46784	重商主義	1	512909	96.702301
46785	重責	1	512910	96.702490
46786	重尋	1	512911	96.702679
46787	重殘者	1	512912	96.702868
46788	重殼	1	512913	96.703057
46789	重稅	1	512914	96.703246
46790	重華宮	1	512915	96.703435
46791	重量比	1	512916	96.703624
46792	重陽節	1	512917	96.703813
46793	重填	1	512918	96.704002
46794	重溫舊夢	1	512919	96.704191
46795	重置成本	1	512920	96.704380
46796	重義氣	1	512921	96.704569
46797	重貲	1	512922	96.704758
46798	重運量	1	512923	96.704947
46799	重道	1	512924	96.705136
46800	重電	1	512925	96.705325
46801	重聚	1	512926	96.705514
46802	重彈舊調	1	512927	96.705703
46803	重徵	1	512928	96.705892
46804	重慶市	1	512929	96.706081
46805	重播	1	512930	96.706270
46806	重質	1	512931	96.706459
46807	重質不重量	1	512932	96.706648
46808	重整旗鼓	1	512933	96.706837
46809	重燃	1	512934	96.707026
46810	重選	1	512935	96.707215
46811	重頭大戲	1	512936	96.707404
46812	重壓	1	512937	96.707593
46813	重檐	1	512938	96.707782
46814	重蹈覆轍	1	512939	96.707971
46815	重點式	1	512940	96.708160
46816	重瓣	1	512941	96.708349
46817	重證	1	512942	96.708538
46818	重議	1	512943	96.708727
46819	重讀	1	512944	96.708916
46820	限令	1	512945	96.709105
46821	限地	1	512946	96.709294
46822	限武	1	512947	96.709483
46823	限時專送	1	512948	96.709672
46824	限速	1	512949	96.709861
46825	限齡	1	512950	96.710050
46826	陋室	1	512951	96.710239
46827	陋巷	1	512952	96.710428
46828	陋規	1	512953	96.710617
46829	陌生感	1	512954	96.710806
46830	陌然	1	512955	96.710995
46831	降火	1	512956	96.711184
46832	降火氣	1	512957	96.711373
46833	降世	1	512958	96.711562
46834	降血糖	1	512959	96.711751
46835	降血壓	1	512960	96.711940
46836	降服	1	512961	96.712129
46837	降約	1	512962	96.712318
46838	降息	1	512963	96.712507
46839	降脂茶	1	512964	96.712696
46840	降將	1	512965	96.712885
46841	降速	1	512966	96.713074
46842	降尊紆貴	1	512967	96.713263
46843	降減	1	512968	96.713452
46844	降稅	1	512969	96.713641
46845	降稅率	1	512970	96.713830
46846	降落傘	1	512971	96.714019
46847	降禍	1	512972	96.714208
46848	降糖茶	1	512973	96.714397
46849	降壓	1	512974	96.714586
46850	降壓茶	1	512975	96.714775
46851	降薪	1	512976	96.714964
46852	降職	1	512977	96.715153
46853	降魔	1	512978	96.715342
46854	面目可憎	1	512979	96.715531
46855	面具舞	1	512980	96.715720
46856	面果子	1	512981	96.715909
46857	面相學	1	512982	96.716098
46858	面面	1	512983	96.716287
46859	面面相覷	1	512984	96.716476
46860	面皰	1	512985	96.716665
46861	面紙	1	512986	96.716854
46862	面授	1	512987	96.717043
46863	面陳	1	512988	96.717232
46864	面壁	1	512989	96.717421
46865	面鏡排水法	1	512990	96.717610
46866	革心	1	512991	96.717799
46867	革命先烈	1	512992	96.717988
46868	革命者	1	512993	96.718177
46869	革命運動	1	512994	96.718366
46870	革命黨人	1	512995	96.718555
46871	革東寨	1	512996	96.718744
46872	革舊	1	512997	96.718933
46873	革蘭氏陽性菌	1	512998	96.719122
46874	韋伯	1	512999	96.719311
46875	韋政宏	1	513000	96.719500
46876	韋勒	1	513001	96.719689
46877	韋斯	1	513002	96.719878
46878	音叉	1	513003	96.720067
46879	音律	1	513004	96.720256
46880	音速	1	513005	96.720445
46881	音場	1	513006	96.720634
46882	音程	1	513007	96.720823
46883	音標	1	513008	96.721012
46884	音樂中國出版社	1	513009	96.721201
46885	音樂之父	1	513010	96.721390
46886	音樂院	1	513011	96.721579
46887	音樂帶	1	513012	96.721768
46888	音響室	1	513013	96.721957
46889	音響視聽室	1	513014	96.722146
46890	風力發電	1	513015	96.722335
46891	風力園	1	513016	96.722524
46892	風力電廠	1	513017	96.722713
46893	風土民情	1	513018	96.722902
46894	風中的母雞	1	513019	96.723091
46895	風之谷	1	513020	96.723280
46896	風切聲	1	513021	96.723469
46897	風化石	1	513022	96.723658
46898	風化區	1	513023	96.723847
46899	風月	1	513024	96.724036
46900	風月怪譚	1	513025	96.724225
46901	風月場	1	513026	96.724414
46902	風水師	1	513027	96.724603
46903	風光明媚	1	513028	96.724792
46904	風光旖旎	1	513029	96.724981
46905	風帆	1	513030	96.725170
46906	風衣	1	513031	96.725359
46907	風吹雨打	1	513032	96.725548
46908	風災	1	513033	96.725737
46909	風車廠	1	513034	96.725926
46910	風阻	1	513035	96.726115
46911	風阻值	1	513036	96.726304
46912	風雨交加	1	513037	96.726493
46913	風雨同舟	1	513038	96.726682
46914	風雨無阻	1	513039	96.726871
46915	風雨操場	1	513040	96.727060
46916	風雨飄搖	1	513041	96.727249
46917	風城	1	513042	96.727438
46918	風度翩翩	1	513043	96.727627
46919	風風光光	1	513044	96.727816
46920	風浪板	1	513045	96.728005
46921	風疹	1	513046	96.728194
46922	風神	1	513047	96.728383
46923	風馬牛	1	513048	96.728572
46924	風骨	1	513049	96.728761
46925	風乾	1	513050	96.728950
46926	風情秀	1	513051	96.729139
46927	風笛聲	1	513052	96.729328
46928	風袋	1	513053	96.729517
46929	風雪	1	513054	96.729706
46930	風景名勝區	1	513055	96.729895
46931	風景如畫	1	513056	96.730084
46932	風雲車	1	513057	96.730273
46933	風雲錄	1	513058	96.730462
46934	風雷	1	513059	96.730651
46935	風塵	1	513060	96.730840
46936	風塵三俠	1	513061	96.731029
46937	風塵女一九九二	1	513062	96.731218
46938	風箏節	1	513063	96.731407
46939	風箏賽	1	513064	96.731596
46940	風餐露宿	1	513065	96.731785
46941	風濕症	1	513066	96.731974
46942	風霜雨露	1	513067	96.732163
46943	風櫃來的人	1	513068	96.732352
46944	風韻	1	513069	96.732541
46945	風蘭	1	513070	96.732730
46946	飛刀手	1	513071	96.732919
46947	飛升	1	513072	96.733108
46948	飛安	1	513073	96.733297
46949	飛行物	1	513074	96.733486
46950	飛行家	1	513075	96.733675
46951	飛利浦燈泡	1	513076	96.733864
46952	飛身	1	513077	96.734053
46953	飛來	1	513078	96.734242
46954	飛來橫禍	1	513079	96.734431
46955	飛奔	1	513080	96.734620
46956	飛泉	1	513081	96.734809
46957	飛砂走石	1	513082	96.734998
46958	飛狼	1	513083	96.735187
46959	飛航線	1	513084	96.735376
46960	飛蚊	1	513085	96.735565
46961	飛蚊症	1	513086	96.735754
46962	飛掉	1	513087	96.735943
46963	飛梭式	1	513088	96.736132
46964	飛速	1	513089	96.736321
46965	飛絮	1	513090	96.736510
46966	飛越北極星	1	513091	96.736699
46967	飛越時空隧道	1	513092	96.736888
46968	飛進	1	513093	96.737077
46969	飛賊	1	513094	96.737266
46970	飛標	1	513095	96.737455
46971	飛箭	1	513096	96.737644
46972	飛駝	1	513097	96.737833
46973	飛機雲	1	513098	96.738022
46974	飛燕	1	513099	96.738211
46975	飛霓影藝公司	1	513100	96.738400
46976	飛龍	1	513101	96.738589
46977	飛龍在天	1	513102	96.738778
46978	飛濺	1	513103	96.738967
46979	飛瀑	1	513104	96.739156
46980	飛繞	1	513105	96.739345
46981	飛鏢	1	513106	96.739534
46982	飛騰	1	513107	96.739723
46983	食人族	1	513108	96.739912
46984	食人魚	1	513109	96.740101
46985	食人樓	1	513110	96.740290
46986	食不下嚥	1	513111	96.740479
46987	食古不化	1	513112	96.740668
46988	食用油	1	513113	96.740857
46989	食用期限	1	513114	96.741046
46990	食米	1	513115	96.741235
46991	食衣住行	1	513116	96.741424
46992	食具	1	513117	96.741613
46993	食品店	1	513118	96.741802
46994	食品股	1	513119	96.741991
46995	食品袋	1	513120	96.742180
46996	食品衛生手冊	1	513121	96.742369
46997	食客	1	513122	96.742558
46998	食案	1	513123	96.742747
46999	食盒	1	513124	96.742936
47000	食貨志	1	513125	96.743125
47001	食道黏膜	1	513126	96.743314
47002	食管靜脈瘤	1	513127	96.743503
47003	食器	1	513128	96.743692
47004	食療	1	513129	96.743881
47005	食療本草	1	513130	96.744070
47006	食療法	1	513131	96.744259
47007	食蟲類哺乳獸	1	513132	96.744448
47008	食髓知味	1	513133	96.744637
47009	首代	1	513134	96.744826
47010	首任	1	513135	96.745015
47011	首役	1	513136	96.745204
47012	首邑	1	513137	96.745393
47013	首頁	1	513138	96.745582
47014	首家	1	513139	96.745771
47015	首席法律顧問	1	513140	96.745960
47016	首座	1	513141	96.746149
47017	首站	1	513142	96.746338
47018	首務	1	513143	96.746527
47019	首都早報	1	513144	96.746716
47020	首腦	1	513145	96.746905
47021	首盤	1	513146	96.747094
47022	首篇	1	513147	96.747283
47023	首輯	1	513148	96.747472
47024	香山	1	513149	96.747661
47025	香水味	1	513150	96.747850
47026	香水紙	1	513151	96.748039
47027	香水瓶	1	513152	96.748228
47028	香汗	1	513153	96.748417
47029	香吻	1	513154	96.748606
47030	香油	1	513155	96.748795
47031	香芹	1	513156	96.748984
47032	香亭	1	513157	96.749173
47033	香香脆脆	1	513158	96.749362
47034	香扇墜	1	513159	96.749551
47035	香料	1	513160	96.749740
47036	香格里拉飯店	1	513161	96.749929
47037	香浴乳	1	513162	96.750118
47038	香粉	1	513163	96.750307
47039	香草	1	513164	96.750496
47040	香魚片	1	513165	96.750685
47041	香港人事管理學會	1	513166	96.750874
47042	香港上海匯豐銀行有限公司	1	513167	96.751063
47043	香港中文大學	1	513168	96.751252
47044	香港中學	1	513169	96.751441
47045	香港片	1	513170	96.751630
47046	香港回憶錄	1	513171	96.751819
47047	香港明報	1	513172	96.752008
47048	香港時報	1	513173	96.752197
47049	香港海洋公園	1	513174	96.752386
47050	香港特別行政區籌預會	1	513175	96.752575
47051	香港商業電臺	1	513176	96.752764
47052	香港廣告記錄大全	1	513177	96.752953
47053	香楠	1	513178	96.753142
47054	香煙絲	1	513179	96.753331
47055	香腸	1	513180	96.753520
47056	香葉	1	513181	96.753709
47057	香頌	1	513182	96.753898
47058	香精	1	513183	96.754087
47059	香噴噴	1	513184	96.754276
47060	香燈	1	513185	96.754465
47061	香蕉天堂	1	513186	96.754654
47062	香蕉皮	1	513187	96.754843
47063	香蕉林	1	513188	96.755032
47064	香蕉葉	1	513189	96.755221
47065	香爐	1	513190	96.755410
47066	乘坐者	1	513191	96.755599
47067	乘其不備	1	513192	96.755788
47068	乘座性	1	513193	96.755977
47069	乘除	1	513194	96.756166
47070	乘涼	1	513195	96.756355
47071	乘載量	1	513196	96.756544
47072	乘輿	1	513197	96.756733
47073	乘轎	1	513198	96.756922
47074	亳州	1	513199	96.757111
47075	亳縣	1	513200	96.757300
47076	倍增	1	513201	96.757489
47077	俯仰之間	1	513202	96.757678
47078	俯仰無愧	1	513203	96.757867
47079	俯式	1	513204	96.758056
47080	俯臥	1	513205	96.758245
47081	俯拾皆是	1	513206	96.758434
47082	俯看	1	513207	96.758623
47083	俯首	1	513208	96.758812
47084	俯首稱臣	1	513209	96.759001
47085	俯首認罪	1	513210	96.759190
47086	俯臨	1	513211	96.759379
47087	倦容	1	513212	96.759568
47088	倦意	1	513213	96.759757
47089	倥傯	1	513214	96.759946
47090	俸銀	1	513215	96.760135
47091	倩女	1	513216	96.760324
47092	倩女幽魂	1	513217	96.760513
47093	值回票價	1	513218	96.760702
47094	值夜	1	513219	96.760891
47095	值量	1	513220	96.761080
47096	值價金	1	513221	96.761269
47097	借刀殺人	1	513222	96.761458
47098	借出	1	513223	96.761647
47099	借由	1	513224	96.761836
47100	借住	1	513225	96.762025
47101	借到	1	513226	96.762214
47102	借故	1	513227	96.762403
47103	借重	1	513228	96.762592
47104	借書	1	513229	96.762781
47105	借書卡	1	513230	96.762970
47106	借書證	1	513231	96.763159
47107	借訊	1	513232	96.763348
47108	借款人	1	513233	96.763537
47109	借款額	1	513234	96.763726
47110	借筆	1	513235	96.763915
47111	借閱	1	513236	96.764104
47112	借據	1	513237	96.764293
47113	借還	1	513238	96.764482
47114	借鑑	1	513239	96.764671
47115	倚天系統	1	513240	96.764860
47116	倚仗	1	513241	96.765049
47117	倚臥	1	513242	96.765238
47118	倚門	1	513243	96.765427
47119	倒水	1	513244	96.765616
47120	倒吊	1	513245	96.765805
47121	倒吃甘蔗	1	513246	96.765994
47122	倒地鈴	1	513247	96.766183
47123	倒床	1	513248	96.766372
47124	倒果為因	1	513249	96.766561
47125	倒臥	1	513250	96.766750
47126	倒胃	1	513251	96.766939
47127	倒要	1	513252	96.767128
47128	倒帳	1	513253	96.767317
47129	倒掉	1	513254	96.767506
47130	倒會	1	513255	96.767695
47131	倒楣相	1	513256	96.767884
47132	倒溯	1	513257	96.768073
47133	倒運	1	513258	96.768262
47134	倒噬	1	513259	96.768451
47135	倒斃	1	513260	96.768640
47136	倒轉	1	513261	96.768829
47137	倒寶塔式	1	513262	96.769018
47138	倒懸	1	513263	96.769207
47139	俺答香	1	513264	96.769396
47140	俺答對格魯派	1	513265	96.769585
47141	倔高	1	513266	96.769774
47142	俱佳	1	513267	96.769963
47143	俱是	1	513268	96.770152
47144	倡門婦	1	513269	96.770341
47145	倡優	1	513270	96.770530
47146	個人服務業	1	513271	96.770719
47147	個人英雄主義	1	513272	96.770908
47148	個人國民所得	1	513273	96.771097
47149	個人組	1	513274	96.771286
47150	個人賽	1	513275	96.771475
47151	個中好手	1	513276	96.771664
47152	個位	1	513277	96.771853
47153	個位數	1	513278	96.772042
47154	個頭	1	513279	96.772231
47155	候車	1	513280	96.772420
47156	候補	1	513281	96.772609
47157	候機	1	513282	96.772798
47158	候機室	1	513283	96.772987
47159	倘使	1	513284	96.773176
47160	倘能	1	513285	96.773365
47161	俳優	1	513286	96.773554
47162	修士	1	513287	96.773743
47163	修正派	1	513288	96.773932
47164	修正液	1	513289	96.774121
47165	修身	1	513290	96.774310
47166	修車匠	1	513291	96.774499
47167	修為	1	513292	96.774688
47168	修理站	1	513293	96.774877
47169	修路	1	513294	96.775066
47170	修道	1	513295	96.775255
47171	修撰	1	513296	96.775444
47172	修編	1	513297	96.775633
47173	修鞋匠	1	513298	96.775822
47174	修憲案	1	513299	96.776011
47175	修整	1	513300	96.776200
47176	修橋	1	513301	96.776389
47177	修辭法	1	513302	96.776578
47178	修護站	1	513303	96.776767
47179	修護霜	1	513304	96.776956
47180	倪匡	1	513305	96.777145
47181	倪敏然	1	513306	96.777334
47182	倪雲林	1	513307	96.777523
47183	俾斯麥	1	513308	96.777712
47184	倫飛電腦	1	513309	96.777901
47185	倫敦大學	1	513310	96.778090
47186	倫敦市	1	513311	96.778279
47187	倫敦議會	1	513312	96.778468
47188	倉房	1	513313	96.778657
47189	倉促	1	513314	96.778846
47190	倉租	1	513315	96.779035
47191	倉惶	1	513316	96.779224
47192	倉惶失措	1	513317	96.779413
47193	倉頡	1	513318	96.779602
47194	倉儲中心	1	513319	96.779791
47195	兼及	1	513320	96.779980
47196	兼收	1	513321	96.780169
47197	兼有	1	513322	96.780358
47198	兼行	1	513323	96.780547
47199	兼作	1	513324	96.780736
47200	兼容並蓄	1	513325	96.780925
47201	兼領	1	513326	96.781114
47202	冤大頭	1	513327	96.781303
47203	冤仇	1	513328	96.781492
47204	冤屈	1	513329	96.781681
47205	冤枉路	1	513330	96.781870
47206	冤苦	1	513331	96.782059
47207	冤冤相報	1	513332	96.782248
47208	冤殺	1	513333	96.782437
47209	冤獄	1	513334	96.782626
47210	冤孽	1	513335	96.782815
47211	冥府	1	513336	96.783004
47212	冥思園	1	513337	96.783193
47213	冥冥中	1	513338	96.783382
47214	冥冥之中	1	513339	96.783571
47215	凍冷	1	513340	96.783760
47216	凍寒	1	513341	96.783949
47217	凍僵	1	513342	96.784138
47218	凍瘡	1	513343	96.784327
47219	凍壞	1	513344	96.784516
47220	凌日	1	513345	96.784705
47221	凌波仙子	1	513346	96.784894
47222	凌虐	1	513347	96.785083
47223	凌越	1	513348	96.785272
47224	凌雲	1	513349	96.785461
47225	凌亂	1	513350	96.785650
47226	准假條	1	513351	96.785839
47227	剖洗	1	513352	96.786028
47228	剖開	1	513353	96.786217
47229	剖腹	1	513354	96.786406
47230	剔號	1	513355	96.786595
47231	剛正	1	513356	96.786784
47232	剛性區	1	513357	96.786973
47233	剛勁	1	513358	96.787162
47234	剛烈	1	513359	96.787351
47235	剛愎自用	1	513360	96.787540
47236	剝削性	1	513361	96.787729
47237	剝蝕	1	513362	96.787918
47238	剝離	1	513363	96.788107
47239	匪盜	1	513364	96.788296
47240	卿卿	1	513365	96.788485
47241	原子輻射	1	513366	96.788674
47242	原文	1	513367	96.788863
47243	原汁	1	513368	96.789052
47244	原生	1	513369	96.789241
47245	原生生物	1	513370	96.789430
47246	原生植物	1	513371	96.789619
47247	原田美枝子	1	513372	96.789808
47248	原任	1	513373	96.789997
47249	原名	1	513374	96.790186
47250	原地	1	513375	96.790375
47251	原地不動	1	513376	96.790564
47252	原色映像管	1	513377	96.790753
47253	原住者	1	513378	96.790942
47254	原作樂	1	513379	96.791131
47255	原告	1	513380	96.791320
47256	原來如此	1	513381	96.791509
47257	原卷	1	513382	96.791698
47258	原始人	1	513383	96.791887
47259	原始型	1	513384	96.792076
47260	原始碼	1	513385	96.792265
47261	原始闊葉林	1	513386	96.792454
47262	原保戶	1	513387	96.792643
47263	原音	1	513388	96.792832
47264	原原本本	1	513389	96.793021
47265	原書	1	513390	96.793210
47266	原班人馬	1	513391	96.793399
47267	原素	1	513392	96.793588
47268	原產國	1	513393	96.793777
47269	原船	1	513394	96.793966
47270	原魚	1	513395	96.794155
47271	原鳥	1	513396	96.794344
47272	原創力	1	513397	96.794533
47273	原節子	1	513398	96.794722
47274	原義	1	513399	96.794911
47275	原路	1	513400	96.795100
47276	原舞者舞團	1	513401	96.795289
47277	原價	1	513402	96.795478
47278	原樣	1	513403	96.795667
47279	原稿	1	513404	96.795856
47280	原聲	1	513405	96.796045
47281	原璧歸趙	1	513406	96.796234
47282	哨子	1	513407	96.796423
47283	哨卡	1	513408	96.796612
47284	哨兵	1	513409	96.796801
47285	哨兵瀑	1	513410	96.796990
47286	唐人	1	513411	96.797179
47287	唐三藏	1	513412	96.797368
47288	唐山	1	513413	96.797557
47289	唐山大地震	1	513414	96.797746
47290	唐山過臺灣	1	513415	96.797935
47291	唐卡	1	513416	96.798124
47292	唐史蒂	1	513417	96.798313
47293	唐吉訶德	1	513418	96.798502
47294	唐伯虎	1	513419	96.798691
47295	唐宋詞	1	513420	96.798880
47296	唐盼盼	1	513421	96.799069
47297	唐風	1	513422	96.799258
47298	唐書	1	513423	96.799447
47299	唐書璇	1	513424	96.799636
47300	唐納‧瑞奇	1	513425	96.799825
47301	唐納瑞區	1	513426	96.800014
47302	唐國昌	1	513427	96.800203
47303	唐啟明	1	513428	96.800392
47304	唐紹儀	1	513429	96.800581
47305	唐雅君	1	513430	96.800770
47306	唐裝	1	513431	96.800959
47307	唐榮鐵工廠	1	513432	96.801148
47308	唐語謙	1	513433	96.801337
47309	唐鳳翔	1	513434	96.801526
47310	唐憲宗	1	513435	96.801715
47311	唐樹備	1	513436	96.801904
47312	唐懷瑟	1	513437	96.802093
47313	唐繼堯	1	513438	96.802282
47314	唐菖蒲	1	513439	96.802471
47315	哼哼唱唱	1	513440	96.802660
47316	哥本哈根	1	513441	96.802849
47317	哥兒們	1	513442	96.803038
47318	哥倫比亞三星	1	513443	96.803227
47319	哥倫比亞猛犸象	1	513444	96.803416
47320	哥倫比亞電影公司	1	513445	96.803605
47321	哥斯拉	1	513446	96.803794
47322	哥德式	1	513447	96.803983
47323	哥德式建築	1	513448	96.804172
47324	哥德時期	1	513449	96.804361
47325	哥德堡	1	513450	96.804550
47326	哥羅仿	1	513451	96.804739
47327	哲宗	1	513452	96.804928
47328	哲思	1	513453	96.805117
47329	哲思期	1	513454	96.805306
47330	哲學界	1	513455	96.805495
47331	哺幼	1	513456	96.805684
47332	哺育率	1	513457	96.805873
47333	哺乳	1	513458	96.806062
47334	哭成一團	1	513459	96.806251
47335	哭泣的遊戲	1	513460	96.806440
47336	哭調	1	513461	96.806629
47337	哭臉	1	513462	96.806818
47338	員工宿舍	1	513463	96.807007
47339	員工餐廳	1	513464	96.807196
47340	員林	1	513465	96.807385
47341	唉聲嘆氣	1	513466	96.807574
47342	哪來	1	513467	96.807763
47343	哪知	1	513468	96.807952
47344	哪門子	1	513469	96.808141
47345	唧筒	1	513470	96.808330
47346	唏哩嘩啦	1	513471	96.808519
47347	埔心	1	513472	96.808708
47348	埔心牧場	1	513473	96.808897
47349	埔心農場	1	513474	96.809086
47350	埋骨	1	513475	96.809275
47351	埋掉	1	513476	96.809464
47352	埋樁布陣	1	513477	96.809653
47353	埃及王監	1	513478	96.809842
47354	埃巴里斯特‧伽羅瓦	1	513479	96.810031
47355	埃佛勒斯峰	1	513480	96.810220
47356	埃里克‧漢伯爾	1	513481	96.810409
47357	埃柯結腸炎	1	513482	96.810598
47358	埃洛莫里斯	1	513483	96.810787
47359	埃爾嘉爵士	1	513484	96.810976
47360	埃維昂萊班	1	513485	96.811165
47361	埃維昂鎮	1	513486	96.811354
47362	埃維昂礦泉水公司	1	513487	96.811543
47363	夏一鳳	1	513488	96.811732
47364	夏日情懷	1	513489	96.811921
47365	夏毛	1	513490	96.812110
47366	夏卡	1	513491	96.812299
47367	夏卡博士	1	513492	96.812488
47368	夏去秋來	1	513493	96.812677
47369	夏布洛	1	513494	96.812866
47370	夏玄	1	513495	96.813055
47371	夏朵	1	513496	96.813244
47372	夏至	1	513497	96.813433
47373	夏志清	1	513498	96.813622
47374	夏芒尼克斯	1	513499	96.813811
47375	夏季熱	1	513500	96.814000
47376	夏娃	1	513501	96.814189
47377	夏威夷衫	1	513502	96.814378
47378	夏玲玲	1	513503	96.814567
47379	夏秋	1	513504	96.814756
47380	夏假	1	513505	96.814945
47381	夏勒艾茲那佛	1	513506	96.815134
47382	夏荷	1	513507	96.815323
47383	夏鈞華	1	513508	96.815512
47384	夏裝	1	513509	96.815701
47385	夏漢民	1	513510	96.815890
47386	夏漢容	1	513511	96.816079
47387	夏綠帝	1	513512	96.816268
47388	夏播	1	513513	96.816457
47389	夏樂騰堡	1	513514	96.816646
47390	夏蟬	1	513515	96.816835
47391	夏蟲	1	513516	96.817024
47392	夏馥生	1	513517	96.817213
47393	套用	1	513518	96.817402
47394	套住	1	513519	96.817591
47395	套招	1	513520	96.817780
47396	套間	1	513521	96.817969
47397	套頭	1	513522	96.818158
47398	套餐	1	513523	96.818347
47399	娘子	1	513524	96.818536
47400	娘胎	1	513525	96.818725
47401	娜坦莉	1	513526	96.818914
47402	娜娜布麗姬妲	1	513527	96.819103
47403	娜塔麗柯芬歌	1	513528	96.819292
47404	娟秀	1	513529	96.819481
47405	娛樂片	1	513530	96.819670
47406	娛樂週刊	1	513531	96.819859
47407	娛樂業	1	513532	96.820048
47408	娓娓	1	513533	96.820237
47409	娓娓細談	1	513534	96.820426
47410	姬兒愛蘭黛	1	513535	96.820615
47411	娥皇	1	513536	96.820804
47412	娉婷	1	513537	96.820993
47413	孫小梅	1	513538	96.821182
47414	孫山	1	513539	96.821371
47415	孫文主義之中國國民黨	1	513540	96.821560
47416	孫自強	1	513541	96.821749
47417	孫季述	1	513542	96.821938
47418	孫承宗	1	513543	96.822127
47419	孫明賢	1	513544	96.822316
47420	孫逸仙	1	513545	96.822505
47421	孫毓汶	1	513546	96.822694
47422	孫運璿傳	1	513547	96.822883
47423	孫道符	1	513548	96.823072
47424	孫麗翠	1	513549	96.823261
47425	宰臣	1	513550	96.823450
47426	宰制性	1	513551	96.823639
47427	宰執官	1	513552	96.823828
47428	害人精	1	513553	96.824017
47429	害死人	1	513554	96.824206
47430	害慘	1	513555	96.824395
47431	害臊	1	513556	96.824584
47432	家小	1	513557	96.824773
47433	家用房車	1	513558	96.824962
47434	家用電腦	1	513559	96.825151
47435	家有喜事	1	513560	96.825340
47436	家具店	1	513561	96.825529
47437	家具業	1	513562	96.825718
47438	家室	1	513563	96.825907
47439	家政	1	513564	96.826096
47440	家計	1	513565	96.826285
47441	家家酒	1	513566	96.826474
47442	家庭式	1	513567	96.826663
47443	家庭汙水再處理系統	1	513568	96.826852
47444	家庭污水	1	513569	96.827041
47445	家庭背景	1	513570	96.827230
47446	家庭計畫	1	513571	96.827419
47447	家庭旅行車	1	513572	96.827608
47448	家庭教育中心	1	513573	96.827797
47449	家庭訪問	1	513574	96.827986
47450	家庭醫生	1	513575	96.828175
47451	家書	1	513576	96.828364
47452	家畜檢驗所	1	513577	96.828553
47453	家訓	1	513578	96.828742
47454	家財	1	513579	96.828931
47455	家國	1	513580	96.829120
47456	家常紅燒肉	1	513581	96.829309
47457	家族性老年性痴呆症	1	513582	96.829498
47458	家族健康譜	1	513583	96.829687
47459	家眷	1	513584	96.829876
47460	家鄉式	1	513585	96.830065
47461	家運	1	513586	96.830254
47462	家道	1	513587	96.830443
47463	家電部	1	513588	96.830632
47464	家電製品	1	513589	96.830821
47465	家電廠	1	513590	96.831010
47466	家福公司	1	513591	96.831199
47467	家管	1	513592	96.831388
47468	家廟	1	513593	96.831577
47469	家燕	1	513594	96.831766
47470	家醜	1	513595	96.831955
47471	家雞	1	513596	96.832144
47472	家蠅	1	513597	96.832333
47473	宴集	1	513598	96.832522
47474	宴賓	1	513599	96.832711
47475	宮女	1	513600	96.832900
47476	宮本和知	1	513601	96.833089
47477	宮林春	1	513602	96.833278
47478	宮門	1	513603	96.833467
47479	宮室	1	513604	96.833656
47480	宮婢	1	513605	96.833845
47481	宮堡	1	513606	96.834034
47482	宮澤內閣	1	513607	96.834223
47483	宮澤理惠	1	513608	96.834412
47484	宮燈	1	513609	96.834601
47485	宮檐	1	513610	96.834790
47486	宮闕	1	513611	96.834979
47487	宮竇片	1	513612	96.835168
47488	宵小	1	513613	96.835357
47489	宵禁	1	513614	96.835546
47490	容光煥發	1	513615	96.835735
47491	容忍度	1	513616	96.835924
47492	容或	1	513617	96.836113
47493	容國團	1	513618	96.836302
47494	容讓	1	513619	96.836491
47495	射手座	1	513620	96.836680
47496	射出成型	1	513621	96.836869
47497	射出成型機	1	513622	96.837058
47498	射穿	1	513623	96.837247
47499	射釘槍	1	513624	96.837436
47500	射殺	1	513625	96.837625
47501	射傷	1	513626	96.837814
47502	射精肌群	1	513627	96.838003
47503	射箭場	1	513628	96.838192
47504	射燈迷	1	513629	96.838381
47505	射覆	1	513630	96.838570
47506	屑片	1	513631	96.838759
47507	展示品	1	513632	96.838948
47508	展示室	1	513633	96.839137
47509	展示場	1	513634	96.839326
47510	展示間	1	513635	96.839515
47511	展示館	1	513636	96.839704
47512	展延	1	513637	96.839893
47513	展售	1	513638	96.840082
47514	展銷會	1	513639	96.840271
47515	展覽品	1	513640	96.840460
47516	展覽室	1	513641	96.840649
47517	展覽廳	1	513642	96.840838
47518	展顯	1	513643	96.841027
47519	峭拔	1	513644	96.841216
47520	峽道	1	513645	96.841405
47521	峽壁	1	513646	96.841594
47522	峻秀	1	513647	96.841783
47523	峻坡	1	513648	96.841972
47524	峻法	1	513649	96.842161
47525	峻巖	1	513650	96.842350
47526	峨嵋	1	513651	96.842539
47527	峰值輸出	1	513652	96.842728
47528	峰頂	1	513653	96.842917
47529	峰層	1	513654	96.843106
47530	島主	1	513655	96.843295
47531	島民	1	513656	96.843484
47532	島夷	1	513657	96.843673
47533	島國	1	513658	96.843862
47534	島國主義	1	513659	96.844051
47535	島群	1	513660	96.844240
47536	差劣	1	513661	96.844429
47537	差強人意	1	513662	96.844618
47538	差誤	1	513663	96.844807
47539	差遣	1	513664	96.844996
47540	席位	1	513665	96.845185
47541	席勒斯觀景臺	1	513666	96.845374
47542	席間	1	513667	96.845563
47543	席夢思床	1	513668	96.845752
47544	席爾斯百貨	1	513669	96.845941
47545	席與增	1	513670	96.846130
47546	席德進	1	513671	96.846319
47547	席應真	1	513672	96.846508
47548	席蘇魯	1	513673	96.846697
47549	師大附中	1	513674	96.846886
47550	師公	1	513675	96.847075
47551	師父引進門，修行在個人	1	513676	96.847264
47552	師出無名	1	513677	96.847453
47553	師生情未了	1	513678	96.847642
47554	師老兵疲	1	513679	96.847831
47555	師校	1	513680	96.848020
47556	師專	1	513681	96.848209
47557	師傳	1	513682	96.848398
47558	師爺	1	513683	96.848587
47559	師道	1	513684	96.848776
47560	師與友	1	513685	96.848965
47561	師範大學	1	513686	96.849154
47562	師範法	1	513687	96.849343
47563	師範教育法	1	513688	96.849532
47564	師範學院	1	513689	96.849721
47565	庫列雪夫	1	513690	96.849910
47566	庫西族	1	513691	96.850099
47567	庫伯力克	1	513692	96.850288
47568	庫克山	1	513693	96.850477
47569	庫房	1	513694	96.850666
47570	庫拉	1	513695	96.850855
47571	庫科奇	1	513696	96.851044
47572	庫修	1	513697	96.851233
47573	庫修王國	1	513698	96.851422
47574	庫瑞爾	1	513699	96.851611
47575	庫爾瑪	1	513700	96.851800
47576	庫銀	1	513701	96.851989
47577	庫德	1	513702	96.852178
47578	庫德族	1	513703	96.852367
47579	庫蘭格塔機場	1	513704	96.852556
47580	座上客	1	513705	96.852745
47581	座次	1	513706	96.852934
47582	座無虛席	1	513707	96.853123
47583	座艦	1	513708	96.853312
47584	弱女子	1	513709	96.853501
47585	弱冠	1	513710	96.853690
47586	弱陰	1	513711	96.853879
47587	弱智	1	513712	96.854068
47588	弱質	1	513713	96.854257
47589	徒子徒孫	1	513714	96.854446
47590	徒步慢跑區	1	513715	96.854635
47591	徒呼負負	1	513716	96.854824
47592	徒眾	1	513717	96.855013
47593	徒勞無功	1	513718	96.855202
47594	徐公美	1	513719	96.855391
47595	徐天榮	1	513720	96.855580
47596	徐木蘭	1	513721	96.855769
47597	徐永進	1	513722	96.855958
47598	徐州	1	513723	96.856147
47599	徐成焜	1	513724	96.856336
47600	徐行	1	513725	96.856525
47601	徐宏昇	1	513726	96.856714
47602	徐秀英	1	513727	96.856903
47603	徐育廷	1	513728	96.857092
47604	徐則森	1	513729	96.857281
47605	徐炳和	1	513730	96.857470
47606	徐徐地	1	513731	96.857659
47607	徐健華	1	513732	96.857848
47608	徐悲鴻	1	513733	96.858037
47609	徐義雄	1	513734	96.858226
47610	徐達光	1	513735	96.858415
47611	徐翠嶺	1	513736	96.858604
47612	徐慶東	1	513737	96.858793
47613	徐霆	1	513738	96.858982
47614	恙蟲病	1	513739	96.859171
47615	恣情	1	513740	96.859360
47616	恣肆	1	513741	96.859549
47617	恐共	1	513742	96.859738
47618	恐共情結	1	513743	96.859927
47619	恐怖主義	1	513744	96.860116
47620	恐怖夜續集	1	513745	96.860305
47621	恐怖性神經症	1	513746	96.860494
47622	恐怖蠟像館	1	513747	96.860683
47623	恐龍大展	1	513748	96.860872
47624	恐龍世界	1	513749	96.861061
47625	恐龍洞	1	513750	96.861250
47626	恐龍蛋	1	513751	96.861439
47627	恐龍群	1	513752	96.861628
47628	恐龍裝	1	513753	96.861817
47629	恐龍夢幻國	1	513754	96.862006
47630	恐懼感	1	513755	96.862195
47631	恭恭敬敬	1	513756	96.862384
47632	恭祝	1	513757	96.862573
47633	恭送	1	513758	96.862762
47634	恭逢	1	513759	96.862951
47635	恭賀新禧	1	513760	96.863140
47636	恭親王	1	513761	96.863329
47637	恩人	1	513762	96.863518
47638	恩仇	1	513763	96.863707
47639	恩仇錄	1	513764	96.863896
47640	恩利凱	1	513765	96.864085
47641	恩威並濟	1	513766	96.864274
47642	恩怨分明	1	513767	96.864463
47643	恩怨史	1	513768	96.864652
47644	恩德	1	513769	96.864841
47645	恩澤	1	513770	96.865030
47646	息肉	1	513771	96.865219
47647	息影	1	513772	96.865408
47648	悄立	1	513773	96.865597
47649	悟空	1	513774	96.865786
47650	悟空樂園	1	513775	96.865975
47651	悚慄	1	513776	96.866164
47652	悚懼	1	513777	96.866353
47653	悍徒	1	513778	96.866542
47654	悍衛	1	513779	96.866731
47655	悔改	1	513780	96.866920
47656	悔過書	1	513781	96.867109
47657	悅人	1	513782	96.867298
47658	悅情	1	513783	96.867487
47659	悅樂	1	513784	96.867676
47660	悖亂	1	513785	96.867865
47661	扇形	1	513786	96.868054
47662	拳測法	1	513787	96.868243
47663	拳擊	1	513788	96.868432
47664	拳擊賽	1	513789	96.868621
47665	拿大頂	1	513790	96.868810
47666	拿不定	1	513791	96.868999
47667	拿手絕活	1	513792	96.869188
47668	拿回	1	513793	96.869377
47669	拿起來	1	513794	96.869566
47670	拿問	1	513795	96.869755
47671	拿掉	1	513796	96.869944
47672	拿握	1	513797	96.870133
47673	拿開	1	513798	96.870322
47674	挾取	1	513799	96.870511
47675	挾帶	1	513800	96.870700
47676	振振	1	513801	96.870889
47677	振翅高飛	1	513802	96.871078
47678	振衰起敝	1	513803	96.871267
47679	振盪	1	513804	96.871456
47680	捕手	1	513805	96.871645
47681	捕犬隊	1	513806	96.871834
47682	捕足	1	513807	96.872023
47683	捕魚區	1	513808	96.872212
47684	捕撈	1	513809	96.872401
47685	捕獵	1	513810	96.872590
47686	捕蟲	1	513811	96.872779
47687	捕蠅紙	1	513812	96.872968
47688	捕鯨國	1	513813	96.873157
47689	捆包	1	513814	96.873346
47690	捆包繩	1	513815	96.873535
47691	捆綁	1	513816	96.873724
47692	捏合	1	513817	96.873913
47693	捏泥巴	1	513818	96.874102
47694	捏捏	1	513819	96.874291
47695	捏破	1	513820	96.874480
47696	捏麵	1	513821	96.874669
47697	捏坯	1	513822	96.874858
47698	捉妖	1	513823	96.875047
47699	捉狹	1	513824	96.875236
47700	挺出	1	513825	96.875425
47701	挺而走險	1	513826	96.875614
47702	挺拔	1	513827	96.875803
47703	挺峻	1	513828	96.875992
47704	挺起	1	513829	96.876181
47705	捐血中心	1	513830	96.876370
47706	捐血者	1	513831	96.876559
47707	捐官	1	513832	96.876748
47708	捐建	1	513833	96.876937
47709	捐校	1	513834	96.877126
47710	捐棄	1	513835	96.877315
47711	捐款箱	1	513836	96.877504
47712	捐資	1	513837	96.877693
47713	捐錢	1	513838	96.877882
47714	捐軀	1	513839	96.878071
47715	捐贈人	1	513840	96.878260
47716	挽留	1	513841	96.878449
47717	挽髮	1	513842	96.878638
47718	挪威文	1	513843	96.878827
47719	挪移	1	513844	96.879016
47720	挫刀	1	513845	96.879205
47721	挫低	1	513846	96.879394
47722	挫退	1	513847	96.879583
47723	挫傷	1	513848	96.879772
47724	挨次	1	513849	96.879961
47725	挨揍	1	513850	96.880150
47726	挨擦	1	513851	96.880339
47727	捍動	1	513852	96.880528
47728	捍衛	1	513853	96.880717
47729	捍衛戰士	1	513854	96.880906
47730	敉平	1	513855	96.881095
47731	料子	1	513856	96.881284
47732	料筒	1	513857	96.881473
47733	旁枝	1	513858	96.881662
47734	旁道	1	513859	96.881851
47735	旅次	1	513860	96.882040
47736	旅行者	1	513861	96.882229
47737	旅行家	1	513862	96.882418
47738	旅行袋	1	513863	96.882607
47739	旅社	1	513864	96.882796
47740	旅遊手冊	1	513865	96.882985
47741	旅遊促進局	1	513866	96.883174
47742	旅遊票	1	513867	96.883363
47743	旅遊業	1	513868	96.883552
47744	旅鼠	1	513869	96.883741
47745	旅館區	1	513870	96.883930
47746	時不我予	1	513871	96.884119
47747	時代週刊	1	513872	96.884308
47748	時光機器	1	513873	96.884497
47749	時宜性	1	513874	96.884686
47750	時空捍將	1	513875	96.884875
47751	時空錯置	1	513876	96.885064
47752	時空隧道	1	513877	96.885253
47753	時空攔截	1	513878	96.885442
47754	時政	1	513879	96.885631
47755	時限	1	513880	96.885820
47756	時區	1	513881	96.886009
47757	時速錶	1	513882	96.886198
47758	時報世界華文廣告獎	1	513883	96.886387
47759	時間感	1	513884	96.886576
47760	時間論	1	513885	96.886765
47761	時勢造英雄	1	513886	96.886954
47762	時裝界	1	513887	96.887143
47763	時運不濟	1	513888	96.887332
47764	時過境遷	1	513889	96.887521
47765	時髦車	1	513890	96.887710
47766	時價	1	513891	96.887899
47767	時興	1	513892	96.888088
47768	時薪	1	513893	96.888277
47769	時鮮	1	513894	96.888466
47770	晉代	1	513895	96.888655
47771	晉用	1	513896	96.888844
47772	晉昇	1	513897	96.889033
47773	晉武帝	1	513898	96.889222
47774	晉書	1	513899	96.889411
47775	晉朝	1	513900	96.889600
47776	晉階	1	513901	96.889789
47777	晃晃	1	513902	96.889978
47778	晃動量	1	513903	96.890167
47779	晒書	1	513904	96.890356
47780	晌午	1	513905	96.890545
47781	晁悅	1	513906	96.890734
47782	書丹	1	513907	96.890923
47783	書到用時方恨少	1	513908	96.891112
47784	書卷	1	513909	96.891301
47785	書卷氣	1	513910	96.891490
47786	書法研習社	1	513911	96.891679
47787	書法家	1	513912	96.891868
47788	書法集	1	513913	96.892057
47789	書屋	1	513914	96.892246
47790	書香門第	1	513915	96.892435
47791	書桌椅	1	513916	96.892624
47792	書單	1	513917	96.892813
47793	書報架	1	513918	96.893002
47794	書扉	1	513919	96.893191
47795	書評家	1	513920	96.893380
47796	書費	1	513921	96.893569
47797	書鼓	1	513922	96.893758
47798	書摘	1	513923	96.893947
47799	書幟	1	513924	96.894136
47800	書蝨	1	513925	96.894325
47801	書齋	1	513926	96.894514
47802	書櫃	1	513927	96.894703
47803	書簡	1	513928	96.894892
47804	書蟲	1	513929	96.895081
47805	書櫥	1	513930	96.895270
47806	書簿	1	513931	96.895459
47807	書攤	1	513932	96.895648
47808	朕兆	1	513933	96.895837
47809	朗朗上口	1	513934	96.896026
47810	朗磨大寺	1	513935	96.896215
47811	校友獎	1	513936	96.896404
47812	校名	1	513937	96.896593
47813	校址	1	513938	96.896782
47814	校服	1	513939	96.896971
47815	校門口	1	513940	96.897160
47816	校訊	1	513941	96.897349
47817	校訓	1	513942	96.897538
47818	校景	1	513943	96.897727
47819	校運會	1	513944	96.897916
47820	校對	1	513945	96.898105
47821	校聞	1	513946	96.898294
47822	校稿	1	513947	96.898483
47823	校徽	1	513948	96.898672
47824	校醫	1	513949	96.898861
47825	核一廠	1	513950	96.899050
47826	核二	1	513951	96.899239
47827	核子化	1	513952	96.899428
47828	核子反應堆	1	513953	96.899617
47829	核子武器	1	513954	96.899806
47830	核子業	1	513955	96.899995
47831	核子廢料	1	513956	96.900184
47832	核子彈	1	513957	96.900373
47833	核子潛艇	1	513958	96.900562
47834	核心抗體	1	513959	96.900751
47835	核四預算案	1	513960	96.900940
47836	核光總動員	1	513961	96.901129
47837	核多角體病	1	513962	96.901318
47838	核安三號演習	1	513963	96.901507
47839	核決	1	513964	96.901696
47840	核果	1	513965	96.901885
47841	核武戰爭	1	513966	96.902074
47842	核查站	1	513967	96.902263
47843	核能火箭	1	513968	96.902452
47844	核能自主工業	1	513969	96.902641
47845	核能組	1	513970	96.902830
47846	核能發電	1	513971	96.903019
47847	核能電池	1	513972	96.903208
47848	核能廠	1	513973	96.903397
47849	核配	1	513974	96.903586
47850	核動力	1	513975	96.903775
47851	核動力船	1	513976	96.903964
47852	核動力潛艇	1	513977	96.904153
47853	核黃素	1	513978	96.904342
47854	核聘	1	513979	96.904531
47855	核電	1	513980	96.904720
47856	核熔合反應	1	513981	96.904909
47857	核熔合能量	1	513982	96.905098
47858	核彈頭	1	513983	96.905287
47859	核燃料	1	513984	96.905476
47860	核糖	1	513985	96.905665
47861	核糖核酸	1	513986	96.905854
47862	案板	1	513987	96.906043
47863	框架	1	513988	96.906232
47864	根柢	1	513989	96.906421
47865	根納阿爾巴克	1	513990	96.906610
47866	根莖類	1	513991	96.906799
47867	根結	1	513992	96.906988
47868	根端	1	513993	96.907177
47869	根器	1	513994	96.907366
47870	桂太郎	1	513995	96.907555
47871	桂竹林	1	513996	96.907744
47872	桂花	1	513997	96.907933
47873	桂冠	1	513998	96.908122
47874	桂圓	1	513999	96.908311
47875	桂圓乾	1	514000	96.908500
47876	桔餅	1	514001	96.908689
47877	梳妝盒	1	514002	96.908878
47878	梳直	1	514003	96.909067
47879	梳理	1	514004	96.909256
47880	桌上型電腦	1	514005	96.909445
47881	桌球室	1	514006	96.909634
47882	桌球桌	1	514007	96.909823
47883	桌罩	1	514008	96.910012
47884	桑田	1	514009	96.910201
47885	桑梓	1	514010	96.910390
47886	桑富士	1	514011	96.910579
47887	桑結嘉措	1	514012	96.910768
47888	桑德斯	1	514013	96.910957
47889	桑樹	1	514014	96.911146
47890	桑樹林	1	514015	96.911335
47891	桑葚	1	514016	96.911524
47892	栽落	1	514017	96.911713
47893	栽種	1	514018	96.911902
47894	栽贓	1	514019	96.912091
47895	柴田駿	1	514020	96.912280
47896	柴杉木	1	514021	96.912469
47897	柴房	1	514022	96.912658
47898	柴油渦輪增壓引擎	1	514023	96.912847
47899	柴契爾	1	514024	96.913036
47900	柴魚	1	514025	96.913225
47901	柴薪	1	514026	96.913414
47902	格子狀	1	514027	96.913603
47903	格夫根	1	514028	96.913792
47904	格列佛遊記	1	514029	96.913981
47905	格里特文字	1	514030	96.914170
47906	格拉夫莊園	1	514031	96.914359
47907	格林納威	1	514032	96.914548
47908	格林蘭	1	514033	96.914737
47909	格林蘭海	1	514034	96.914926
47910	格律	1	514035	96.915115
47911	格倫湖鄉村俱樂部	1	514036	96.915304
47912	格倫魯葉	1	514037	96.915493
47913	格格	1	514038	96.915682
47914	格殺勿論	1	514039	96.915871
47915	格陵蘭島	1	514040	96.916060
47916	格雷西國家公園	1	514041	96.916249
47917	格爾尼卡	1	514042	96.916438
47918	格魯派	1	514043	96.916627
47919	格蘭陽性球菌	1	514044	96.916816
47920	桃山	1	514045	96.917005
47921	桃市	1	514046	96.917194
47922	桃竹苗	1	514047	96.917383
47923	桃色	1	514048	96.917572
47924	桃色事件	1	514049	96.917761
47925	桃花塢	1	514050	96.917950
47926	桃花澗	1	514051	96.918139
47927	桃客	1	514052	96.918328
47928	桃紅色	1	514053	96.918517
47929	桃符春牌	1	514054	96.918706
47930	桃園寶鎮	1	514055	96.918895
47931	桃澗堡	1	514056	96.919084
47932	株連	1	514057	96.919273
47933	桁架	1	514058	96.919462
47934	殊途同歸	1	514059	96.919651
47935	殉情	1	514060	96.919840
47936	殉情記	1	514061	96.920029
47937	殉節	1	514062	96.920218
47938	殉道者	1	514063	96.920407
47939	殉難者	1	514064	96.920596
47940	殷文俊	1	514065	96.920785
47941	殷周	1	514066	96.920974
47942	殷海光	1	514067	96.921163
47943	殷素素	1	514068	96.921352
47944	殷商時代	1	514069	96.921541
47945	殷鑑	1	514070	96.921730
47946	殷鑑不遠	1	514071	96.921919
47947	氣化狀	1	514072	96.922108
47948	氣孔	1	514073	96.922297
47949	氣宇非凡	1	514074	96.922486
47950	氣宇軒昂	1	514075	96.922675
47951	氣冷式	1	514076	96.922864
47952	氣吞山海	1	514077	96.923053
47953	氣味相投	1	514078	96.923242
47954	氣味彈	1	514079	96.923431
47955	氣忿	1	514080	96.923620
47956	氣昏	1	514081	96.923809
47957	氣泡捕食法	1	514082	96.923998
47958	氣泡雲	1	514083	96.924187
47959	氣門電子噴油引撆	1	514084	96.924376
47960	氣促	1	514085	96.924565
47961	氣流風切聲	1	514086	96.924754
47962	氣炸	1	514087	96.924943
47963	氣候史	1	514088	96.925132
47964	氣候學	1	514089	96.925321
47965	氣動式	1	514090	96.925510
47966	氣清景明	1	514091	96.925699
47967	氣喘性肺炎	1	514092	96.925888
47968	氣喘喘	1	514093	96.926077
47969	氣悶	1	514094	96.926266
47970	氣惱	1	514095	96.926455
47971	氣焰	1	514096	96.926644
47972	氣短	1	514097	96.926833
47973	氣窗	1	514098	96.927022
47974	氣絕	1	514099	96.927211
47975	氣象中心	1	514100	96.927400
47976	氣象觀察員	1	514101	96.927589
47977	氣量	1	514102	96.927778
47978	氣傲心高	1	514103	96.927967
47979	氣溶膠	1	514104	96.928156
47980	氣嘟嘟	1	514105	96.928345
47981	氣管炎	1	514106	96.928534
47982	氣數	1	514107	96.928723
47983	氣輝光譜儀	1	514108	96.928912
47984	氣燄逼人	1	514109	96.929101
47985	氣頭	1	514110	96.929290
47986	氣壓式懸掛	1	514111	96.929479
47987	氣鎖門	1	514112	96.929668
47988	氣壞	1	514113	96.929857
47989	氣體雲	1	514114	96.930046
47990	氣壩	1	514115	96.930235
47991	氧化	1	514116	96.930424
47992	氧化金屬物	1	514117	96.930613
47993	氧氣面罩	1	514118	96.930802
47994	氧氣筒	1	514119	96.930991
47995	氧量	1	514120	96.931180
47996	氨水	1	514121	96.931369
47997	氦氣	1	514122	96.931558
47998	泰一神祀	1	514123	96.931747
47999	泰山基金會	1	514124	96.931936
48000	泰山鄉	1	514125	96.932125
48001	泰戈爾	1	514126	96.932314
48002	泰卡傣語系	1	514127	96.932503
48003	泰州	1	514128	96.932692
48004	泰和	1	514129	96.932881
48005	泰南	1	514130	96.933070
48006	泰柬	1	514131	96.933259
48007	泰姬瑪哈	1	514132	96.933448
48008	泰勒	1	514133	96.933637
48009	泰國人	1	514134	96.933826
48010	泰國指數型認股權證	1	514135	96.934015
48011	泰晤士	1	514136	96.934204
48012	泰晤士報	1	514137	96.934393
48013	泰莉	1	514138	96.934582
48014	泰然自若	1	514139	96.934771
48015	泰菲	1	514140	96.934960
48016	泰雅文化	1	514141	96.935149
48017	泰瑞西阿斯	1	514142	96.935338
48018	泰境	1	514143	96.935527
48019	泰德‧肖恩	1	514144	96.935716
48020	泰德丹森	1	514145	96.935905
48021	泰緬菜	1	514146	96.936094
48022	浪漫主義	1	514147	96.936283
48023	浪漫派	1	514148	96.936472
48024	浪蝶狂花	1	514149	96.936661
48025	浪蕩	1	514150	96.936850
48026	浪擲	1	514151	96.937039
48027	涕丟斯‧卡麥	1	514152	96.937228
48028	涕泣	1	514153	96.937417
48029	消化循環腔	1	514154	96.937606
48030	消化道病原菌	1	514155	96.937795
48031	消幻	1	514156	96.937984
48032	消火氣	1	514157	96.938173
48033	消失的一九四三	1	514158	96.938362
48034	消失無蹤	1	514159	96.938551
48035	消災	1	514160	96.938740
48036	消災解厄	1	514161	96.938929
48037	消防系統	1	514162	96.939118
48038	消防車	1	514163	96.939307
48039	消防栓	1	514164	96.939496
48040	消防逃生系統	1	514165	96.939685
48041	消防設施	1	514166	96.939874
48042	消防設備	1	514167	96.940063
48043	消夜	1	514168	96.940252
48044	消炎眼藥水	1	514169	96.940441
48045	消保法	1	514170	96.940630
48046	消毒法	1	514171	96.940819
48047	消毒液	1	514172	96.941008
48048	消音器	1	514173	96.941197
48049	消息面	1	514174	96.941386
48050	消耗量	1	514175	96.941575
48051	消臭	1	514176	96.941764
48052	消散	1	514177	96.941953
48053	消渴症	1	514178	96.942142
48054	消費市場	1	514179	96.942331
48055	消費合作社	1	514180	96.942520
48056	消費性放款	1	514181	96.942709
48057	消費性貸款	1	514182	96.942898
48058	消費物	1	514183	96.943087
48059	消費者物價指數	1	514184	96.943276
48060	消費者基金會	1	514185	96.943465
48061	消費能力	1	514186	96.943654
48062	消費量	1	514187	96.943843
48063	消費潛力	1	514188	96.944032
48064	消費權	1	514189	96.944221
48065	消歇	1	514190	96.944410
48066	消瘦	1	514191	96.944599
48067	消融	1	514192	96.944788
48068	消聲器	1	514193	96.944977
48069	消警	1	514194	96.945166
48070	浦東話	1	514195	96.945355
48071	浦島效應	1	514196	96.945544
48072	浸溼	1	514197	96.945733
48073	海‧倫娜	1	514198	96.945922
48074	海上公園	1	514199	96.946111
48075	海上巴士	1	514200	96.946300
48076	海上共和國	1	514201	96.946489
48077	海上師	1	514202	96.946678
48078	海山	1	514203	96.946867
48079	海水倒灌	1	514204	96.947056
48080	海外基金	1	514205	96.947245
48081	海尼根啤酒	1	514206	96.947434
48082	海吉斯瓦尼葉	1	514207	96.947623
48083	海羊齒	1	514208	96.947812
48084	海妖	1	514209	96.948001
48085	海床	1	514210	96.948190
48086	海角	1	514211	96.948379
48087	海角天涯	1	514212	96.948568
48088	海事工程專家	1	514213	96.948757
48089	海味	1	514214	96.948946
48090	海定	1	514215	96.949135
48091	海岸公路	1	514216	96.949324
48092	海岸風景特定區管理處	1	514217	96.949513
48093	海底動物園	1	514218	96.949702
48094	海底雞	1	514219	96.949891
48095	海泳	1	514220	96.950080
48096	海泳隊	1	514221	96.950269
48097	海狗鞭	1	514222	96.950458
48098	海金山	1	514223	96.950647
48099	海金魚	1	514224	96.950836
48100	海門山	1	514225	96.951025
48101	海南行政區	1	514226	96.951214
48102	海枯石爛	1	514227	96.951403
48103	海柏公園	1	514228	96.951592
48104	海洋公園	1	514229	96.951781
48105	海洋文明	1	514230	96.951970
48106	海洋世界	1	514231	96.952159
48107	海洋生物體	1	514232	96.952348
48108	海洋生態	1	514233	96.952537
48109	海洋型氣候	1	514234	96.952726
48110	海洋研究所	1	514235	96.952915
48111	海洋科學研究中心	1	514236	96.953104
48112	海洋動物	1	514237	96.953293
48113	海洋學院	1	514238	96.953482
48114	海派	1	514239	96.953671
48115	海派文化	1	514240	96.953860
48116	海珊	1	514241	96.954049
48117	海茄苳	1	514242	96.954238
48118	海軍巡防司令部	1	514243	96.954427
48119	海軍學院	1	514244	96.954616
48120	海倫凱勒	1	514245	96.954805
48121	海島地	1	514246	96.954994
48122	海島經濟	1	514247	96.955183
48123	海神廟	1	514248	96.955372
48124	海草	1	514249	96.955561
48125	海草房	1	514250	96.955750
48126	海豹類	1	514251	96.955939
48127	海馬	1	514252	96.956128
48128	海參崴	1	514253	96.956317
48129	海國	1	514254	96.956506
48130	海產魚	1	514255	96.956695
48131	海蛇	1	514256	96.956884
48132	海豚類	1	514257	96.957073
48133	海陵紀	1	514258	96.957262
48134	海陸王	1	514259	96.957451
48135	海鳥	1	514260	96.957640
48136	海棠紅	1	514261	96.957829
48137	海棉墊	1	514262	96.958018
48138	海盜王國	1	514263	96.958207
48139	海盜裝	1	514264	96.958396
48140	海象	1	514265	96.958585
48141	海鄉	1	514266	96.958774
48142	海雲	1	514267	96.958963
48143	海滄計畫	1	514268	96.959152
48144	海獅	1	514269	96.959341
48145	海瑞罷官	1	514270	96.959530
48146	海葵魚	1	514271	96.959719
48147	海路	1	514272	96.959908
48148	海遊館	1	514273	96.960097
48149	海道	1	514274	96.960286
48150	海誓山盟	1	514275	96.960475
48151	海德公園	1	514276	96.960664
48152	海潮	1	514277	96.960853
48153	海貓	1	514278	96.961042
48154	海龍王	1	514279	96.961231
48155	海濤聲	1	514280	96.961420
48156	海聲	1	514281	96.961609
48157	海螺	1	514282	96.961798
48158	海鮮樓	1	514283	96.961987
48159	海檬果	1	514284	96.962176
48160	海豐劇團	1	514285	96.962365
48161	海疆	1	514286	96.962554
48162	海霧	1	514287	96.962743
48163	海權	1	514288	96.962932
48164	海灘管理員	1	514289	96.963121
48165	海鰻	1	514290	96.963310
48166	海鷗	1	514291	96.963499
48167	海灣大橋	1	514292	96.963688
48168	海鬣蜥	1	514293	96.963877
48169	海驢	1	514294	96.964066
48170	海岬	1	514295	96.964255
48171	涓涓	1	514296	96.964444
48172	涓涓細流	1	514297	96.964633
48173	涉案人	1	514298	96.964822
48174	涉溪	1	514299	96.965011
48175	涉禽	1	514300	96.965200
48176	浮世	1	514301	96.965389
48177	浮世書簡	1	514302	96.965578
48178	浮玉山	1	514303	96.965767
48179	浮石	1	514304	96.965956
48180	浮光掠影	1	514305	96.966145
48181	浮面	1	514306	96.966334
48182	浮浮沉沉	1	514307	96.966523
48183	浮草物語	1	514308	96.966712
48184	浮報	1	514309	96.966901
48185	浮游	1	514310	96.967090
48186	浮游生物	1	514311	96.967279
48187	浮腫	1	514312	96.967468
48188	浮圖寺	1	514313	96.967657
48189	浮漾	1	514314	96.967846
48190	浮潛	1	514315	96.968035
48191	浮濫	1	514316	96.968224
48192	浚理	1	514317	96.968413
48193	浚儀	1	514318	96.968602
48194	浴火重生	1	514319	96.968791
48195	浴盆	1	514320	96.968980
48196	浴廁	1	514321	96.969169
48197	浴蘭室	1	514322	96.969358
48198	浩宮德仁	1	514323	96.969547
48199	浩氣	1	514324	96.969736
48200	浩然	1	514325	96.969925
48201	涅槃	1	514326	96.970114
48202	涅槃經	1	514327	96.970303
48203	烘烤	1	514328	96.970492
48204	烤玉米	1	514329	96.970681
48205	烤肉店	1	514330	96.970870
48206	烤肉區	1	514331	96.971059
48207	烤料	1	514332	96.971248
48208	烤乾	1	514333	96.971437
48209	烤蛇麵	1	514334	96.971626
48210	烤熟	1	514335	96.971815
48211	烤熱	1	514336	96.972004
48212	烤鴨店	1	514337	96.972193
48213	烤麵包	1	514338	96.972382
48214	烙上	1	514339	96.972571
48215	烙存	1	514340	96.972760
48216	烈性	1	514341	96.972949
48217	烈燄	1	514342	96.973138
48218	烏士騭	1	514343	96.973327
48219	烏山頭	1	514344	96.973516
48220	烏山頭水庫	1	514345	96.973705
48221	烏干達共和國	1	514346	96.973894
48222	烏巴爾	1	514347	96.974083
48223	烏日	1	514348	96.974272
48224	烏石港	1	514349	96.974461
48225	烏托邦	1	514350	96.974650
48226	烏克蘭人	1	514351	96.974839
48227	烏孜別克	1	514352	96.975028
48228	烏拉山	1	514353	96.975217
48229	烏拉泊	1	514354	96.975406
48230	烏拉萊新	1	514355	96.975595
48231	烏盆	1	514356	96.975784
48232	烏孫人	1	514357	96.975973
48233	烏格里特文書	1	514358	96.976162
48234	烏紗帽	1	514359	96.976351
48235	烏茲	1	514360	96.976540
48236	烏茲槍	1	514361	96.976729
48237	烏茲衝鋒槍	1	514362	96.976918
48238	烏鬼	1	514363	96.977107
48239	烏斯它沙	1	514364	96.977296
48240	烏斯寇肯人	1	514365	96.977485
48241	烏雲密布	1	514366	96.977674
48242	烏腳病	1	514367	96.977863
48243	烏爾	1	514368	96.978052
48244	烏爾發	1	514369	96.978241
48245	烏魯瓦圖寺	1	514370	96.978430
48246	烏頭翁	1	514371	96.978619
48247	烏龍院	1	514372	96.978808
48248	烏龍潭	1	514373	96.978997
48249	烏蘭哈達理事通判廳	1	514374	96.979186
48250	爹地，我要活下去	1	514375	96.979375
48251	爹爹	1	514376	96.979564
48252	特工	1	514377	96.979753
48253	特支費	1	514378	96.979942
48254	特立獨行	1	514379	96.980131
48255	特考	1	514380	96.980320
48256	特別助理	1	514381	96.980509
48257	特別委員會	1	514382	96.980698
48258	特別法	1	514383	96.980887
48259	特別貢獻獎	1	514384	96.981076
48260	特快	1	514385	96.981265
48261	特攻隊	1	514386	96.981454
48262	特里那基耶島	1	514387	96.981643
48263	特來	1	514388	96.981832
48264	特定區	1	514389	96.982021
48265	特拉古里昂	1	514390	96.982210
48266	特拉斯寇真鎮	1	514391	96.982399
48267	特派	1	514392	96.982588
48268	特派員	1	514393	96.982777
48269	特洛伊人	1	514394	96.982966
48270	特洛伊戰士	1	514395	96.983155
48271	特約商店	1	514396	96.983344
48272	特約醫院	1	514397	96.983533
48273	特殊效果	1	514398	96.983722
48274	特殊教育學校	1	514399	96.983911
48275	特殊奧運	1	514400	96.984100
48276	特異性	1	514401	96.984289
48277	特許主義	1	514402	96.984478
48278	特設	1	514403	96.984667
48279	特發性	1	514404	96.984856
48280	特發性股骨頭壞死	1	514405	96.985045
48281	特福萊	1	514406	96.985234
48282	特種	1	514407	96.985423
48283	特種考試	1	514408	96.985612
48284	特遣家	1	514409	96.985801
48285	特賣會	1	514410	96.985990
48286	特選	1	514411	96.986179
48287	特餐	1	514412	96.986368
48288	特蘭戈山無名塔峰	1	514413	96.986557
48289	狼尾草	1	514414	96.986746
48290	狼街	1	514415	96.986935
48291	狹地	1	514416	96.987124
48292	狹處	1	514417	96.987313
48293	狹道	1	514418	96.987502
48294	狹寬	1	514419	96.987691
48295	班子	1	514420	96.987880
48296	班夫大道	1	514421	96.988069
48297	班毛	1	514422	96.988258
48298	班代	1	514423	96.988447
48299	班刊	1	514424	96.988636
48300	班次表	1	514425	96.988825
48301	班車	1	514426	96.989014
48302	班斧國家公園	1	514427	96.989203
48303	班花	1	514428	96.989392
48304	班門弄斧	1	514429	96.989581
48305	班荊館	1	514430	96.989770
48306	班超	1	514431	96.989959
48307	班農峽	1	514432	96.990148
48308	班際	1	514433	96.990337
48309	班頭	1	514434	96.990526
48310	班聯會	1	514435	96.990715
48311	琉璃光養生中心	1	514436	96.990904
48312	琉璃珠	1	514437	96.991093
48313	琉璃磚	1	514438	96.991282
48314	琉璃廡殿頂	1	514439	96.991471
48315	珮玉	1	514440	96.991660
48316	珠母	1	514441	96.991849
48317	珠玉	1	514442	96.992038
48318	珠江	1	514443	96.992227
48319	珠江流域	1	514444	96.992416
48320	珠冠	1	514445	96.992605
48321	珠璣	1	514446	96.992794
48322	珠簾	1	514447	96.992983
48323	珠寶店	1	514448	96.993172
48324	畜牧業	1	514449	96.993361
48325	畜牲	1	514450	96.993550
48326	畚鑊	1	514451	96.993739
48327	留白處	1	514452	96.993928
48328	留名	1	514453	96.994117
48329	留存率	1	514454	96.994306
48330	留步	1	514455	96.994495
48331	留言	1	514456	96.994684
48332	留言冊	1	514457	96.994873
48333	留言簿	1	514458	96.995062
48334	留芳百世	1	514459	96.995251
48335	留俄	1	514460	96.995440
48336	留待	1	514461	96.995629
48337	留洋	1	514462	96.995818
48338	留校	1	514463	96.996007
48339	留連	1	514464	96.996196
48340	留連忘返	1	514465	96.996385
48341	留置	1	514466	96.996574
48342	留滯	1	514467	96.996763
48343	留歐	1	514468	96.996952
48344	留駐	1	514469	96.997141
48345	疾行	1	514470	96.997330
48346	疾言令色	1	514471	96.997519
48347	疾言厲色	1	514472	96.997708
48348	疾呼	1	514473	96.997897
48349	疾風	1	514474	96.998086
48350	疾飛	1	514475	96.998275
48351	疾病防治中心	1	514476	96.998464
48352	疾病帶原犬	1	514477	96.998653
48353	病厄宮	1	514478	96.998842
48354	病牙	1	514479	96.999031
48355	病卡	1	514480	96.999220
48356	病史卡列車	1	514481	96.999409
48357	病史卡軌道	1	514482	96.999598
48358	病兆	1	514483	96.999787
48359	病危	1	514484	96.999976
48360	病灶牙	1	514485	97.000165
48361	病邪	1	514486	97.000354
48362	病兒	1	514487	97.000543
48363	病者	1	514488	97.000732
48364	病急亂投醫	1	514489	97.000921
48365	病故	1	514490	97.001110
48366	病原性	1	514491	97.001299
48367	病員	1	514492	97.001488
48368	病家	1	514493	97.001677
48369	病案	1	514494	97.001866
48370	病理切片	1	514495	97.002055
48371	病殘	1	514496	97.002244
48372	病程	1	514497	97.002433
48373	病腎	1	514498	97.002622
48374	病象	1	514499	97.002811
48375	病勢	1	514500	97.003000
48376	病源	1	514501	97.003189
48377	病號	1	514502	97.003378
48378	病榻	1	514503	97.003567
48379	病種	1	514504	97.003756
48380	病癥	1	514505	97.003945
48381	病懨懨	1	514506	97.004134
48382	症候表	1	514507	97.004323
48383	疲於奔命	1	514508	97.004512
48384	疲倦症	1	514509	97.004701
48385	疲勞轟炸	1	514510	97.004890
48386	疲頑	1	514511	97.005079
48387	疲弊	1	514512	97.005268
48388	疲憊感	1	514513	97.005457
48389	益加	1	514514	97.005646
48390	益形	1	514515	97.005835
48391	益都縣志	1	514516	97.006024
48392	益發	1	514517	97.006213
48393	益華食品	1	514518	97.006402
48394	益壽	1	514519	97.006591
48395	眩人	1	514520	97.006780
48396	真人真事	1	514521	97.006969
48397	真心誠意	1	514522	97.007158
48398	真平等	1	514523	97.007347
48399	真田廣之	1	514524	97.007536
48400	真皮門飾板	1	514525	97.007725
48401	真兇	1	514526	97.007914
48402	真材實料	1	514527	97.008103
48403	真言	1	514528	97.008292
48404	真空期	1	514529	97.008481
48405	真金	1	514530	97.008670
48406	真品	1	514531	97.008859
48407	真耶穌教會	1	514532	97.009048
48408	真病	1	514533	97.009237
48409	真情流露	1	514534	97.009426
48410	真黑素	1	514535	97.009615
48411	真傳	1	514536	97.009804
48412	真意	1	514537	97.009993
48413	真感情	1	514538	97.010182
48414	真話	1	514539	97.010371
48415	真實面	1	514540	97.010560
48416	真確	1	514541	97.010749
48417	真臘	1	514542	97.010938
48418	眨眼	1	514543	97.011127
48419	眨眼睛	1	514544	97.011316
48420	矩陣	1	514545	97.011505
48421	矩陣式	1	514546	97.011694
48422	砰然	1	514547	97.011883
48423	砸石	1	514548	97.012072
48424	砸場	1	514549	97.012261
48425	砸裂	1	514550	97.012450
48426	砸壞	1	514551	97.012639
48427	砝碼	1	514552	97.012828
48428	破土而出	1	514553	97.013017
48429	破布子	1	514554	97.013206
48430	破冰	1	514555	97.013395
48431	破戒	1	514556	97.013584
48432	破肚	1	514557	97.013773
48433	破屋	1	514558	97.013962
48434	破衫	1	514559	97.014151
48435	破格	1	514560	97.014340
48436	破釜沉舟	1	514561	97.014529
48437	破產法	1	514562	97.014718
48438	破產者	1	514563	97.014907
48439	破綻百出	1	514564	97.015096
48440	破銅爛鐵	1	514565	97.015285
48441	破潰	1	514566	97.015474
48442	破壞者	1	514567	97.015663
48443	破繭而出	1	514568	97.015852
48444	破籃子	1	514569	97.016041
48445	破罐破摔	1	514570	97.016230
48446	破鑼嗓子	1	514571	97.016419
48447	砭石	1	514572	97.016608
48448	砲口	1	514573	97.016797
48449	砲兵	1	514574	97.016986
48450	砲艇	1	514575	97.017175
48451	砲臺	1	514576	97.017364
48452	砲銅	1	514577	97.017553
48453	砲樓	1	514578	97.017742
48454	砲轟	1	514579	97.017931
48455	祕辛	1	514580	97.018120
48456	祕密警察	1	514581	97.018309
48457	祐助	1	514582	97.018498
48458	祠宇	1	514583	97.018687
48459	祖師爺	1	514584	97.018876
48460	祖師廟	1	514585	97.019065
48461	祖泰能的誘惑	1	514586	97.019254
48462	祖產	1	514587	97.019443
48463	祖德	1	514588	97.019632
48464	祖魯族	1	514589	97.019821
48465	神女	1	514590	97.020010
48466	神山征二郎	1	514591	97.020199
48467	神不守舍	1	514592	97.020388
48468	神不知鬼不覺	1	514593	97.020577
48469	神戶高商	1	514594	97.020766
48470	神犬	1	514595	97.020955
48471	神仙老爸	1	514596	97.021144
48472	神出鬼沒	1	514597	97.021333
48473	神合貌離	1	514598	97.021522
48474	神色凝重	1	514599	97.021711
48475	神技	1	514600	97.021900
48476	神甫	1	514601	97.022089
48477	神谷正太郎	1	514602	97.022278
48478	神來之筆	1	514603	97.022467
48479	神奈川縣	1	514604	97.022656
48480	神宗	1	514605	97.022845
48481	神官	1	514606	97.023034
48482	神明廳	1	514607	97.023223
48483	神社	1	514608	97.023412
48484	神采飛揚	1	514609	97.023601
48485	神勇	1	514610	97.023790
48486	神威	1	514611	97.023979
48487	神界	1	514612	97.024168
48488	神祇	1	514613	97.024357
48489	神射	1	514614	97.024546
48490	神差鬼使	1	514615	97.024735
48491	神桌	1	514616	97.024924
48492	神氣活現	1	514617	97.025113
48493	神祖	1	514618	97.025302
48494	神秘兮兮	1	514619	97.025491
48495	神秘感	1	514620	97.025680
48496	神鬼	1	514621	97.025869
48497	神偷	1	514622	97.026058
48498	神通廣大	1	514623	97.026247
48499	神智	1	514624	97.026436
48500	神智不清	1	514625	97.026625
48501	神意	1	514626	97.026814
48502	神經介質	1	514627	97.027003
48503	神經內分泌	1	514628	97.027192
48504	神經系統	1	514629	97.027381
48505	神經病學	1	514630	97.027570
48506	神經症	1	514631	97.027759
48507	神經衰弱綜合症	1	514632	97.027948
48508	神經節細胞	1	514633	97.028137
48509	神經過敏	1	514634	97.028326
48510	神經線	1	514635	97.028515
48511	神經質	1	514636	97.028704
48512	神經錯亂	1	514637	97.028893
48513	神經髓鞘	1	514638	97.029082
48514	神跡	1	514639	97.029271
48515	神達	1	514640	97.029460
48516	神槍天馬俠	1	514641	97.029649
48517	神槍手	1	514642	97.029838
48518	神算鯊鯊鯊	1	514643	97.030027
48519	神赫美斯	1	514644	97.030216
48520	神魂	1	514645	97.030405
48521	神魂顛倒	1	514646	97.030594
48522	神魂顛倒第六感	1	514647	97.030783
48523	神劇	1	514648	97.030972
48524	神論	1	514649	97.031161
48525	神駕	1	514650	97.031350
48526	神龍	1	514651	97.031539
48527	神鮮家庭	1	514652	97.031728
48528	神職	1	514653	97.031917
48529	神蹟	1	514654	97.032106
48530	神醫	1	514655	97.032295
48531	神藥	1	514656	97.032484
48532	神髓	1	514657	97.032673
48533	神鷹	1	514658	97.032862
48534	祝安掌中劇團	1	514659	97.033051
48535	祝英台	1	514660	97.033240
48536	祝基瀅	1	514661	97.033429
48537	祝壽會	1	514662	97.033618
48538	祝福語	1	514663	97.033807
48539	祝穆	1	514664	97.033996
48540	祝融	1	514665	97.034185
48541	秤石	1	514666	97.034374
48542	秤重	1	514667	97.034563
48543	秤針	1	514668	97.034752
48544	秤錘	1	514669	97.034941
48545	秣陵	1	514670	97.035130
48546	秧曲	1	514671	97.035319
48547	秧歌	1	514672	97.035508
48548	租住	1	514673	97.035697
48549	租役	1	514674	97.035886
48550	租車業	1	514675	97.036075
48551	租界地	1	514676	97.036264
48552	租售	1	514677	97.036453
48553	租售店	1	514678	97.036642
48554	租賃管理費	1	514679	97.036831
48555	租賃權	1	514680	97.037020
48556	秦力強	1	514681	97.037209
48557	秦代	1	514682	97.037398
48558	秦永敏	1	514683	97.037587
48559	秦良玉	1	514684	97.037776
48560	秦茂松	1	514685	97.037965
48561	秦晉之好	1	514686	97.038154
48562	秦偉	1	514687	97.038343
48563	秦淮	1	514688	97.038532
48564	秦腔劇	1	514689	97.038721
48565	秦夢	1	514690	97.038910
48566	秦漢時代	1	514691	97.039099
48567	秩序井然	1	514692	97.039288
48568	秘辛	1	514693	97.039477
48569	秘結	1	514694	97.039666
48570	窄小	1	514695	97.039855
48571	窄街	1	514696	97.040044
48572	窄腳褲	1	514697	97.040233
48573	窄路	1	514698	97.040422
48574	窈窕淑男	1	514699	97.040611
48575	站在我這邊	1	514700	97.040800
48576	站住	1	514701	97.040989
48577	站址	1	514702	97.041178
48578	站起身	1	514703	97.041367
48579	站開	1	514704	97.041556
48580	站臺	1	514705	97.041745
48581	站櫃	1	514706	97.041934
48582	笑口常開	1	514707	97.042123
48583	笑果	1	514708	97.042312
48584	笑柄	1	514709	97.042501
48585	笑盈盈	1	514710	97.042690
48586	笑笑	1	514711	97.042879
48587	笑紋	1	514712	97.043068
48588	笑起來	1	514713	97.043257
48589	笑場	1	514714	97.043446
48590	笑語晏晏	1	514715	97.043635
48591	笑彈	1	514716	97.043824
48592	笑瞇瞇	1	514717	97.044013
48593	笑談	1	514718	97.044202
48594	笑鬧聲	1	514719	97.044391
48595	笑臉迎人	1	514720	97.044580
48596	笑翻天	1	514721	97.044769
48597	笑顏	1	514722	97.044958
48598	粉刺	1	514723	97.045147
48599	粉底	1	514724	97.045336
48600	粉紅海葵魚	1	514725	97.045525
48601	粉紅豹	1	514726	97.045714
48602	粉碎機	1	514727	97.045903
48603	粉飾	1	514728	97.046092
48604	粉領新貴	1	514729	97.046281
48605	粉蝶	1	514730	97.046470
48606	粉墨	1	514731	97.046659
48607	粉橘	1	514732	97.046848
48608	粉藍	1	514733	97.047037
48609	紡品	1	514734	97.047226
48610	紡業	1	514735	97.047415
48611	紡錘形	1	514736	97.047604
48612	紡織公司	1	514737	97.047793
48613	紡織物	1	514738	97.047982
48614	紡織廠	1	514739	97.048171
48615	紡織機	1	514740	97.048360
48616	紡織類股	1	514741	97.048549
48617	紗廠	1	514742	97.048738
48618	紗質	1	514743	97.048927
48619	紋身	1	514744	97.049116
48620	紋身術	1	514745	97.049305
48621	紋眉	1	514746	97.049494
48622	紋腹叉鼻豚	1	514747	97.049683
48623	紋樣	1	514748	97.049872
48624	素人	1	514749	97.050061
48625	素女真經	1	514750	97.050250
48626	素色	1	514751	97.050439
48627	素行	1	514752	97.050628
48628	素拉皮	1	514753	97.050817
48629	素昧平生	1	514754	97.051006
48630	素面	1	514755	97.051195
48631	素食者	1	514756	97.051384
48632	素食湯	1	514757	97.051573
48633	素樸	1	514758	97.051762
48634	素馨茶	1	514759	97.051951
48635	索人	1	514760	97.052140
48636	索命魔娃	1	514761	97.052329
48637	索拉茲	1	514762	97.052518
48638	索津涅辛	1	514763	97.052707
48639	索朗繞登	1	514764	97.052896
48640	索國	1	514765	97.053085
48641	索債	1	514766	97.053274
48642	索價	1	514767	97.053463
48643	索錢	1	514768	97.053652
48644	索隱	1	514769	97.053841
48645	索贈	1	514770	97.054030
48646	純收益	1	514771	97.054219
48647	純羊毛	1	514772	97.054408
48648	純色	1	514773	97.054597
48649	純色素	1	514774	97.054786
48650	純克公爵	1	514775	97.054975
48651	純良	1	514776	97.055164
48652	純青集團	1	514777	97.055353
48653	純美	1	514778	97.055542
48654	純家庭主婦	1	514779	97.055731
48655	純真年代	1	514780	97.055920
48656	純真無邪	1	514781	97.056109
48657	純絲	1	514782	97.056298
48658	純種馬	1	514783	97.056487
48659	純質	1	514784	97.056676
48660	紐約州瓦爾哈拉市	1	514785	97.056865
48661	紐約郵報	1	514786	97.057054
48662	紐國	1	514787	97.057243
48663	紐澤西州	1	514788	97.057432
48664	紕漏	1	514789	97.057621
48665	級任教師	1	514790	97.057810
48666	級任導師	1	514791	97.057999
48667	級會	1	514792	97.058188
48668	納卡神	1	514793	97.058377
48669	納命來	1	514794	97.058566
48670	納垢	1	514795	97.058755
48671	納為	1	514796	97.058944
48672	納音	1	514797	97.059133
48673	納格迪	1	514798	97.059322
48674	納貢	1	514799	97.059511
48675	納骨箱	1	514800	97.059700
48676	納許維爾	1	514801	97.059889
48677	納斯臺	1	514802	97.060078
48678	納菲爾德	1	514803	97.060267
48679	納爾遜路	1	514804	97.060456
48680	納福	1	514805	97.060645
48681	納粹主義	1	514806	97.060834
48682	納粹德國	1	514807	97.061023
48683	納蘭容若	1	514808	97.061212
48684	紙上秀	1	514809	97.061401
48685	紙工	1	514810	97.061590
48686	紙包	1	514811	97.061779
48687	紙包書	1	514812	97.061968
48688	紙灰	1	514813	97.062157
48689	紙老虎	1	514814	97.062346
48690	紙尿布	1	514815	97.062535
48691	紙尿褲	1	514816	97.062724
48692	紙板	1	514817	97.062913
48693	紙面	1	514818	97.063102
48694	紙風車劇團	1	514819	97.063291
48695	紙風箏	1	514820	97.063480
48696	紙扇	1	514821	97.063669
48697	紙捲	1	514822	97.063858
48698	紙條	1	514823	97.064047
48699	紙筒	1	514824	97.064236
48700	紙菸	1	514825	97.064425
48701	紙煙	1	514826	97.064614
48702	紙資源	1	514827	97.064803
48703	紙製品	1	514828	97.064992
48704	紙模	1	514829	97.065181
48705	紙漿	1	514830	97.065370
48706	紙盤	1	514831	97.065559
48707	紙類	1	514832	97.065748
48708	紙鶴	1	514833	97.065937
48709	紛紜	1	514834	97.066126
48710	紛繁	1	514835	97.066315
48711	紛雜	1	514836	97.066504
48712	缺電	1	514837	97.066693
48713	缺漏	1	514838	97.066882
48714	缺德	1	514839	97.067071
48715	缺課	1	514840	97.067260
48716	羔羊	1	514841	97.067449
48717	翅尖	1	514842	97.067638
48718	翅背	1	514843	97.067827
48719	翁牛特旗	1	514844	97.068016
48720	翁英惠	1	514845	97.068205
48721	翁倩玉	1	514846	97.068394
48722	耆老	1	514847	97.068583
48723	耕土	1	514848	97.068772
48724	耕牛	1	514849	97.068961
48725	耕作力	1	514850	97.069150
48726	耕莘基金會	1	514851	97.069339
48727	耕讀	1	514852	97.069528
48728	耗子	1	514853	97.069717
48729	耗用	1	514854	97.069906
48730	耗血	1	514855	97.070095
48731	耗油	1	514856	97.070284
48732	耗油率	1	514857	97.070473
48733	耽心	1	514858	97.070662
48734	耽溺	1	514859	97.070851
48735	耿乃良	1	514860	97.071040
48736	耿介	1	514861	97.071229
48737	耿介之士	1	514862	97.071418
48738	耿直	1	514863	97.071607
48739	脂肪肝	1	514864	97.071796
48740	脂肪層	1	514865	97.071985
48741	脂痕	1	514866	97.072174
48742	胰島細胞	1	514867	97.072363
48743	胰蛋白酶基因	1	514868	97.072552
48744	胰管	1	514869	97.072741
48745	胰臟癌	1	514870	97.072930
48746	脅迫	1	514871	97.073119
48747	脅迫性	1	514872	97.073308
48748	胭花	1	514873	97.073497
48749	胭脂鵝脯	1	514874	97.073686
48750	胴體	1	514875	97.073875
48751	脆餅	1	514876	97.074064
48752	胸大肌	1	514877	97.074253
48753	胸大無腦	1	514878	97.074442
48754	胸中	1	514879	97.074631
48755	胸毛	1	514880	97.074820
48756	胸骨肌	1	514881	97.075009
48757	胸椎	1	514882	97.075198
48758	胸腺	1	514883	97.075387
48759	胸廓	1	514884	97.075576
48760	胸壁	1	514885	97.075765
48761	胸懷大志	1	514886	97.075954
48762	胳臂	1	514887	97.076143
48763	脈息	1	514888	97.076332
48764	脈動雲波星	1	514889	97.076521
48765	脈衝	1	514890	97.076710
48766	脈衝波動星	1	514891	97.076899
48767	能手	1	514892	97.077088
48768	能見度	1	514893	97.077277
48769	能事	1	514894	97.077466
48770	能者	1	514895	97.077655
48771	能者多勞	1	514896	97.077844
48772	能源效益	1	514897	97.078033
48773	能源稅	1	514898	97.078222
48774	能歌善舞	1	514899	97.078411
48775	能劇	1	514900	97.078600
48776	脊肌	1	514901	97.078789
48777	脊柱纖維環	1	514902	97.078978
48778	脊背	1	514903	97.079167
48779	脊梁	1	514904	97.079356
48780	脊獸	1	514905	97.079545
48781	胼手胝足	1	514906	97.079734
48782	臭水溝	1	514907	97.079923
48783	臭老九	1	514908	97.080112
48784	臭屁	1	514909	97.080301
48785	臭美	1	514910	97.080490
48786	臭氣層	1	514911	97.080679
48787	臭氣薰天	1	514912	97.080868
48788	臭氧洞	1	514913	97.081057
48789	臭鼬	1	514914	97.081246
48790	航太工程	1	514915	97.081435
48791	航空法務員	1	514916	97.081624
48792	航空站	1	514917	97.081813
48793	航空管制區	1	514918	97.082002
48794	航空器	1	514919	97.082191
48795	航空學	1	514920	97.082380
48796	航政司	1	514921	97.082569
48797	航海家	1	514922	97.082758
48798	航海家號	1	514923	97.082947
48799	航海圖	1	514924	97.083136
48800	航海鞋	1	514925	97.083325
48801	航班	1	514926	97.083514
48802	航舵	1	514927	97.083703
48803	航程	1	514928	97.083892
48804	航運股	1	514929	97.084081
48805	航遊	1	514930	97.084270
48806	航警局長	1	514931	97.084459
48807	航警員	1	514932	97.084648
48808	芻議	1	514933	97.084837
48809	茫茫然	1	514934	97.085026
48810	荒冷	1	514935	97.085215
48811	荒苔	1	514936	97.085404
48812	荒唐事	1	514937	97.085593
48813	荒草	1	514938	97.085782
48814	荒淫	1	514939	97.085971
48815	荒野大鏢客	1	514940	97.086160
48816	荒溝	1	514941	97.086349
48817	荒僻	1	514942	97.086538
48818	荒瘠	1	514943	97.086727
48819	荒頹	1	514944	97.086916
48820	荊州鎮	1	514945	97.087105
48821	荊釵記	1	514946	97.087294
48822	荊軻	1	514947	97.087483
48823	草屯	1	514948	97.087672
48824	草月流	1	514949	97.087861
48825	草木扶疏	1	514950	97.088050
48826	草木皆兵	1	514951	97.088239
48827	草本	1	514952	97.088428
48828	草本界	1	514953	97.088617
48829	草生地	1	514954	97.088806
48830	草地頭	1	514955	97.088995
48831	草亭	1	514956	97.089184
48832	草約	1	514957	97.089373
48833	草食性恐龍	1	514958	97.089562
48834	草食動物	1	514959	97.089751
48835	草草了事	1	514960	97.089940
48836	草莽	1	514961	97.090129
48837	草莽英雄	1	514962	97.090318
48838	草莓紅	1	514963	97.090507
48839	草創時期	1	514964	97.090696
48840	草棚	1	514965	97.090885
48841	草菅人命	1	514966	97.091074
48842	草葉	1	514967	97.091263
48843	草裙	1	514968	97.091452
48844	草綠	1	514969	97.091641
48845	草綠色	1	514970	97.091830
48846	草網	1	514971	97.092019
48847	草蝦	1	514972	97.092208
48848	草鞋	1	514973	97.092397
48849	草嶺古道	1	514974	97.092586
48850	草苺	1	514975	97.092775
48851	茶几	1	514976	97.092964
48852	茶山之旅	1	514977	97.093153
48853	茶水	1	514978	97.093342
48854	茶汁	1	514979	97.093531
48855	茶多酚	1	514980	97.093720
48856	茶房	1	514981	97.093909
48857	茶亭	1	514982	97.094098
48858	茶屋	1	514983	97.094287
48859	茶籽	1	514984	97.094476
48860	茶食	1	514985	97.094665
48861	茶凍	1	514986	97.094854
48862	茶宴	1	514987	97.095043
48863	茶師	1	514988	97.095232
48864	茶桶	1	514989	97.095421
48865	茶鄉	1	514990	97.095610
48866	茶飯不思	1	514991	97.095799
48867	茶葉店	1	514992	97.095988
48868	茶葉蛋	1	514993	97.096177
48869	茶話會	1	514994	97.096366
48870	茶壽	1	514995	97.096555
48871	茶種	1	514996	97.096744
48872	茶儀	1	514997	97.096933
48873	茶樓	1	514998	97.097122
48874	茶褐色	1	514999	97.097311
48875	茶館	1	515000	97.097500
48876	茶點	1	515001	97.097689
48877	茱迪佛斯特	1	515002	97.097878
48878	茱莉蝶兒	1	515003	97.098067
48879	茱莉戴勒比	1	515004	97.098256
48880	茱蒂福斯特	1	515005	97.098445
48881	茱蒂戴維斯	1	515006	97.098634
48882	茨雷斯島	1	515007	97.098823
48883	虔敬	1	515008	97.099012
48884	蚊蠅	1	515009	97.099201
48885	蚊蚋	1	515010	97.099390
48886	蚌珠	1	515011	97.099579
48887	蚜蟲	1	515012	97.099768
48888	衰退性疾病	1	515013	97.099957
48889	衰萎	1	515014	97.100146
48890	衰象	1	515015	97.100335
48891	衰微	1	515016	97.100524
48892	衰榮	1	515017	97.100713
48893	衰頹	1	515018	97.100902
48894	袁廷玉	1	515019	97.101091
48895	袁志俊	1	515020	97.101280
48896	袁枚之	1	515021	97.101469
48897	袁朗	1	515022	97.101658
48898	袁詠儀	1	515023	97.101847
48899	袁叢美	1	515024	97.102036
48900	衽席	1	515025	97.102225
48901	記名股	1	515026	97.102414
48902	記事簿	1	515027	97.102603
48903	記性	1	515028	97.102792
48904	記者採訪室	1	515029	97.102981
48905	記者團	1	515030	97.103170
48906	記恨	1	515031	97.103359
48907	記掛	1	515032	97.103548
48908	記憶體	1	515033	97.103737
48909	記錯	1	515034	97.103926
48910	討生計	1	515035	97.104115
48911	討海	1	515036	97.104304
48912	討救兵	1	515037	97.104493
48913	討飯	1	515038	97.104682
48914	討厭鬼	1	515039	97.104871
48915	討價	1	515040	97.105060
48916	討論者	1	515041	97.105249
48917	訊問	1	515042	97.105438
48918	託人	1	515043	97.105627
48919	託予	1	515044	97.105816
48920	託喻	1	515045	97.106005
48921	訓斥	1	515046	97.106194
48922	訓委會	1	515047	97.106383
48923	訓誡	1	515048	97.106572
48924	訓練所	1	515049	97.106761
48925	訓導主任	1	515050	97.106950
48926	訓導處	1	515051	97.107139
48927	豈不是	1	515052	97.107328
48928	豈有此理	1	515053	97.107517
48929	豈非	1	515054	97.107706
48930	豺狼	1	515055	97.107895
48931	豹死留皮	1	515056	97.108084
48932	財色	1	515057	97.108273
48933	財政赤字	1	515058	97.108462
48934	財政委員會	1	515059	97.108651
48935	財政委會	1	515060	97.108840
48936	財神百貨	1	515061	97.109029
48937	財神廟	1	515062	97.109218
48938	財迷心竅	1	515063	97.109407
48939	財務成本課	1	515064	97.109596
48940	財務長	1	515065	97.109785
48941	財務部	1	515066	97.109974
48942	財務經理	1	515067	97.110163
48943	財務管理	1	515068	97.110352
48944	財務學	1	515069	97.110541
48945	財產申報表	1	515070	97.110730
48946	財源滾滾	1	515071	97.110919
48947	貢使	1	515072	97.111108
48948	貢寮	1	515073	97.111297
48949	起水人員	1	515074	97.111486
48950	起火	1	515075	97.111675
48951	起司	1	515076	97.111864
48952	起司蛋糕	1	515077	97.112053
48953	起用	1	515078	97.112242
48954	起而行	1	515079	97.112431
48955	起而效尤	1	515080	97.112620
48956	起行	1	515081	97.112809
48957	起床號	1	515082	97.112998
48958	起見	1	515083	97.113187
48959	起事	1	515084	97.113376
48960	起卸	1	515085	97.113565
48961	起始	1	515086	97.113754
48962	起居室	1	515087	97.113943
48963	起居間	1	515088	97.114132
48964	起航	1	515089	97.114321
48965	起航站	1	515090	97.114510
48966	起眼	1	515091	97.114699
48967	起訴書	1	515092	97.114888
48968	起源說	1	515093	97.115077
48969	起義	1	515094	97.115266
48970	起落	1	515095	97.115455
48971	起跳	1	515096	97.115644
48972	起跳價	1	515097	97.115833
48973	起疑心	1	515098	97.116022
48974	起誓	1	515099	97.116211
48975	起駕	1	515100	97.116400
48976	起頭	1	515101	97.116589
48977	起薪	1	515102	97.116778
48978	躬背	1	515103	97.116967
48979	躬親	1	515104	97.117156
48980	軒宇	1	515105	97.117345
48981	送人	1	515106	97.117534
48982	送入	1	515107	97.117723
48983	送子娘娘	1	515108	97.117912
48984	送分	1	515109	97.118101
48985	送出	1	515110	97.118290
48986	送件	1	515111	97.118479
48987	送別禮	1	515112	97.118668
48988	送往迎來	1	515113	97.118857
48989	送法辦	1	515114	97.119046
48990	送花	1	515115	97.119235
48991	送返	1	515116	97.119424
48992	送客	1	515117	97.119613
48993	送洗	1	515118	97.119802
48994	送紅包	1	515119	97.119991
48995	送書	1	515120	97.120180
48996	送掉	1	515121	97.120369
48997	送貨梯	1	515122	97.120558
48998	送報	1	515123	97.120747
48999	送葬	1	515124	97.120936
49000	送養	1	515125	97.121125
49001	送辦	1	515126	97.121314
49002	送檢	1	515127	97.121503
49003	送舊	1	515128	97.121692
49004	送舊迎新	1	515129	97.121881
49005	送驗	1	515130	97.122070
49006	逆光	1	515131	97.122259
49007	逆耳	1	515132	97.122448
49008	逆思考	1	515133	97.122637
49009	逆思考行銷	1	515134	97.122826
49010	逆流	1	515135	97.123015
49011	逆風	1	515136	97.123204
49012	逆倫	1	515137	97.123393
49013	逆料	1	515138	97.123582
49014	逆溯	1	515139	97.123771
49015	逆滲透純水機	1	515140	97.123960
49016	逆噴射家族	1	515141	97.124149
49017	迷幻	1	515142	97.124338
49018	迷住	1	515143	97.124527
49019	迷你小學	1	515144	97.124716
49020	迷你巴士	1	515145	97.124905
49021	迷你酒	1	515146	97.125094
49022	迷你馬拉松賽	1	515147	97.125283
49023	迷你組	1	515148	97.125472
49024	迷你麥哲倫星系	1	515149	97.125661
49025	迷你電腦	1	515150	97.125850
49026	迷你影集	1	515151	97.126039
49027	迷走神經	1	515152	97.126228
49028	迷倒	1	515153	97.126417
49029	迷茫	1	515154	97.126606
49030	迷彩	1	515155	97.126795
49031	迷湯	1	515156	97.126984
49032	迷亂	1	515157	97.127173
49033	迷障	1	515158	97.127362
49034	迷糊仗	1	515159	97.127551
49035	迷糊蛋	1	515160	97.127740
49036	迷齒類	1	515161	97.127929
49037	迷轉	1	515162	97.128118
49038	迷霧森林十八年	1	515163	97.128307
49039	退去	1	515164	97.128496
49040	退件	1	515165	97.128685
49041	退色	1	515166	97.128874
49042	退行性變	1	515167	97.129063
49043	退怯	1	515168	97.129252
49044	退卻	1	515169	97.129441
49045	退席	1	515170	97.129630
49046	退租	1	515171	97.129819
49047	退訓	1	515172	97.130008
49048	退瓶	1	515173	97.130197
49049	退場	1	515174	97.130386
49050	退朝	1	515175	97.130575
49051	退稅	1	515176	97.130764
49052	退路	1	515177	97.130953
49053	退撫	1	515178	97.131142
49054	退敵	1	515179	97.131331
49055	退熱	1	515180	97.131520
49056	退稿信	1	515181	97.131709
49057	退學率	1	515182	97.131898
49058	退錢	1	515183	97.132087
49059	退職	1	515184	97.132276
49060	退轉	1	515185	97.132465
49061	迴力球場	1	515186	97.132654
49062	迴腸九轉	1	515187	97.132843
49063	迴腸盪氣	1	515188	97.133032
49064	迴蕩	1	515189	97.133221
49065	迴轉式壓縮機廠	1	515190	97.133410
49066	迴轉性	1	515191	97.133599
49067	逃亡潮	1	515192	97.133788
49068	逃生口	1	515193	97.133977
49069	逃生設備	1	515194	97.134166
49070	逃掉	1	515195	97.134355
49071	逃票	1	515196	97.134544
49072	逃開	1	515197	97.134733
49073	逃落	1	515198	97.134922
49074	逃學威龍二	1	515199	97.135111
49075	逃避主義	1	515200	97.135300
49076	逃竄	1	515201	97.135489
49077	逃離大價值	1	515202	97.135678
49078	追回	1	515203	97.135867
49079	追念	1	515204	97.136056
49080	追狐	1	515205	97.136245
49081	追思	1	515206	97.136434
49082	追風少年	1	515207	97.136623
49083	追悔	1	515208	97.136812
49084	追根究柢	1	515209	97.137001
49085	追悼式	1	515210	97.137190
49086	追逐戰	1	515211	97.137379
49087	追逐戲	1	515212	97.137568
49088	追循	1	515213	97.137757
49089	追溯期	1	515214	97.137946
49090	追價	1	515215	97.138135
49091	追撞	1	515216	97.138324
49092	追龍	1	515217	97.138513
49093	追償究責委員會	1	515218	97.138702
49094	追擊	1	515219	97.138891
49095	追獵	1	515220	97.139080
49096	追繳	1	515221	97.139269
49097	追贓	1	515222	97.139458
49098	迸發	1	515223	97.139647
49099	郡王	1	515224	97.139836
49100	郡王府	1	515225	97.140025
49101	郝揆	1	515226	97.140214
49102	郝劭文	1	515227	97.140403
49103	酒色斑	1	515228	97.140592
49104	酒盂	1	515229	97.140781
49105	酒品	1	515230	97.140970
49106	酒泉	1	515231	97.141159
49107	酒盃	1	515232	97.141348
49108	酒紅色	1	515233	97.141537
49109	酒缸	1	515234	97.141726
49110	酒香	1	515235	97.141915
49111	酒徒	1	515236	97.142104
49112	酒神廟	1	515237	97.142293
49113	酒臭	1	515238	97.142482
49114	酒商	1	515239	97.142671
49115	酒瓶	1	515240	97.142860
49116	酒窖	1	515241	97.143049
49117	酒菜	1	515242	97.143238
49118	酒酣耳熱	1	515243	97.143427
49119	酒經	1	515244	97.143616
49120	酒肆	1	515245	97.143805
49121	酒漕	1	515246	97.143994
49122	酒漕鼻	1	515247	97.144183
49123	酒精性小腦變性病	1	515248	97.144372
49124	酒精性肝炎	1	515249	97.144561
49125	酒精性痴呆	1	515250	97.144750
49126	酒豪	1	515251	97.144939
49127	酒醴笙篁	1	515252	97.145128
49128	酒釀清蒸鴨子	1	515253	97.145317
49129	酒矸通賣無	1	515254	97.145506
49130	配用	1	515255	97.145695
49131	配成	1	515256	97.145884
49132	配套	1	515257	97.146073
49133	配送	1	515258	97.146262
49134	配偶扣除額	1	515259	97.146451
49135	配發	1	515260	97.146640
49136	配給	1	515261	97.146829
49137	配菜	1	515262	97.147018
49138	配對	1	515263	97.147207
49139	配對賽	1	515264	97.147396
49140	配銷	1	515265	97.147585
49141	配戴	1	515266	97.147774
49142	酌情	1	515267	97.147963
49143	釘封	1	515268	97.148152
49144	釘書機	1	515269	97.148341
49145	釘掛	1	515270	97.148530
49146	釘頭	1	515271	97.148719
49147	針尖	1	515272	97.148908
49148	針車	1	515273	97.149097
49149	針炙	1	515274	97.149286
49150	針眼	1	515275	97.149475
49151	針插	1	515276	97.149664
49152	針線包	1	515277	97.149853
49153	針線情	1	515278	97.150042
49154	釜山	1	515279	97.150231
49155	釜底抽薪	1	515280	97.150420
49156	閃光測頻器	1	515281	97.150609
49157	閃光燈	1	515282	97.150798
49158	閃米族	1	515283	97.150987
49159	閃閃	1	515284	97.151176
49160	閃閃發亮	1	515285	97.151365
49161	閃閃爍爍	1	515286	97.151554
49162	閃閃耀耀	1	515287	97.151743
49163	閃電俠	1	515288	97.151932
49164	閃電威龍	1	515289	97.152121
49165	閃電貓	1	515290	97.152310
49166	閃滾	1	515291	97.152499
49167	院士	1	515292	97.152688
49168	院所	1	515293	97.152877
49169	院長室	1	515294	97.153066
49170	院務	1	515295	97.153255
49171	院落	1	515296	97.153444
49172	院轄市	1	515297	97.153633
49173	陣咳	1	515298	97.153822
49174	陣發性	1	515299	97.154011
49175	陣發性頭痛	1	515300	97.154200
49176	陣勢	1	515301	97.154389
49177	陣腳	1	515302	97.154578
49178	陣縮	1	515303	97.154767
49179	陡坡道	1	515304	97.154956
49180	陡直	1	515305	97.155145
49181	陡峻	1	515306	97.155334
49182	陡落	1	515307	97.155523
49183	除夕日	1	515308	97.155712
49184	除毛器	1	515309	97.155901
49185	除名	1	515310	97.156090
49186	除式	1	515311	97.156279
49187	除害	1	515312	97.156468
49188	除臭	1	515313	97.156657
49189	除臭機	1	515314	97.156846
49190	除溼	1	515315	97.157035
49191	除溼棒	1	515316	97.157224
49192	除溼機	1	515317	97.157413
49193	除弊	1	515318	97.157602
49194	除暴安良	1	515319	97.157791
49195	除濕	1	515320	97.157980
49196	除舊	1	515321	97.158169
49197	除舊更新	1	515322	97.158358
49198	除舊迎新	1	515323	97.158547
49199	除蟲	1	515324	97.158736
49200	除權	1	515325	97.158925
49201	除袪	1	515326	97.159114
49202	隻字	1	515327	97.159303
49203	隻字片語	1	515328	97.159492
49204	飢寒	1	515329	97.159681
49205	飢餓三十	1	515330	97.159870
49206	馬丁布瑞斯特	1	515331	97.160059
49207	馬元中	1	515332	97.160248
49208	馬匹	1	515333	97.160437
49209	馬友友	1	515334	97.160626
49210	馬文蓋	1	515335	97.160815
49211	馬王堆	1	515336	97.161004
49212	馬可	1	515337	97.161193
49213	馬可貝克	1	515338	97.161382
49214	馬可波羅	1	515339	97.161571
49215	馬可波羅遊記	1	515340	97.161760
49216	馬可穆勒	1	515341	97.161949
49217	馬失前蹄	1	515342	97.162138
49218	馬奶	1	515343	97.162327
49219	馬奶子	1	515344	97.162516
49220	馬市街	1	515345	97.162705
49221	馬丟	1	515346	97.162894
49222	馬列主義	1	515347	97.163083
49223	馬列思想	1	515348	97.163272
49224	馬列維基	1	515349	97.163461
49225	馬各沅二手服飾	1	515350	97.163650
49226	馬伯援	1	515351	97.163839
49227	馬克卡侯	1	515352	97.164028
49228	馬克吐溫	1	515353	97.164217
49229	馬克里斯特	1	515354	97.164406
49230	馬克思	1	515355	97.164595
49231	馬克斯	1	515356	97.164784
49232	馬克斯‧孔采	1	515357	97.164973
49233	馬克斯主義	1	515358	97.165162
49234	馬利文書	1	515359	97.165351
49235	馬利王國	1	515360	97.165540
49236	馬利亞	1	515361	97.165729
49237	馬利波薩	1	515362	97.165918
49238	馬利蘭大學	1	515363	97.166107
49239	馬努國立公園	1	515364	97.166296
49240	馬努塞爾‧喬巴尼法爾	1	515365	97.166485
49241	馬君武	1	515366	97.166674
49242	馬坎‧馬喀斯	1	515367	97.166863
49243	馬尾	1	515368	97.167052
49244	馬尾頭	1	515369	97.167241
49245	馬步	1	515370	97.167430
49246	馬沙	1	515371	97.167619
49247	馬沙瓦海灘	1	515372	97.167808
49248	馬里蘭大學	1	515373	97.167997
49249	馬來半島	1	515374	97.168186
49250	馬來西亞聯邦	1	515375	97.168375
49251	馬其頓	1	515376	97.168564
49252	馬拉加葡萄酒	1	515377	97.168753
49253	馬拉松馬博物館	1	515378	97.168942
49254	馬拉松賽跑	1	515379	97.169131
49255	馬拉威	1	515380	97.169320
49256	馬拉馬松古堡	1	515381	97.169509
49257	馬林‧費茲瓦德	1	515382	97.169698
49258	馬哈地	1	515383	97.169887
49259	馬哈拉	1	515384	97.170076
49260	馬奎斯	1	515385	97.170265
49261	馬建明	1	515386	97.170454
49262	馬後砲	1	515387	97.170643
49263	馬架	1	515388	97.170832
49264	馬背	1	515389	97.171021
49265	馬致遠	1	515390	97.171210
49266	馬郎場	1	515391	97.171399
49267	馬首是瞻	1	515392	97.171588
49268	馬修柏德利	1	515393	97.171777
49269	馬家口	1	515394	97.171966
49270	馬徐維邦	1	515395	97.172155
49271	馬爹利	1	515396	97.172344
49272	馬偕	1	515397	97.172533
49273	馬偕博士紀念展	1	515398	97.172722
49274	馬勒第二號	1	515399	97.172911
49275	馬唯中	1	515400	97.173100
49276	馬國賢	1	515401	97.173289
49277	馬國輝	1	515402	97.173478
49278	馬得拉群島	1	515403	97.173667
49279	馬晨安	1	515404	97.173856
49280	馬鹿	1	515405	97.174045
49281	馬傑明	1	515406	97.174234
49282	馬凱	1	515407	97.174423
49283	馬博拉斯	1	515408	97.174612
49284	馬喀斯	1	515409	97.174801
49285	馬場	1	515410	97.174990
49286	馬場弘明	1	515411	97.175179
49287	馬階醫院	1	515412	97.175368
49288	馬塞勒卡內	1	515413	97.175557
49289	馬慈婉	1	515414	97.175746
49290	馬歇馬叟	1	515415	97.175935
49291	馬歇爾克萊蒙	1	515416	97.176124
49292	馬腳	1	515417	97.176313
49293	馬路天使	1	515418	97.176502
49294	馬路秀	1	515419	97.176691
49295	馬達加斯加人	1	515420	97.176880
49296	馬達加斯加狐猴亞目	1	515421	97.177069
49297	馬達聲	1	515422	97.177258
49298	馬漢茂	1	515423	97.177447
49299	馬爾他十字勛章	1	515424	97.177636
49300	馬赫	1	515425	97.177825
49301	馬遠	1	515426	97.178014
49302	馬德勤	1	515427	97.178203
49303	馬槽	1	515428	97.178392
49304	馬褲	1	515429	97.178581
49305	馬諦斯	1	515430	97.178770
49306	馬蹄	1	515431	97.178959
49307	馬蹄袖	1	515432	97.179148
49308	馬頭	1	515433	97.179337
49309	馬頭星雲	1	515434	97.179526
49310	馬龍白蘭度	1	515435	97.179715
49311	馬戲秀	1	515436	97.179904
49312	馬戲班	1	515437	97.180093
49313	馬賽國小	1	515438	97.180282
49314	馬賽港	1	515439	97.180471
49315	馬鎮方	1	515440	97.180660
49316	馬關條約	1	515441	97.180849
49317	馬耀輝	1	515442	97.181038
49318	馬蘭	1	515443	97.181227
49319	馬炾	1	515444	97.181416
49320	骨子	1	515445	97.181605
49321	骨子裡	1	515446	97.181794
49322	骨板	1	515447	97.181983
49323	骨部	1	515448	97.182172
49324	骨牌	1	515449	97.182361
49325	骨牌遊戲	1	515450	97.182550
49326	骨感	1	515451	97.182739
49327	骨董店	1	515452	97.182928
49328	骨董表	1	515453	97.183117
49329	骨董商	1	515454	97.183306
49330	骨董錶	1	515455	97.183495
49331	骨盤	1	515456	97.183684
49332	骨器	1	515457	97.183873
49333	骨骼肌	1	515458	97.184062
49334	骨髓移植中心	1	515459	97.184251
49335	骨鯁在喉	1	515460	97.184440
49336	高人	1	515461	97.184629
49337	高三	1	515462	97.184818
49338	高山芒	1	515463	97.185007
49339	高山峻嶺	1	515464	97.185196
49340	高山區	1	515465	97.185385
49341	高山植物	1	515466	97.185574
49342	高中聯招會	1	515467	97.185763
49343	高手雲集	1	515468	97.185952
49344	高木喜與四	1	515469	97.186141
49345	高加索	1	515470	97.186330
49346	高市府	1	515471	97.186519
49347	高幼軒	1	515472	97.186708
49348	高永	1	515473	97.186897
49349	高玉	1	515474	97.187086
49350	高立	1	515475	97.187275
49351	高名衡	1	515476	97.187464
49352	高成長	1	515477	97.187653
49353	高血脂	1	515478	97.187842
49354	高血壓病	1	515479	97.188031
49355	高利	1	515480	97.188220
49356	高吭	1	515481	97.188409
49357	高技術	1	515482	97.188598
49358	高乳酸血症	1	515483	97.188787
49359	高坡	1	515484	97.188976
49360	高宗	1	515485	97.189165
49361	高官巨賈	1	515486	97.189354
49362	高官厚祿	1	515487	97.189543
49363	高居不下	1	515488	97.189732
49364	高性能轎跑車	1	515489	97.189921
49365	高抬貴手	1	515490	97.190110
49366	高明駿	1	515491	97.190299
49367	高昇	1	515492	97.190488
49368	高臥	1	515493	97.190677
49369	高附加	1	515494	97.190866
49370	高品牌	1	515495	97.191055
49371	高屏地區	1	515496	97.191244
49372	高屏區	1	515497	97.191433
49373	高映梅	1	515498	97.191622
49374	高柱	1	515499	97.191811
49375	高架道	1	515500	97.192000
49376	高炮	1	515501	97.192189
49377	高科技產業	1	515502	97.192378
49378	高美惠	1	515503	97.192567
49379	高美館	1	515504	97.192756
49380	高茄索山脈犬	1	515505	97.192945
49381	高負荷	1	515506	97.193134
49382	高音	1	515507	97.193323
49383	高音符	1	515508	97.193512
49384	高音質	1	515509	97.193701
49385	高風亮節	1	515510	97.193890
49386	高乘載	1	515511	97.194079
49387	高倍率	1	515512	97.194268
49388	高原之舟	1	515513	97.194457
49389	高峻	1	515514	97.194646
49390	高息	1	515515	97.194835
49391	高效	1	515516	97.195024
49392	高效益	1	515517	97.195213
49393	高校太保	1	515518	97.195402
49394	高氣壓	1	515519	97.195591
49395	高消費型態	1	515520	97.195780
49396	高海拔山區	1	515521	97.195969
49397	高級中學法	1	515522	97.196158
49398	高能粒子物理學	1	515523	97.196347
49399	高脊齒	1	515524	97.196536
49400	高陞	1	515525	97.196725
49401	高高	1	515526	97.196914
49402	高高瘦瘦	1	515527	97.197103
49403	高堂	1	515528	97.197292
49404	高崗	1	515529	97.197481
49405	高教簡訊	1	515530	97.197670
49406	高深莫測	1	515531	97.197859
49407	高眺	1	515532	97.198048
49408	高硫公司	1	515533	97.198237
49409	高蛋白	1	515534	97.198426
49410	高速巡航性	1	515535	97.198615
49411	高速域	1	515536	97.198804
49412	高帽子	1	515537	97.198993
49413	高椅背	1	515538	97.199182
49414	高發期	1	515539	97.199371
49415	高稅率	1	515540	97.199560
49416	高華	1	515541	97.199749
49417	高視像收訊機	1	515542	97.199938
49418	高視像電視機	1	515543	97.200127
49419	高週波熱	1	515544	97.200316
49420	高鈣	1	515545	97.200505
49421	高雄中學	1	515546	97.200694
49422	高雄加工區	1	515547	97.200883
49423	高雄市政大樓	1	515548	97.201072
49424	高雄市政府	1	515549	97.201261
49425	高雄區	1	515550	97.201450
49426	高傳真時代	1	515551	97.201639
49427	高幹	1	515552	97.201828
49428	高新武	1	515553	97.202017
49429	高業榮	1	515554	97.202206
49430	高照	1	515555	97.202395
49431	高粱	1	515556	97.202584
49432	高粱酒	1	515557	97.202773
49433	高資敏	1	515558	97.202962
49434	高運動性能	1	515559	97.203151
49435	高運量	1	515560	97.203340
49436	高爾夫假期	1	515561	97.203529
49437	高爾夫球公開賽	1	515562	97.203718
49438	高爾夫球用品專賣店	1	515563	97.203907
49439	高爾夫球袋	1	515564	97.204096
49440	高爾夫揮桿練習場	1	515565	97.204285
49441	高臺	1	515566	97.204474
49442	高銘輝	1	515567	97.204663
49443	高價品	1	515568	97.204852
49444	高德溫	1	515569	97.205041
49445	高潮線	1	515570	97.205230
49446	高論	1	515571	97.205419
49447	高踞	1	515572	97.205608
49448	高壇	1	515573	97.205797
49449	高學費	1	515574	97.205986
49450	高樹鄉	1	515575	97.206175
49451	高燒	1	515576	97.206364
49452	高盧人	1	515577	97.206553
49453	高縣府	1	515578	97.206742
49454	高頻波	1	515579	97.206931
49455	高頻電磁場	1	515580	97.207120
49456	高頭大馬	1	515581	97.207309
49457	高壓氣體壓力後數	1	515582	97.207498
49458	高壓區	1	515583	97.207687
49459	高壓統治	1	515584	97.207876
49460	高嶺石	1	515585	97.208065
49461	高燥	1	515586	97.208254
49462	高薪者	1	515587	97.208443
49463	高轉速	1	515588	97.208632
49464	高廬	1	515589	97.208821
49465	高難度動作	1	515590	97.209010
49466	高麗大藏經	1	515591	97.209199
49467	高麗菜苗	1	515592	97.209388
49468	高齡化社會	1	515593	97.209577
49469	高齡化國家	1	515594	97.209766
49470	高齡社會	1	515595	97.209955
49471	高齡產婦	1	515596	97.210144
49472	高纖	1	515597	97.210333
49473	高纖食品	1	515598	97.210522
49474	高纖維	1	515599	97.210711
49475	鬥牛場	1	515600	97.210900
49476	鬥羊節	1	515601	97.211089
49477	鬥陣	1	515602	97.211278
49478	鬥智	1	515603	97.211467
49479	鬥雞場	1	515604	97.211656
49480	鬥獸場	1	515605	97.211845
49481	鬼火	1	515606	97.212034
49482	鬼后	1	515607	97.212223
49483	鬼邪	1	515608	97.212412
49484	鬼使神差	1	515609	97.212601
49485	鬼佬	1	515610	97.212790
49486	鬼狐	1	515611	97.212979
49487	鬼門	1	515612	97.213168
49488	鬼屋	1	515613	97.213357
49489	鬼帝	1	515614	97.213546
49490	鬼面具	1	515615	97.213735
49491	鬼海星	1	515616	97.213924
49492	鬼域的故事	1	515617	97.214113
49493	鬼湖	1	515618	97.214302
49494	鬼畫符	1	515619	97.214491
49495	鬼魅	1	515620	97.214680
49496	鬼靈	1	515621	97.214869
49497	乾化	1	515622	97.215058
49498	乾布	1	515623	97.215247
49499	乾冰費	1	515624	97.215436
49500	乾衣機	1	515625	97.215625
49501	乾冷	1	515626	97.215814
49502	乾乳酪	1	515627	97.216003
49503	乾坤挪移	1	515628	97.216192
49504	乾果子	1	515629	97.216381
49505	乾炒	1	515630	97.216570
49506	乾咳	1	515631	97.216759
49507	乾屍	1	515632	97.216948
49508	乾洗	1	515633	97.217137
49509	乾乾淨淨	1	515634	97.217326
49510	乾眼症	1	515635	97.217515
49511	乾硬	1	515636	97.217704
49512	乾著急	1	515637	97.217893
49513	乾葉片	1	515638	97.218082
49514	乾道	1	515639	97.218271
49515	乾澀	1	515640	97.218460
49516	乾燥化	1	515641	97.218649
49517	乾燥物	1	515642	97.218838
49518	乾燥花	1	515643	97.219027
49519	乾麵	1	515644	97.219216
49520	偽君子	1	515645	97.219405
49521	偽政府	1	515646	97.219594
49522	偽造文書	1	515647	97.219783
49523	偽滿洲國	1	515648	97.219972
49524	偽蠍	1	515649	97.220161
49525	停用	1	515650	97.220350
49526	停收	1	515651	97.220539
49527	停住	1	515652	97.220728
49528	停步	1	515653	97.220917
49529	停車位	1	515654	97.221106
49530	停車處	1	515655	97.221295
49531	停看聽	1	515656	97.221484
49532	停飛	1	515657	97.221673
49533	停格	1	515658	97.221862
49534	停業	1	515659	97.222051
49535	停靠臺	1	515660	97.222240
49536	停駐	1	515661	97.222429
49537	停駛	1	515662	97.222618
49538	停戰線	1	515663	97.222807
49539	停機坪	1	515664	97.222996
49540	假公濟私	1	515665	97.223185
49541	假手	1	515666	97.223374
49542	假日工程師	1	515667	97.223563
49543	假日棒球營	1	515668	97.223752
49544	假日遊	1	515669	97.223941
49545	假正經	1	515670	97.224130
49546	假名	1	515671	97.224319
49547	假沙梨	1	515672	97.224508
49548	假事	1	515673	97.224697
49549	假性市場擴張	1	515674	97.224886
49550	假性近視	1	515675	97.225075
49551	假的	1	515676	97.225264
49552	假幽默	1	515677	97.225453
49553	假面	1	515678	97.225642
49554	假面具	1	515679	97.225831
49555	假借	1	515680	97.226020
49556	假酒	1	515681	97.226209
49557	假處分	1	515682	97.226398
49558	假造	1	515683	97.226587
49559	假期樂園	1	515684	97.226776
49560	假結婚	1	515685	97.226965
49561	假象	1	515686	97.227154
49562	假意	1	515687	97.227343
49563	假慈悲	1	515688	97.227532
49564	假話	1	515689	97.227721
49565	假藉	1	515690	97.227910
49566	假藥	1	515691	97.228099
49567	做大事	1	515692	97.228288
49568	做月子	1	515693	97.228477
49569	做功課	1	515694	97.228666
49570	做奸犯科	1	515695	97.228855
49571	做秀	1	515696	97.229044
49572	做起來	1	515697	97.229233
49573	做鬼臉	1	515698	97.229422
49574	做做看	1	515699	97.229611
49575	做帳	1	515700	97.229800
49576	做惡	1	515701	97.229989
49577	做夥	1	515702	97.230178
49578	偉同	1	515703	97.230367
49579	偉菘	1	515704	97.230556
49580	健在	1	515705	97.230745
49581	健壯	1	515706	97.230934
49582	健忘症	1	515707	97.231123
49583	健身中心	1	515708	97.231312
49584	健身俱樂部	1	515709	97.231501
49585	健保法	1	515710	97.231690
49586	健美車	1	515711	97.231879
49587	健美院	1	515712	97.232068
49588	健美操	1	515713	97.232257
49589	健康化	1	515714	97.232446
49590	健康有聲書	1	515715	97.232635
49591	健康觀	1	515716	97.232824
49592	健診	1	515717	97.233013
49593	健診中心	1	515718	97.233202
49594	健碩	1	515719	97.233391
49595	健談	1	515720	97.233580
49596	健齒	1	515721	97.233769
49597	偶一為之	1	515722	97.233958
49598	偶見	1	515723	97.234147
49599	偶記	1	515724	97.234336
49600	偶發性	1	515725	97.234525
49601	偶感	1	515726	97.234714
49602	偶像明星	1	515727	97.234903
49603	偶數羽狀複葉	1	515728	97.235092
49604	偶讀	1	515729	97.235281
49605	偎依	1	515730	97.235470
49606	偵破	1	515731	97.235659
49607	偵探小說	1	515732	97.235848
49608	偵探片	1	515733	97.236037
49609	偵探電影	1	515734	97.236226
49610	偵測器	1	515735	97.236415
49611	偵煙器	1	515736	97.236604
49612	側支血管	1	515737	97.236793
49613	側支動脈	1	515738	97.236982
49614	側平舉	1	515739	97.237171
49615	側目	1	515740	97.237360
49616	側冰磧	1	515741	97.237549
49617	側向式	1	515742	97.237738
49618	側室	1	515743	97.237927
49619	側影	1	515744	97.238116
49620	側撞防護系統	1	515745	97.238305
49621	側牆	1	515746	97.238494
49622	側彎	1	515747	97.238683
49623	偷吃	1	515748	97.238872
49624	偷回	1	515749	97.239061
49625	偷你千遍也不厭倦	1	515750	97.239250
49626	偷兒	1	515751	97.239439
49627	偷青	1	515752	97.239628
49628	偷食	1	515753	97.239817
49629	偷笑	1	515754	97.240006
49630	偷偷地	1	515755	97.240195
49631	偷望	1	515756	97.240384
49632	偷渡者	1	515757	97.240573
49633	偷渡潮	1	515758	97.240762
49634	偷節	1	515759	97.240951
49635	偷嘗禁果	1	515760	97.241140
49636	偷摸	1	515761	97.241329
49637	偷學	1	515762	97.241518
49638	偏心性硬韌腫塊	1	515763	97.241707
49639	偏方	1	515764	97.241896
49640	偏光	1	515765	97.242085
49641	偏好度	1	515766	97.242274
49642	偏居	1	515767	97.242463
49643	偏房	1	515768	97.242652
49644	偏南	1	515769	97.242841
49645	偏航	1	515770	97.243030
49646	偏財運	1	515771	97.243219
49647	偏置	1	515772	97.243408
49648	偏鋒	1	515773	97.243597
49649	倏地	1	515774	97.243786
49650	倏然	1	515775	97.243975
49651	兜圈	1	515776	97.244164
49652	兜率天	1	515777	97.244353
49653	兜頭	1	515778	97.244542
49654	剪片	1	515779	97.244731
49655	剪紙畫	1	515780	97.244920
49656	剪除	1	515781	97.245109
49657	剪接室	1	515782	97.245298
49658	剪掉	1	515783	97.245487
49659	剪貼紙	1	515784	97.245676
49660	剪貼賽	1	515785	97.245865
49661	剪貼簿	1	515786	97.246054
49662	剪影戲	1	515787	97.246243
49663	剪髮	1	515788	97.246432
49664	剪輯線	1	515789	97.246621
49665	副主編	1	515790	97.246810
49666	副本	1	515791	97.246999
49667	副甲狀腺	1	515792	97.247188
49668	副交感神經	1	515793	97.247377
49669	副位	1	515794	97.247566
49670	副委員長	1	515795	97.247755
49671	副社長	1	515796	97.247944
49672	副科長	1	515797	97.248133
49673	副食品	1	515798	97.248322
49674	副首長	1	515799	97.248511
49675	副祕書	1	515800	97.248700
49676	副秘書長	1	515801	97.248889
49677	副參謀總長	1	515802	97.249078
49678	副執行秘書	1	515803	97.249267
49679	副都統	1	515804	97.249456
49680	副署權	1	515805	97.249645
49681	副董	1	515806	97.249834
49682	副鼻竇炎	1	515807	97.250023
49683	副審計長	1	515808	97.250212
49684	副廠長	1	515809	97.250401
49685	副標題	1	515810	97.250590
49686	副樓	1	515811	97.250779
49687	副駕駛	1	515812	97.250968
49688	副總栽	1	515813	97.251157
49689	副總編	1	515814	97.251346
49690	副總編輯	1	515815	97.251535
49691	副鎮長	1	515816	97.251724
49692	副題	1	515817	97.251913
49693	副議長	1	515818	97.252102
49694	勒氏皇帶魚	1	515819	97.252291
49695	勒令	1	515820	97.252480
49696	勒贖	1	515821	97.252669
49697	務求	1	515822	97.252858
49698	務實主義	1	515823	97.253047
49699	務實性	1	515824	97.253236
49700	勘定	1	515825	97.253425
49701	勘破	1	515826	97.253614
49702	勘測	1	515827	97.253803
49703	勘誤	1	515828	97.253992
49704	勘驗	1	515829	97.254181
49705	動人心魄	1	515830	97.254370
49706	動刀	1	515831	97.254559
49707	動力源	1	515832	97.254748
49708	動力輔助轉向系統	1	515833	97.254937
49709	動力學	1	515834	97.255126
49710	動力轉向系統	1	515835	97.255315
49711	動工率	1	515836	97.255504
49712	動支	1	515837	97.255693
49713	動因	1	515838	97.255882
49714	動武	1	515839	97.256071
49715	動物村	1	515840	97.256260
49716	動物性	1	515841	97.256449
49717	動物性脂肪	1	515842	97.256638
49718	動物保護組織	1	515843	97.256827
49719	動物界	1	515844	97.257016
49720	動物商	1	515845	97.257205
49721	動物博覽會	1	515846	97.257394
49722	動物學家	1	515847	97.257583
49723	動物體	1	515848	97.257772
49724	動冠狀動脈	1	515849	97.257961
49725	動員令	1	515850	97.258150
49726	動脈血栓內膜剝離術	1	515851	97.258339
49727	動脈瘤	1	515852	97.258528
49728	動動手	1	515853	97.258717
49729	動粗	1	515854	97.258906
49730	動植物自然保護區	1	515855	97.259095
49731	動植物保護園	1	515856	97.259284
49732	動畫片	1	515857	97.259473
49733	動畫家	1	515858	97.259662
49734	動筆	1	515859	97.259851
49735	動量	1	515860	97.260040
49736	動搖期	1	515861	97.260229
49737	動嘴	1	515862	97.260418
49738	動線	1	515863	97.260607
49739	動遷	1	515864	97.260796
49740	動蕩	1	515865	97.260985
49741	動靜皆宜	1	515866	97.261174
49742	匙狀指	1	515867	97.261363
49743	匿名	1	515868	97.261552
49744	區中運	1	515869	97.261741
49745	區公所	1	515870	97.261930
49746	區域性	1	515871	97.262119
49747	區域型	1	515872	97.262308
49748	區域計畫法	1	515873	97.262497
49749	區間性	1	515874	97.262686
49750	區運會	1	515875	97.262875
49751	參一腳	1	515876	97.263064
49752	參天	1	515877	97.263253
49753	參天大樹	1	515878	97.263442
49754	參加者	1	515879	97.263631
49755	參考仕樣車	1	515880	97.263820
49756	參見	1	515881	97.264009
49757	參政者	1	515882	97.264198
49758	參政權	1	515883	97.264387
49759	參差不齊	1	515884	97.264576
49760	參悟	1	515885	97.264765
49761	參酌	1	515886	97.264954
49762	參訪	1	515887	97.265143
49763	參訪團	1	515888	97.265332
49764	參照	1	515889	97.265521
49765	參預	1	515890	97.265710
49766	參數	1	515891	97.265899
49767	參謀總長	1	515892	97.266088
49768	參賽車	1	515893	97.266277
49769	參雜	1	515894	97.266466
49770	參觀券	1	515895	97.266655
49771	參觀記	1	515896	97.266844
49772	參觀團	1	515897	97.267033
49773	曼氏迭宮絛蟲裂頭蚴	1	515898	97.267222
49774	曼妙	1	515899	97.267411
49775	曼哈坦	1	515900	97.267600
49776	曼哈頓	1	515901	97.267789
49777	商工	1	515902	97.267978
49778	商工會	1	515903	97.268167
49779	商工會議所	1	515904	97.268356
49780	商水	1	515905	97.268545
49781	商丘	1	515906	97.268734
49782	商用車型	1	515907	97.268923
49783	商車休旅化	1	515908	97.269112
49784	商事法	1	515909	97.269301
49785	商品銷售法	1	515910	97.269490
49786	商研所	1	515911	97.269679
49787	商科	1	515912	97.269868
49788	商旅	1	515913	97.270057
49789	商旅客	1	515914	97.270246
49790	商務旅館	1	515915	97.270435
49791	商務部長	1	515916	97.270624
49792	商務艙	1	515917	97.270813
49793	商區	1	515918	97.271002
49794	商專	1	515919	97.271191
49795	商情	1	515920	97.271380
49796	商販	1	515921	97.271569
49797	商富實業公司	1	515922	97.271758
49798	商會	1	515923	97.271947
49799	商業大廈	1	515924	97.272136
49800	商業大樓	1	515925	97.272325
49801	商業化	1	515926	97.272514
49802	商業技術移民法	1	515927	97.272703
49803	商業周刊	1	515928	97.272892
49804	商業移民法	1	515929	97.273081
49805	商業軟體聯盟	1	515930	97.273270
49806	商號	1	515931	97.273459
49807	商銀	1	515932	97.273648
49808	商標局	1	515933	97.273837
49809	商標法	1	515934	97.274026
49810	商學系	1	515935	97.274215
49811	商學研究所	1	515936	97.274404
49812	商職	1	515937	97.274593
49813	商議	1	515938	97.274782
49814	啪啪	1	515939	97.274971
49815	啞口	1	515940	97.275160
49816	啞女	1	515941	97.275349
49817	啞子	1	515942	97.275538
49818	啃蝕	1	515943	97.275727
49819	唱反調	1	515944	97.275916
49820	唱片公司	1	515945	97.276105
49821	唱片界	1	515946	97.276294
49822	唱作俱佳	1	515947	97.276483
49823	唱法	1	515948	97.276672
49824	唱門頭	1	515949	97.276861
49825	唱報	1	515950	97.277050
49826	唱詞	1	515951	97.277239
49827	唱詩班	1	515952	97.277428
49828	唱遊賽	1	515953	97.277617
49829	唱機	1	515954	97.277806
49830	問占	1	515955	97.277995
49831	問句	1	515956	97.278184
49832	問卷表	1	515957	97.278373
49833	問候語	1	515958	97.278562
49834	問訊	1	515959	97.278751
49835	問起	1	515960	97.278940
49836	問斬	1	515961	97.279129
49837	問罪	1	515962	97.279318
49838	問詢	1	515963	97.279507
49839	問題學生	1	515964	97.279696
49840	問題點	1	515965	97.279885
49841	問難	1	515966	97.280074
49842	唯利是圖	1	515967	97.280263
49843	唯吾爾	1	515968	97.280452
49844	唯物史觀	1	515969	97.280641
49845	唯物辯證法	1	515970	97.280830
49846	唯美派	1	515971	97.281019
49847	唯識宗	1	515972	97.281208
49848	唯覺師父	1	515973	97.281397
49849	唯讀記憶體	1	515974	97.281586
49850	啤酒店	1	515975	97.281775
49851	啤酒商	1	515976	97.281964
49852	啤酒罐	1	515977	97.282153
49853	唸完	1	515978	97.282342
49854	唸唸有詞	1	515979	97.282531
49855	售完	1	515980	97.282720
49856	售票口	1	515981	97.282909
49857	啜酒	1	515982	97.283098
49858	啜飲地	1	515983	97.283287
49859	啣泥	1	515984	97.283476
49860	圈內	1	515985	97.283665
49861	圈外人	1	515986	97.283854
49862	圈形	1	515987	97.284043
49863	圈形彈簧式	1	515988	97.284232
49864	圈足缽	1	515989	97.284421
49865	圈足器	1	515990	97.284610
49866	圈套	1	515991	97.284799
49867	圈圈板	1	515992	97.284988
49868	國土局	1	515993	97.285177
49869	國土使用證	1	515994	97.285366
49870	國土恩	1	515995	97.285555
49871	國土綜合開發計畫	1	515996	97.285744
49872	國大代表	1	515997	97.285933
49873	國大第三次臨時會	1	515998	97.286122
49874	國大臨時會	1	515999	97.286311
49875	國中部	1	516000	97.286500
49876	國內標	1	516001	97.286689
49877	國父傳	1	516002	97.286878
49878	國史	1	516003	97.287067
49879	國本	1	516004	97.287256
49880	國民大會	1	516005	97.287445
49881	國民平均所得	1	516006	97.287634
49882	國民生產總額	1	516007	97.287823
49883	國民年金制度	1	516008	97.288012
49884	國民住宅	1	516009	97.288201
49885	國民住宅法	1	516010	97.288390
49886	國民身分證	1	516011	97.288579
49887	國民學校	1	516012	97.288768
49888	國民黨中央黨部	1	516013	97.288957
49889	國民黨員	1	516014	97.289146
49890	國立中央圖書館	1	516015	97.289335
49891	國立復興劇藝實驗學校	1	516016	97.289524
49892	國立過敏暨傳染病研究所	1	516017	97.289713
49893	國光號	1	516018	97.289902
49894	國光獎章	1	516019	97.290091
49895	國共之戰	1	516020	97.290280
49896	國共合作	1	516021	97.290469
49897	國名	1	516022	97.290658
49898	國安局	1	516023	97.290847
49899	國有土地	1	516024	97.291036
49900	國防武器	1	516025	97.291225
49901	國防科技	1	516026	97.291414
49902	國防醫學院	1	516027	97.291603
49903	國防體系	1	516028	97.291792
49904	國法	1	516029	97.291981
49905	國門	1	516030	97.292170
49906	國俗	1	516031	97.292359
49907	國建六年計畫	1	516032	97.292548
49908	國建股	1	516033	97.292737
49909	國建計劃	1	516034	97.292926
49910	國是	1	516035	97.293115
49911	國英語	1	516036	97.293304
49912	國家公園法	1	516037	97.293493
49913	國家地理雜誌	1	516038	97.293682
49914	國家安全顧問	1	516039	97.293871
49915	國家科技發展十年長程計劃	1	516040	97.294060
49916	國家美術館	1	516041	97.294249
49917	國家計畫協會	1	516042	97.294438
49918	國家級	1	516043	97.294627
49919	國家骨髓移植供者組織計劃會	1	516044	97.294816
49920	國家高速電腦中心	1	516045	97.295005
49921	國家清真寺	1	516046	97.295194
49922	國家設計獎	1	516047	97.295383
49923	國家野生動物部門	1	516048	97.295572
49924	國家電視臺	1	516049	97.295761
49925	國家電影保存法案	1	516050	97.295950
49926	國家電影資料館	1	516051	97.296139
49927	國家廣播公司	1	516052	97.296328
49928	國家標準	1	516053	97.296517
49929	國家賠償	1	516054	97.296706
49930	國宴	1	516055	97.296895
49931	國庫署	1	516056	97.297084
49932	國恥	1	516057	97.297273
49933	國書	1	516058	97.297462
49934	國特	1	516059	97.297651
49935	國產化	1	516060	97.297840
49936	國產汽車	1	516061	97.298029
49937	國統會	1	516062	97.298218
49938	國統綱領	1	516063	97.298407
49939	國術館	1	516064	97.298596
49940	國喬	1	516065	97.298785
49941	國富調查報告	1	516066	97.298974
49942	國稅	1	516067	97.299163
49943	國策中心	1	516068	97.299352
49944	國華廣告公司	1	516069	97.299541
49945	國貿大樓	1	516070	97.299730
49946	國貿局	1	516071	97.299919
49947	國會助理	1	516072	97.300108
49948	國會觀察基金會	1	516073	97.300297
49949	國瑞汽車	1	516074	97.300486
49950	國瑞遊艇	1	516075	97.300675
49951	國瑞豐田	1	516076	97.300864
49952	國道局	1	516077	97.301053
49953	國語文競賽	1	516078	97.301242
49954	國語日報文化中心	1	516079	97.301431
49955	國語科	1	516080	97.301620
49956	國語朗讀賽	1	516081	97.301809
49957	國語週刊	1	516082	97.301998
49958	國語運動	1	516083	97.302187
49959	國語播音班	1	516084	97.302376
49960	國賓	1	516085	97.302565
49961	國賓飯店	1	516086	97.302754
49962	國賓戲院	1	516087	97.302943
49963	國際人	1	516088	97.303132
49964	國際互換交易員協會	1	516089	97.303321
49965	國際公約	1	516090	97.303510
49966	國際反仿冒聯盟	1	516091	97.303699
49967	國際文教機構	1	516092	97.303888
49968	國際企業學系	1	516093	97.304077
49969	國際行銷部門	1	516094	97.304266
49970	國際扶輪社	1	516095	97.304455
49971	國際兒童音樂節	1	516096	97.304644
49972	國際委員會	1	516097	97.304833
49973	國際性組織	1	516098	97.305022
49974	國際版	1	516099	97.305211
49975	國際直撥電話	1	516100	97.305400
49976	國際青年節	1	516101	97.305589
49977	國際青年藝術展覽會	1	516102	97.305778
49978	國際青商會	1	516103	97.305967
49979	國際保全聯盟	1	516104	97.306156
49980	國際度量衡總會	1	516105	97.306345
49981	國際美語村	1	516106	97.306534
49982	國際音標	1	516107	97.306723
49983	國際音樂賽	1	516108	97.306912
49984	國際書展主題館	1	516109	97.307101
49985	國際航空公司	1	516110	97.307290
49986	國際航空協會	1	516111	97.307479
49987	國際骨髓移植組織	1	516112	97.307668
49988	國際商業銀行	1	516113	97.307857
49989	國際救濟組織	1	516114	97.308046
49990	國際教育學院	1	516115	97.308235
49991	國際勞工組織婦女部門	1	516116	97.308424
49992	國際博覽會	1	516117	97.308613
49993	國際買賣瀕臨絕種生物公約	1	516118	97.308802
49994	國際貿易協會	1	516119	97.308991
49995	國際貿易理論	1	516120	97.309180
49996	國際奧委會	1	516121	97.309369
49997	國際奧運會	1	516122	97.309558
49998	國際運動會	1	516123	97.309747
49999	國際電信管理局	1	516124	97.309936
50000	國際電話	1	516125	97.310125
50001	國際電影節	1	516126	97.310314
50002	國際管理發展學院	1	516127	97.310503
50003	國際廣告作品欣賞會	1	516128	97.310692
50004	國際廣告獎	1	516129	97.310881
50005	國際標	1	516130	97.311070
50006	國際標準化機構	1	516131	97.311259
50007	國際線	1	516132	97.311448
50008	國際學生中心	1	516133	97.311637
50009	國際學舍	1	516134	97.311826
50010	國際學術研討會	1	516135	97.312015
50011	國際戲院	1	516136	97.312204
50012	國際營	1	516137	97.312393
50013	國際環境開發研究所	1	516138	97.312582
50014	國際賽	1	516139	97.312771
50015	國際賽車手	1	516140	97.312960
50016	國際禮儀	1	516141	97.313149
50017	國際關係	1	516142	97.313338
50018	國際關係系	1	516143	97.313527
50019	國際鯨委員會	1	516144	97.313716
50020	國際警察	1	516145	97.313905
50021	國慶音樂會	1	516146	97.314094
50022	國慶聯歡大會	1	516147	97.314283
50023	國樂團	1	516148	97.314472
50024	國殤	1	516149	97.314661
50025	國賠	1	516150	97.314850
50026	國輪	1	516151	97.315039
50027	國險	1	516152	97.315228
50028	國營化	1	516153	97.315417
50029	國營會	1	516154	97.315606
50030	國醫	1	516155	97.315795
50031	國醫節	1	516156	97.315984
50032	國寶級	1	516157	97.316173
50033	國寶集團	1	516158	97.316362
50034	國觀會	1	516159	97.316551
50035	堅石	1	516160	97.316740
50036	堅牢	1	516161	97.316929
50037	堅定性	1	516162	97.317118
50038	堅拒	1	516163	97.317307
50039	堅貞	1	516164	97.317496
50040	堅壁清野	1	516165	97.317685
50041	堅辭	1	516166	97.317874
50042	堆放	1	516167	97.318063
50043	堆肥	1	516168	97.318252
50044	堆芯	1	516169	97.318441
50045	堆置	1	516170	97.318630
50046	堆滿	1	516171	97.318819
50047	堆積物	1	516172	97.319008
50048	堆擠	1	516173	97.319197
50049	基山	1	516174	97.319386
50050	基牙	1	516175	97.319575
50051	基市	1	516176	97.319764
50052	基本工資	1	516177	97.319953
50053	基本法	1	516178	97.320142
50054	基本釉	1	516179	97.320331
50055	基本數	1	516180	97.320520
50056	基因技術法	1	516181	97.320709
50057	基佛蘇澤蘭	1	516182	97.320898
50058	基底	1	516183	97.321087
50059	基度山恩仇記	1	516184	97.321276
50060	基料	1	516185	97.321465
50061	基訓	1	516186	97.321654
50062	基期	1	516187	97.321843
50063	基隆文化中心	1	516188	97.322032
50064	基隆煤礦	1	516189	97.322221
50065	基督教史	1	516190	97.322410
50066	基督教青年會	1	516191	97.322599
50067	基督教徒	1	516192	97.322788
50068	基督教會	1	516193	97.322977
50069	基頓	1	516194	97.323166
50070	基輔	1	516195	97.323355
50071	基輔山洞	1	516196	97.323544
50072	基輔市	1	516197	97.323733
50073	基盤	1	516198	97.323922
50074	基點	1	516199	97.324111
50075	堂兄	1	516200	97.324300
50076	堂兄弟	1	516201	97.324489
50077	堂皇	1	516202	97.324678
50078	堂皇富麗	1	516203	97.324867
50079	堂堂正正	1	516204	97.325056
50080	堂會	1	516205	97.325245
50081	堂審	1	516206	97.325434
50082	堵車	1	516207	97.325623
50083	執行力	1	516208	97.325812
50084	執行官	1	516209	97.326001
50085	執行副總經理	1	516210	97.326190
50086	執行編輯	1	516211	97.326379
50087	執行檔	1	516212	97.326568
50088	執行總裁	1	516213	97.326757
50089	執委	1	516214	97.326946
50090	執政權	1	516215	97.327135
50091	執起	1	516216	97.327324
50092	執迷不悟	1	516217	97.327513
50093	執掌	1	516218	97.327702
50094	執業	1	516219	97.327891
50095	執旗	1	516220	97.328080
50096	執槍	1	516221	97.328269
50097	培元中學	1	516222	97.328458
50098	培根	1	516223	97.328647
50099	培養法	1	516224	97.328836
50100	夠味	1	516225	97.329025
50101	夠重	1	516226	97.329214
50102	夠格	1	516227	97.329403
50103	奢侈品	1	516228	97.329592
50104	奢慾	1	516229	97.329781
50105	奢靡	1	516230	97.329970
50106	娶新娘	1	516231	97.330159
50107	娶親	1	516232	97.330348
50108	娶親記	1	516233	97.330537
50109	婉謝	1	516234	97.330726
50110	婦女救援基金會	1	516235	97.330915
50111	婦工會	1	516236	97.331104
50112	婦幼醫院	1	516237	97.331293
50113	婦援會	1	516238	97.331482
50114	婦運	1	516239	97.331671
50115	婦道人家	1	516240	97.331860
50116	婦德	1	516241	97.332049
50117	婀娜	1	516242	97.332238
50118	娼家	1	516243	97.332427
50119	婚友介紹所	1	516244	97.332616
50120	婚前	1	516245	97.332805
50121	婚姻大事	1	516246	97.332994
50122	婚約	1	516247	97.333183
50123	婚喪	1	516248	97.333372
50124	婚喪嫁娶	1	516249	97.333561
50125	婚壇	1	516250	97.333750
50126	婚聯	1	516251	97.333939
50127	婚鑽	1	516252	97.334128
50128	婆老	1	516253	97.334317
50129	婆娑生姿	1	516254	97.334506
50130	婆家	1	516255	97.334695
50131	婆羅	1	516256	97.334884
50132	婆羅洲	1	516257	97.335073
50133	寄存	1	516258	97.335262
50134	寄來	1	516259	97.335451
50135	寄居	1	516260	97.335640
50136	寄附	1	516261	97.335829
50137	寄信	1	516262	97.336018
50138	寄書	1	516263	97.336207
50139	寄給	1	516264	97.336396
50140	寄贈	1	516265	97.336585
50141	寂寂	1	516266	97.336774
50142	寂滅	1	516267	97.336963
50143	寂靜無聲	1	516268	97.337152
50144	宿主	1	516269	97.337341
50145	宿命式	1	516270	97.337530
50146	宿泊	1	516271	97.337719
50147	宿泊地	1	516272	97.337908
50148	宿幹	1	516273	97.338097
50149	宿緣	1	516274	97.338286
50150	宿醉	1	516275	97.338475
50151	宿營	1	516276	97.338664
50152	宿營地	1	516277	97.338853
50153	宿願	1	516278	97.339042
50154	密令	1	516279	97.339231
50155	密而不宣	1	516280	97.339420
50156	密西根湖	1	516281	97.339609
50157	密告	1	516282	97.339798
50158	密封墊	1	516283	97.339987
50159	密特朗	1	516284	97.340176
50160	密探	1	516285	97.340365
50161	密教占星術	1	516286	97.340554
50162	密術	1	516287	97.340743
50163	密報	1	516288	97.340932
50164	密集班	1	516289	97.341121
50165	密歇雷格蘭	1	516290	97.341310
50166	密齒比型	1	516291	97.341499
50167	密藏	1	516292	97.341688
50168	密覆	1	516293	97.341877
50169	密蘇里州	1	516294	97.342066
50170	密護	1	516295	97.342255
50171	尉犁縣	1	516296	97.342444
50172	專一	1	516297	97.342633
50173	專心一致	1	516298	97.342822
50174	專用液化氣站	1	516299	97.343011
50175	專利品	1	516300	97.343200
50176	專志	1	516301	97.343389
50177	專技	1	516302	97.343578
50178	專事	1	516303	97.343767
50179	專享	1	516304	97.343956
50180	專制主義	1	516305	97.344145
50181	專注力	1	516306	97.344334
50182	專法	1	516307	97.344523
50183	專指	1	516308	97.344712
50184	專科教室	1	516309	97.344901
50185	專修班	1	516310	97.345090
50186	專書	1	516311	97.345279
50187	專線電話	1	516312	97.345468
50188	專橫拔扈	1	516313	97.345657
50189	專機	1	516314	97.345846
50190	專檔	1	516315	97.346035
50191	將才	1	516316	97.346224
50192	將功折罪	1	516317	97.346413
50193	將官	1	516318	97.346602
50194	將門	1	516319	97.346791
50195	將軍巷	1	516320	97.346980
50196	將軍鄉	1	516321	97.347169
50197	將軍廟	1	516322	97.347358
50198	屠刀	1	516323	97.347547
50199	屠夫	1	516324	97.347736
50200	屠用謙	1	516325	97.347925
50201	屠城	1	516326	97.348114
50202	屠宰	1	516327	97.348303
50203	屠宰室	1	516328	97.348492
50204	屠宰場	1	516329	97.348681
50205	屠場	1	516330	97.348870
50206	屠戮	1	516331	97.349059
50207	屠蘇	1	516332	97.349248
50208	崇仁	1	516333	97.349437
50209	崇和國小	1	516334	97.349626
50210	崇信	1	516335	97.349815
50211	崇洋	1	516336	97.350004
50212	崇國公	1	516337	97.350193
50213	崖岸	1	516338	97.350382
50214	崑山經濟技術開發區	1	516339	97.350571
50215	崩山腳釣場	1	516340	97.350760
50216	崩牙	1	516341	97.350949
50217	崩石	1	516342	97.351138
50218	崩陷	1	516343	97.351327
50219	崩落	1	516344	97.351516
50220	崩盤	1	516345	97.351705
50221	崩頹	1	516346	97.351894
50222	崔日用	1	516347	97.352083
50223	崔西	1	516348	97.352272
50224	崔祝侃	1	516349	97.352461
50225	崔愛蓮	1	516350	97.352650
50226	崔巍	1	516351	97.352839
50227	巢中	1	516352	97.353028
50228	常玉	1	516353	97.353217
50229	常言	1	516354	97.353406
50230	常例	1	516355	97.353595
50231	常委	1	516356	97.353784
50232	常青樹	1	516357	97.353973
50233	常相廝守	1	516358	97.354162
50234	常務董事	1	516359	97.354351
50235	常備士官班	1	516360	97.354540
50236	常楓	1	516361	97.354729
50237	常態編班	1	516362	97.354918
50238	常樂	1	516363	97.355107
50239	常樅	1	516364	97.355296
50240	常駐代表	1	516365	97.355485
50241	常駐使節	1	516366	97.355674
50242	帶子洪郎	1	516367	97.355863
50243	帶原期	1	516368	97.356052
50244	帶笑	1	516369	97.356241
50245	帶動者	1	516370	97.356430
50246	帶球跑	1	516371	97.356619
50247	帶魚	1	516372	97.356808
50248	帶隊	1	516373	97.356997
50249	帶頭者	1	516374	97.357186
50250	帶擬隆鯛	1	516375	97.357375
50251	帳子	1	516376	97.357564
50252	帳本	1	516377	97.357753
50253	帳款	1	516378	97.357942
50254	康丁斯墓	1	516379	97.358131
50255	康乃狄克州	1	516380	97.358320
50256	康乃爾大學	1	516381	97.358509
50257	康士坦丁大帝	1	516382	97.358698
50258	康士坦丁堡	1	516383	97.358887
50259	康和證券	1	516384	97.359076
50260	康定斯基	1	516385	97.359265
50261	康明衫	1	516386	97.359454
50262	康健人壽	1	516387	97.359643
50263	康梁	1	516388	97.359832
50264	康莊	1	516389	97.360021
50265	康瑞	1	516390	97.360210
50266	康寧公司	1	516391	97.360399
50267	康寧祥	1	516392	97.360588
50268	康熙時代	1	516393	97.360777
50269	康德黎	1	516394	97.360966
50270	康樂	1	516395	97.361155
50271	康樂集	1	516396	97.361344
50272	庸才	1	516397	97.361533
50273	庸者	1	516398	97.361722
50274	庸庵筆記	1	516399	97.361911
50275	庸碌	1	516400	97.362100
50276	庸碌者	1	516401	97.362289
50277	庶民區	1	516402	97.362478
50278	庶務課長	1	516403	97.362667
50279	庶幾	1	516404	97.362856
50280	庾澄慶	1	516405	97.363045
50281	張八嶺	1	516406	97.363234
50282	張乞食	1	516407	97.363423
50283	張口結舌	1	516408	97.363612
50284	張大千	1	516409	97.363801
50285	張小鳳	1	516410	97.363990
50286	張才雄	1	516411	97.364179
50287	張之萬	1	516412	97.364368
50288	張天師	1	516413	97.364557
50289	張文宗	1	516414	97.364746
50290	張文環	1	516415	97.364935
50291	張文獻	1	516416	97.365124
50292	張牙舞爪	1	516417	97.365313
50293	張打鐵	1	516418	97.365502
50294	張民陽	1	516419	97.365691
50295	張永聲	1	516420	97.365880
50296	張合	1	516421	97.366069
50297	張旭成	1	516422	97.366258
50298	張百熙	1	516423	97.366447
50299	張老師月刊	1	516424	97.366636
50300	張至滿	1	516425	97.366825
50301	張伯笠	1	516426	97.367014
50302	張伯期峽谷	1	516427	97.367203
50303	張孝威	1	516428	97.367392
50304	張秀梅	1	516429	97.367581
50305	張系國	1	516430	97.367770
50306	張邦基	1	516431	97.367959
50307	張宗輝	1	516432	97.368148
50308	張居正	1	516433	97.368337
50309	張昌邦	1	516434	97.368526
50310	張明玉	1	516435	97.368715
50311	張果老	1	516436	97.368904
50312	張炎森	1	516437	97.369093
50313	張金釵	1	516438	97.369282
50314	張雨生	1	516439	97.369471
50315	張恨水	1	516440	97.369660
50316	張柏郎	1	516441	97.369849
50317	張玲	1	516442	97.370038
50318	張看	1	516443	97.370227
50319	張美姬	1	516444	97.370416
50320	張軍堂	1	516445	97.370605
50321	張飛	1	516446	97.370794
50322	張哲郎	1	516447	97.370983
50323	張峰治	1	516448	97.371172
50324	張素卿	1	516449	97.371361
50325	張國清	1	516450	97.371550
50326	張晨光	1	516451	97.371739
50327	張清秀	1	516452	97.371928
50328	張清勤	1	516453	97.372117
50329	張淑民	1	516454	97.372306
50330	張深切	1	516455	97.372495
50331	張堯舜	1	516456	97.372684
50332	張惠恭	1	516457	97.372873
50333	張曾澤	1	516458	97.373062
50334	張植珊	1	516459	97.373251
50335	張菲	1	516460	97.373440
50336	張集馨	1	516461	97.373629
50337	張飲	1	516462	97.373818
50338	張源春	1	516463	97.374007
50339	張瑜	1	516464	97.374196
50340	張裕能	1	516465	97.374385
50341	張嘉麟	1	516466	97.374574
50342	張榮發	1	516467	97.374763
50343	張瑤星	1	516468	97.374952
50344	張福財	1	516469	97.375141
50345	張網	1	516470	97.375330
50346	張魁	1	516471	97.375519
50347	張學友	1	516472	97.375708
50348	張燈結綵	1	516473	97.375897
50349	張興華	1	516474	97.376086
50350	張衡	1	516475	97.376275
50351	張燦鎏	1	516476	97.376464
50352	張瓊姿	1	516477	97.376653
50353	張懸	1	516478	97.376842
50354	張騰芳	1	516479	97.377031
50355	張懿仁	1	516480	97.377220
50356	張豊猷	1	516481	97.377409
50357	張靚菡	1	516482	97.377598
50358	張謇	1	516483	97.377787
50359	強人政治	1	516484	97.377976
50360	強化奶粉	1	516485	97.378165
50361	強化懸掛系統	1	516486	97.378354
50362	強占	1	516487	97.378543
50363	強尼	1	516488	97.378732
50364	強尼阿利第	1	516489	97.378921
50365	強民	1	516490	97.379110
50366	強有力	1	516491	97.379299
50367	強攻	1	516492	97.379488
50368	強沃特	1	516493	97.379677
50369	強拍	1	516494	97.379866
50370	強迫性	1	516495	97.380055
50371	強迫性神經症	1	516496	97.380244
50372	強控	1	516497	97.380433
50373	強渡	1	516498	97.380622
50374	強盜保鑣	1	516499	97.380811
50375	強勢股	1	516500	97.381000
50376	強毅	1	516501	97.381189
50377	強鄰	1	516502	97.381378
50378	強檔	1	516503	97.381567
50379	強闖	1	516504	97.381756
50380	強辯	1	516505	97.381945
50381	強讀	1	516506	97.382134
50382	彬彬有禮	1	516507	97.382323
50383	彩田	1	516508	97.382512
50384	彩石	1	516509	97.382701
50385	彩光	1	516510	97.382890
50386	彩色抬頭顯示器	1	516511	97.383079
50387	彩色電視	1	516512	97.383268
50388	彩色顯示器	1	516513	97.383457
50389	彩車隊	1	516514	97.383646
50390	彩金	1	516515	97.383835
50391	彩虹假期	1	516516	97.384024
50392	彩虹專案	1	516517	97.384213
50393	彩虹橋	1	516518	97.384402
50394	彩帶	1	516519	97.384591
50395	彩蛋	1	516520	97.384780
50396	彩煙	1	516521	97.384969
50397	彩裝	1	516522	97.385158
50398	彩釉	1	516523	97.385347
50399	彩電	1	516524	97.385536
50400	彩燈	1	516525	97.385725
50401	彩錦	1	516526	97.385914
50402	彩頭	1	516527	97.386103
50403	彩繡	1	516528	97.386292
50404	彩繩	1	516529	97.386481
50405	彩繪式	1	516530	97.386670
50406	彩繪蛋	1	516531	97.386859
50407	彩鑽	1	516532	97.387048
50408	得手	1	516533	97.387237
50409	得回	1	516534	97.387426
50410	得法	1	516535	97.387615
50411	得益者	1	516536	97.387804
50412	得票	1	516537	97.387993
50413	得勢	1	516538	97.388182
50414	得意忘形	1	516539	97.388371
50415	得意的笑	1	516540	97.388560
50416	得道成仙	1	516541	97.388749
50417	得過且過	1	516542	97.388938
50418	得獎者	1	516543	97.389127
50419	得償所願	1	516544	97.389316
50420	得證	1	516545	97.389505
50421	徙居	1	516546	97.389694
50422	從今	1	516547	97.389883
50423	從何	1	516548	97.390072
50424	從良	1	516549	97.390261
50425	從長計議	1	516550	97.390450
50426	從軍	1	516551	97.390639
50427	從缺	1	516552	97.390828
50428	從商	1	516553	97.391017
50429	從速	1	516554	97.391206
50430	從業員	1	516555	97.391395
50431	從臺北看天下	1	516556	97.391584
50432	御史	1	516557	97.391773
50433	御瓦	1	516558	97.391962
50434	御妻	1	516559	97.392151
50435	御林軍	1	516560	97.392340
50436	御座	1	516561	97.392529
50437	御書園	1	516562	97.392718
50438	御婚	1	516563	97.392907
50439	御街行	1	516564	97.393096
50440	御碑亭	1	516565	97.393285
50441	御製	1	516566	97.393474
50442	御膳房	1	516567	97.393663
50443	御輿	1	516568	97.393852
50444	御點	1	516569	97.394041
50445	御醫	1	516570	97.394230
50446	患處	1	516571	97.394419
50447	患部	1	516572	97.394608
50448	患難與共	1	516573	97.394797
50449	悉聽尊便	1	516574	97.394986
50450	悠悠閑閑	1	516575	97.395175
50451	悠悠閒閒	1	516576	97.395364
50452	悠揚悅耳	1	516577	97.395553
50453	悠然自得	1	516578	97.395742
50454	您們	1	516579	97.395931
50455	惦念	1	516580	97.396120
50456	悽愴	1	516581	97.396309
50457	悽楚	1	516582	97.396498
50458	情人卡	1	516583	97.396687
50459	情同手足	1	516584	97.396876
50460	情治	1	516585	97.397065
50461	情治單位	1	516586	97.397254
50462	情物	1	516587	97.397443
50463	情非得已	1	516588	97.397632
50464	情信	1	516589	97.397821
50465	情欲	1	516590	97.398010
50466	情深	1	516591	97.398199
50467	情深意重	1	516592	97.398388
50468	情報站	1	516593	97.398577
50469	情報處	1	516594	97.398766
50470	情報頭子	1	516595	97.398955
50471	情感性精神病患	1	516596	97.399144
50472	情詩	1	516597	97.399333
50473	情話	1	516598	97.399522
50474	情話綿綿	1	516599	97.399711
50475	情網	1	516600	97.399900
50476	情與愛	1	516601	97.400089
50477	情謀	1	516602	97.400278
50478	情韻	1	516603	97.400467
50479	情竇初開	1	516604	97.400656
50480	悻悻	1	516605	97.400845
50481	悵惘	1	516606	97.401034
50482	悵然若失	1	516607	97.401223
50483	惜別	1	516608	97.401412
50484	惜別會	1	516609	97.401601
50485	惜紙	1	516610	97.401790
50486	惘然	1	516611	97.401979
50487	惕勵	1	516612	97.402168
50488	惟妙惟肖	1	516613	97.402357
50489	惟恐	1	516614	97.402546
50490	掠食者	1	516615	97.402735
50491	掠奪者	1	516616	97.402924
50492	控方	1	516617	97.403113
50493	控尿	1	516618	97.403302
50494	控制力	1	516619	97.403491
50495	控制室	1	516620	97.403680
50496	控制盒	1	516621	97.403869
50497	控制掣	1	516622	97.404058
50498	控制塔	1	516623	97.404247
50499	控制感應面	1	516624	97.404436
50500	控制臺	1	516625	97.404625
50501	控股公司	1	516626	97.404814
50502	控鍵	1	516627	97.405003
50503	探入	1	516628	97.405192
50504	探究教學法	1	516629	97.405381
50505	探知	1	516630	97.405570
50506	探查期	1	516631	97.405759
50507	探涉	1	516632	97.405948
50508	探索力	1	516633	97.406137
50509	探測隊	1	516634	97.406326
50510	探源	1	516635	97.406515
50511	探照燈	1	516636	97.406704
50512	探監	1	516637	97.406893
50513	探險員	1	516638	97.407082
50514	接合處	1	516639	97.407271
50515	接在	1	516640	97.407460
50516	接收站	1	516641	97.407649
50517	接收器	1	516642	97.407838
50518	接見室	1	516643	97.408027
50519	接花工	1	516644	97.408216
50520	接屍費	1	516645	97.408405
50521	接待員	1	516646	97.408594
50522	接球	1	516647	97.408783
50523	接貨	1	516648	97.408972
50524	接掌人	1	516649	97.409161
50525	接棒者	1	516650	97.409350
50526	接筆	1	516651	97.409539
50527	接腔	1	516652	97.409728
50528	接載	1	516653	97.409917
50529	接管率	1	516654	97.410106
50530	接踵	1	516655	97.410295
50531	接頭語	1	516656	97.410484
50532	接濟	1	516657	97.410673
50533	接點	1	516658	97.410862
50534	接觸力	1	516659	97.411051
50535	接觸面	1	516660	97.411240
50536	接觸點	1	516661	97.411429
50537	捷克文	1	516662	97.411618
50538	捷克暨斯洛伐克	1	516663	97.411807
50539	捷豹車廠	1	516664	97.411996
50540	捷登廣告社	1	516665	97.412185
50541	捷運藍線	1	516666	97.412374
50542	捧人	1	516667	97.412563
50543	捧人場	1	516668	97.412752
50544	捧出	1	516669	97.412941
50545	捧回	1	516670	97.413130
50546	捧抱	1	516671	97.413319
50547	捧盒	1	516672	97.413508
50548	掘土	1	516673	97.413697
50549	掘穴	1	516674	97.413886
50550	掘河	1	516675	97.414075
50551	掘起	1	516676	97.414264
50552	掘溝	1	516677	97.414453
50553	措辭	1	516678	97.414642
50554	捱餓	1	516679	97.414831
50555	掩人耳目	1	516680	97.415020
50556	掩耳	1	516681	97.415209
50557	掩住	1	516682	97.415398
50558	掩沒	1	516683	97.415587
50559	掩來	1	516684	97.415776
50560	掩埋廠	1	516685	97.415965
50561	掩閉	1	516686	97.416154
50562	掩鼻	1	516687	97.416343
50563	掩蔽	1	516688	97.416532
50564	掩藏	1	516689	97.416721
50565	掉入	1	516690	97.416910
50566	掉淚	1	516691	97.417099
50567	掉換	1	516692	97.417288
50568	掉棋	1	516693	97.417477
50569	掉隊	1	516694	97.417666
50570	掉滿地	1	516695	97.417855
50571	掉漆	1	516696	97.418044
50572	掃出門	1	516697	97.418233
50573	掃毒	1	516698	97.418422
50574	掃貪	1	516699	97.418611
50575	掃路車	1	516700	97.418800
50576	掃墓節	1	516701	97.418989
50577	掃瞄器	1	516702	97.419178
50578	掃瞄機	1	516703	97.419367
50579	掛失	1	516704	97.419556
50580	掛冠而去	1	516705	97.419745
50581	掛冠求去	1	516706	97.419934
50582	掛急診	1	516707	97.420123
50583	掛畫	1	516708	97.420312
50584	掛號處	1	516709	97.420501
50585	掛號郵件	1	516710	97.420690
50586	掛慮	1	516711	97.420879
50587	掛曆	1	516712	97.421068
50588	掛鐘	1	516713	97.421257
50589	推土機	1	516714	97.421446
50590	推己及人	1	516715	97.421635
50591	推介	1	516716	97.421824
50592	推心置腹	1	516717	97.422013
50593	推平	1	516718	97.422202
50594	推行會	1	516719	97.422391
50595	推究	1	516720	97.422580
50596	推事	1	516721	97.422769
50597	推命法	1	516722	97.422958
50598	推命術	1	516723	97.423147
50599	推拉	1	516724	97.423336
50600	推拖	1	516725	97.423525
50601	推門	1	516726	97.423714
50602	推卻	1	516727	97.423903
50603	推背圖	1	516728	97.424092
50604	推衍	1	516729	97.424281
50605	推倒	1	516730	97.424470
50606	推案期	1	516731	97.424659
50607	推荐函	1	516732	97.424848
50608	推骨牌	1	516733	97.425037
50609	推高	1	516734	97.425226
50610	推動元	1	516735	97.425415
50611	推動年	1	516736	97.425604
50612	推動器	1	516737	97.425793
50613	推桿	1	516738	97.425982
50614	推理小說	1	516739	97.426171
50615	推理文學	1	516740	97.426360
50616	推理故事	1	516741	97.426549
50617	推許	1	516742	97.426738
50618	推窗	1	516743	97.426927
50619	推進器	1	516744	97.427116
50620	推漲	1	516745	97.427305
50621	推廣部	1	516746	97.427494
50622	推廣會	1	516747	97.427683
50623	推撞	1	516748	97.427872
50624	推導	1	516749	97.428061
50625	推磨	1	516750	97.428250
50626	授信	1	516751	97.428439
50627	授信額度	1	516752	97.428628
50628	授徒	1	516753	97.428817
50629	授精	1	516754	97.429006
50630	掙值	1	516755	97.429195
50631	掙錢	1	516756	97.429384
50632	採伐	1	516757	97.429573
50633	採收期	1	516758	97.429762
50634	採花	1	516759	97.429951
50635	採花賊	1	516760	97.430140
50636	採紅蓮	1	516761	97.430329
50637	採計	1	516762	97.430518
50638	採茶戲	1	516763	97.430707
50639	採訪者	1	516764	97.430896
50640	採訪組	1	516765	97.431085
50641	採訪線	1	516766	97.431274
50642	採訪證	1	516767	97.431463
50643	採蜜	1	516768	97.431652
50644	採編	1	516769	97.431841
50645	採購局	1	516770	97.432030
50646	採購法	1	516771	97.432219
50647	採購部	1	516772	97.432408
50648	採證	1	516773	97.432597
50649	排比	1	516774	97.432786
50650	排水口	1	516775	97.432975
50651	排水系統	1	516776	97.433164
50652	排水性	1	516777	97.433353
50653	排水量	1	516778	97.433542
50654	排水溝	1	516779	97.433731
50655	排水道	1	516780	97.433920
50656	排出量	1	516781	97.434109
50657	排句	1	516782	97.434298
50658	排石	1	516783	97.434487
50659	排印	1	516784	97.434676
50660	排字房	1	516785	97.434865
50661	排尿	1	516786	97.435054
50662	排序	1	516787	97.435243
50663	排拒	1	516788	97.435432
50664	排泄管	1	516789	97.435621
50665	排版系統	1	516790	97.435810
50666	排空而過	1	516791	97.435999
50667	排氣孔	1	516792	97.436188
50668	排氣管	1	516793	97.436377
50669	排氣靜音裝置	1	516794	97.436566
50670	排氣聲	1	516795	97.436755
50671	排班	1	516796	97.436944
50672	排除萬難	1	516797	97.437133
50673	排骨湯	1	516798	97.437322
50674	排骨麵	1	516799	97.437511
50675	排排站	1	516800	97.437700
50676	排球隊	1	516801	97.437889
50677	排畫	1	516802	97.438078
50678	排雲	1	516803	97.438267
50679	排煙	1	516804	97.438456
50680	排煙口	1	516805	97.438645
50681	排頭	1	516806	97.438834
50682	排檔系統	1	516807	97.439023
50683	排檔鍵	1	516808	97.439212
50684	排難	1	516809	97.439401
50685	排灣	1	516810	97.439590
50686	掏空	1	516811	97.439779
50687	掏溝	1	516812	97.439968
50688	掀出	1	516813	97.440157
50689	掀波	1	516814	97.440346
50690	掀背	1	516815	97.440535
50691	掀背車型	1	516816	97.440724
50692	掀背轎跑車	1	516817	97.440913
50693	捻熄	1	516818	97.441102
50694	捨不得	1	516819	97.441291
50695	捨本逐末	1	516820	97.441480
50696	捨我其誰	1	516821	97.441669
50697	捨受	1	516822	97.441858
50698	捨得	1	516823	97.442047
50699	捺指印	1	516824	97.442236
50700	敖山旗	1	516825	97.442425
50701	敖漢旗	1	516826	97.442614
50702	敖漢旗南臺	1	516827	97.442803
50703	救人一命，勝造七級浮屠	1	516828	97.442992
50704	救火隊	1	516829	97.443181
50705	救世	1	516830	97.443370
50706	救生索	1	516831	97.443559
50707	救生艇	1	516832	97.443748
50708	救死扶傷	1	516833	97.443937
50709	救助金	1	516834	97.444126
50710	救災專戶	1	516835	97.444315
50711	救命丹	1	516836	97.444504
50712	救命恩人	1	516837	97.444693
50713	救急	1	516838	97.444882
50714	救風塵	1	516839	97.445071
50715	救球	1	516840	97.445260
50716	救援行動	1	516841	97.445449
50717	救駕	1	516842	97.445638
50718	救濟品	1	516843	97.445827
50719	救濟院	1	516844	97.446016
50720	教子	1	516845	97.446205
50721	教本	1	516846	97.446394
50722	教示	1	516847	97.446583
50723	教旨	1	516848	97.446772
50724	教坊	1	516849	97.446961
50725	教坊樂	1	516850	97.447150
50726	教育水準	1	516851	97.447339
50727	教育行政	1	516852	97.447528
50728	教育委員會	1	516853	97.447717
50729	教育彼得	1	516854	97.447906
50730	教育長	1	516855	97.448095
50731	教育班	1	516856	97.448284
50732	教育班長	1	516857	97.448473
50733	教育圈	1	516858	97.448662
50734	教育基金會	1	516859	97.448851
50735	教育開放頻道	1	516860	97.449040
50736	教育廣播電臺	1	516861	97.449229
50737	教育學分	1	516862	97.449418
50738	教育觀	1	516863	97.449607
50739	教事	1	516864	97.449796
50740	教保	1	516865	97.449985
50741	教科文組織	1	516866	97.450174
50742	教科學	1	516867	97.450363
50743	教案	1	516868	97.450552
50744	教務	1	516869	97.450741
50745	教務會	1	516870	97.450930
50746	教唱	1	516871	97.451119
50747	教授法	1	516872	97.451308
50748	教理	1	516873	97.451497
50749	教演	1	516874	97.451686
50750	教舞	1	516875	97.451875
50751	教誡	1	516876	97.452064
50752	教練員	1	516877	97.452253
50753	教課	1	516878	97.452442
50754	教學手冊	1	516879	97.452631
50755	教學法	1	516880	97.452820
50756	教學相長	1	516881	97.453009
50757	教學案	1	516882	97.453198
50758	教學帶	1	516883	97.453387
50759	教學組長	1	516884	97.453576
50760	教學節目	1	516885	97.453765
50761	教學醫院	1	516886	97.453954
50762	教導者	1	516887	97.454143
50763	敗仗	1	516888	97.454332
50764	敗市場	1	516889	97.454521
50765	敗血症	1	516890	97.454710
50766	敗退	1	516891	97.454899
50767	敗績	1	516892	97.455088
50768	啟示主義	1	516893	97.455277
50769	啟思	1	516894	97.455466
50770	啟航	1	516895	97.455655
50771	啟脣	1	516896	97.455844
50772	啟閉式跳燈	1	516897	97.456033
50773	啟智中心	1	516898	97.456222
50774	啟智教育	1	516899	97.456411
50775	啟發性	1	516900	97.456600
50776	啟蒙運動	1	516901	97.456789
50777	啟齒	1	516902	97.456978
50778	敏捷度	1	516903	97.457167
50779	敏感度	1	516904	97.457356
50780	敏感區	1	516905	97.457545
50781	敏練	1	516906	97.457734
50782	敏銳度	1	516907	97.457923
50783	敘用委員會	1	516908	97.458112
50784	敘情	1	516909	97.458301
50785	敘說	1	516910	97.458490
50786	敘獎	1	516911	97.458679
50787	敘舊	1	516912	97.458868
50788	斜日	1	516913	97.459057
50789	斜削形	1	516914	97.459246
50790	斜背車	1	516915	97.459435
50791	斜倚	1	516916	97.459624
50792	斜視	1	516917	97.459813
50793	斜傾	1	516918	97.460002
50794	斜領	1	516919	97.460191
50795	斜線	1	516920	97.460380
50796	斜線紋	1	516921	97.460569
50797	斜躺	1	516922	97.460758
50798	斜輝	1	516923	97.460947
50799	斜睇	1	516924	97.461136
50800	斬妖	1	516925	97.461325
50801	斬草	1	516926	97.461514
50802	斬情絲	1	516927	97.461703
50803	斬斷	1	516928	97.461892
50804	族系	1	516929	97.462081
50805	族長	1	516930	97.462270
50806	族源	1	516931	97.462459
50807	族譜	1	516932	97.462648
50808	族屬	1	516933	97.462837
50809	旋花	1	516934	97.463026
50810	旋花條	1	516935	97.463215
50811	旋鈕式	1	516936	97.463404
50812	旋臂	1	516937	97.463593
50813	旋轉門	1	516938	97.463782
50814	旌賢鄉	1	516939	97.463971
50815	晝會	1	516940	97.464160
50816	晚近	1	516941	97.464349
50817	晚食	1	516942	97.464538
50818	晚唐	1	516943	97.464727
50819	晚班	1	516944	97.464916
50820	晚婚	1	516945	97.465105
50821	晚報	1	516946	97.465294
50822	晚晴婦女協會	1	516947	97.465483
50823	晚景	1	516948	97.465672
50824	晤談員	1	516949	97.465861
50825	晨光	1	516950	97.466050
50826	晨光合唱團	1	516951	97.466239
50827	晨昏	1	516952	97.466428
50828	晨晚	1	516953	97.466617
50829	晨景	1	516954	97.466806
50830	晨賀	1	516955	97.466995
50831	晨間運動	1	516956	97.467184
50832	晨會	1	516957	97.467373
50833	晨練	1	516958	97.467562
50834	晨禮	1	516959	97.467751
50835	晨霧	1	516960	97.467940
50836	晨曦島	1	516961	97.468129
50837	晦日	1	516962	97.468318
50838	晦氣	1	516963	97.468507
50839	曹又實	1	516964	97.468696
50840	曹大家	1	516965	97.468885
50841	曹公國樂團	1	516966	97.469074
50842	曹世忠	1	516967	97.469263
50843	曹丕	1	516968	97.469452
50844	曹利用	1	516969	97.469641
50845	曹門	1	516970	97.469830
50846	曹洞宗	1	516971	97.470019
50847	曹國舅	1	516972	97.470208
50848	曹復永	1	516973	97.470397
50849	曹睿	1	516974	97.470586
50850	曹賜斌	1	516975	97.470775
50851	曹頫	1	516976	97.470964
50852	曹操	1	516977	97.471153
50853	曹錕	1	516978	97.471342
50854	曹霑	1	516979	97.471531
50855	望之卻步	1	516980	97.471720
50856	望之興嘆	1	516981	97.471909
50857	望天興嘆	1	516982	97.472098
50858	望安	1	516983	97.472287
50859	望安島	1	516984	97.472476
50860	望而生畏	1	516985	97.472665
50861	望重德高	1	516986	97.472854
50862	望梅止渴	1	516987	97.473043
50863	望景樓	1	516988	97.473232
50864	望鄉	1	516989	97.473421
50865	望遠	1	516990	97.473610
50866	望遠鏡頭	1	516991	97.473799
50867	望樓	1	516992	97.473988
50868	梁上君子	1	516993	97.474177
50869	梁子	1	516994	97.474366
50870	梁子明	1	516995	97.474555
50871	梁山	1	516996	97.474744
50872	梁山伯	1	516997	97.474933
50873	梁山伯與祝英台	1	516998	97.475122
50874	梁山忠義堂	1	516999	97.475311
50875	梁兄哥	1	517000	97.475500
50876	梁在平	1	517001	97.475689
50877	梁成金	1	517002	97.475878
50878	梁羽生	1	517003	97.476067
50879	梁柱	1	517004	97.476256
50880	梁架	1	517005	97.476445
50881	梁容若	1	517006	97.476634
50882	梁祝	1	517007	97.476823
50883	梁敏富	1	517008	97.477012
50884	梁雪郎	1	517009	97.477201
50885	梁朝偉	1	517010	97.477390
50886	梁棟	1	517011	97.477579
50887	梁琴霞	1	517012	97.477768
50888	梁實秋文學獎	1	517013	97.477957
50889	梁龍	1	517014	97.478146
50890	梓樹	1	517015	97.478335
50891	梵巾曲	1	517016	97.478524
50892	梵宇琳宮	1	517017	97.478713
50893	梵宗樓	1	517018	97.478902
50894	梵語	1	517019	97.479091
50895	梵霍爾德	1	517020	97.479280
50896	桿弟	1	517021	97.479469
50897	桶狀	1	517022	97.479658
50898	桶盤	1	517023	97.479847
50899	梧州	1	517024	97.480036
50900	棄土	1	517025	97.480225
50901	棄土場	1	517026	97.480414
50902	棄車保帥	1	517027	97.480603
50903	棄宗弄贊	1	517028	97.480792
50904	棄狗	1	517029	97.480981
50905	棄械	1	517030	97.481170
50906	棄暗投明	1	517031	97.481359
50907	梭子蟹科	1	517032	97.481548
50908	梭沙麗多	1	517033	97.481737
50909	梅丁衍	1	517034	97.481926
50910	梅子	1	517035	97.482115
50911	梅西百貨購物頻道	1	517036	97.482304
50912	梅西德河谷	1	517037	97.482493
50913	梅里那人	1	517038	97.482682
50914	梅里葉	1	517039	97.482871
50915	梅雨季	1	517040	97.483060
50916	梅雨季節	1	517041	97.483249
50917	梅雨鋒	1	517042	97.483438
50918	梅耶	1	517043	97.483627
50919	梅耶荷德	1	517044	97.483816
50920	梅振耀	1	517045	97.484005
50921	梅格萊恩	1	517046	97.484194
50922	梅乾	1	517047	97.484383
50923	梅華會	1	517048	97.484572
50924	梅寧哲	1	517049	97.484761
50925	梅爾羅斯鎮	1	517050	97.484950
50926	梅禮葉	1	517051	97.485139
50927	梅蘭芳	1	517052	97.485328
50928	梔花	1	517053	97.485517
50929	條子	1	517054	97.485706
50930	條目	1	517055	97.485895
50931	條紋棘蝶魚	1	517056	97.486084
50932	條紋鷹	1	517057	97.486273
50933	條規	1	517058	97.486462
50934	條項	1	517059	97.486651
50935	條塊	1	517060	97.486840
50936	條碼	1	517061	97.487029
50937	梨子	1	517062	97.487218
50938	梨花大學	1	517063	97.487407
50939	梨香院	1	517064	97.487596
50940	梨園	1	517065	97.487785
50941	欲擒故縱	1	517066	97.487974
50942	殺人罪	1	517067	97.488163
50943	殺人魔	1	517068	97.488352
50944	殺心	1	517069	97.488541
50945	殺出重圍	1	517070	97.488730
50946	殺生	1	517071	97.488919
50947	殺光	1	517072	97.489108
50948	殺招	1	517073	97.489297
50949	殺風景	1	517074	97.489486
50950	殺掉	1	517075	97.489675
50951	殺傷	1	517076	97.489864
50952	殺戮	1	517077	97.490053
50953	殺豬	1	517078	97.490242
50954	殺機邊緣人	1	517079	97.490431
50955	殺頭	1	517080	97.490620
50956	殺聲	1	517081	97.490809
50957	殺聲震天	1	517082	97.490998
50958	殺蟑藥	1	517083	97.491187
50959	殺雞	1	517084	97.491376
50960	殺雞取卵	1	517085	97.491565
50961	毬果	1	517086	97.491754
50962	氫氣球	1	517087	97.491943
50963	氫氣箱	1	517088	97.492132
50964	氫氧化鈣	1	517089	97.492321
50965	氫轉子	1	517090	97.492510
50966	氫離子區	1	517091	97.492699
50967	涼山	1	517092	97.492888
50968	涼拌耳絲	1	517093	97.493077
50969	涼亭	1	517094	97.493266
50970	涼夏	1	517095	97.493455
50971	涼涼	1	517096	97.493644
50972	涼菸	1	517097	97.493833
50973	淳化	1	517098	97.494022
50974	淳厚	1	517099	97.494211
50975	淙淙	1	517100	97.494400
50976	液狀石蠟	1	517101	97.494589
50977	液晶觸摸板	1	517102	97.494778
50978	液態	1	517103	97.494967
50979	液態水晶聚合物	1	517104	97.495156
50980	液態狀	1	517105	97.495345
50981	液壓式千門頂	1	517106	97.495534
50982	液壓式飲料座	1	517107	97.495723
50983	液體乳	1	517108	97.495912
50984	淡大文化股份有限公司	1	517109	97.496101
50985	淡化作用	1	517110	97.496290
50986	淡化廠	1	517111	97.496479
50987	淡水中隊長	1	517112	97.496668
50988	淡水區	1	517113	97.496857
50989	淡水湖	1	517114	97.497046
50990	淡如	1	517115	97.497235
50991	淡江	1	517116	97.497424
50992	淡泊名利	1	517117	97.497613
50993	淡金蝶	1	517118	97.497802
50994	淡酒	1	517119	97.497991
50995	淡悠悠	1	517120	97.498180
50996	淡淡地	1	517121	97.498369
50997	淡淡的	1	517122	97.498558
50998	淡爽	1	517123	97.498747
50999	淡然無味	1	517124	97.498936
51000	淡菸	1	517125	97.499125
51001	淡雅	1	517126	97.499314
51002	淡黃色	1	517127	97.499503
51003	淡黃蝶	1	517128	97.499692
51004	淡爵士	1	517129	97.499881
51005	淡藍	1	517130	97.500070
51006	淌血	1	517131	97.500259
51007	淤塞	1	517132	97.500448
51008	添光	1	517133	97.500637
51009	添麻煩	1	517134	97.500826
51010	添置	1	517135	97.501015
51011	添綠	1	517136	97.501204
51012	淺化	1	517137	97.501393
51013	淺水	1	517138	97.501582
51014	淺色	1	517139	97.501771
51015	淺坑	1	517140	97.501960
51016	淺見	1	517141	97.502149
51017	淺底	1	517142	97.502338
51018	淺紅色	1	517143	97.502527
51019	淺埋	1	517144	97.502716
51020	淺紫色	1	517145	97.502905
51021	淺黃色	1	517146	97.503094
51022	淺斟小酌	1	517147	97.503283
51023	淺綠	1	517148	97.503472
51024	淺綠色	1	517149	97.503661
51025	淺褐色	1	517150	97.503850
51026	淺灣區	1	517151	97.504039
51027	清心	1	517152	97.504228
51028	清水寺	1	517153	97.504417
51029	清水岩	1	517154	97.504606
51030	清水建設	1	517155	97.504795
51031	清水美智子	1	517156	97.504984
51032	清水哲太郎	1	517157	97.505173
51033	清水溪	1	517158	97.505362
51034	清水斷崖	1	517159	97.505551
51035	清火	1	517160	97.505740
51036	清世宗	1	517161	97.505929
51037	清冊	1	517162	97.506118
51038	清白招潮蟹	1	517163	97.506307
51039	清光緒	1	517164	97.506496
51040	清秀	1	517165	97.506685
51041	清秀佳人	1	517166	97.506874
51042	清肝	1	517167	97.507063
51043	清冽	1	517168	97.507252
51044	清制	1	517169	97.507441
51045	清官難理家務事	1	517170	97.507630
51046	清亮	1	517171	97.507819
51047	清客	1	517172	97.508008
51048	清帝	1	517173	97.508197
51049	清政府	1	517174	97.508386
51050	清泉	1	517175	97.508575
51051	清洗機	1	517176	97.508764
51052	清風	1	517177	97.508953
51053	清茶	1	517178	97.509142
51054	清高	1	517179	97.509331
51055	清商	1	517180	97.509520
51056	清寂	1	517181	97.509709
51057	清教徒	1	517182	97.509898
51058	清涼寺	1	517183	97.510087
51059	清涼劑	1	517184	97.510276
51060	清淺	1	517185	97.510465
51061	清清瘦瘦	1	517186	97.510654
51062	清晰度	1	517187	97.510843
51063	清朝野史大觀	1	517188	97.511032
51064	清華大學	1	517189	97.511221
51065	清逸	1	517190	97.511410
51066	清源計畫	1	517191	97.511599
51067	清溪鎮	1	517192	97.511788
51068	清裝	1	517193	97.511977
51069	清運車	1	517194	97.512166
51070	清嘉錄	1	517195	97.512355
51071	清境農場	1	517196	97.512544
51072	清寧宮	1	517197	97.512733
51073	清實錄	1	517198	97.512922
51074	清澄	1	517199	97.513111
51075	清潔工	1	517200	97.513300
51076	清潔用品	1	517201	97.513489
51077	清潔局	1	517202	97.513678
51078	清潔婦	1	517203	97.513867
51079	清潔液	1	517204	97.514056
51080	清潔費	1	517205	97.514245
51081	清潔溜溜	1	517206	97.514434
51082	清潔劑	1	517207	97.514623
51083	清潔器	1	517208	97.514812
51084	清潔霜	1	517209	97.515001
51085	清熱	1	517210	97.515190
51086	清談	1	517211	97.515379
51087	清賦總局	1	517212	97.515568
51088	清燉肥鴨	1	517213	97.515757
51089	清聲	1	517214	97.515946
51090	清還	1	517215	97.516135
51091	清點	1	517216	97.516324
51092	清麗	1	517217	97.516513
51093	清麗絕俗	1	517218	97.516702
51094	清譽	1	517219	97.516891
51095	清潁州書院碑記	1	517220	97.517080
51096	淋巴	1	517221	97.517269
51097	淋巴系統	1	517222	97.517458
51098	淋巴球病毒	1	517223	97.517647
51099	淋巴球間質性肺炎	1	517224	97.517836
51100	淋巴結炎	1	517225	97.518025
51101	淋巴腺	1	517226	97.518214
51102	淋巴腺腫	1	517227	97.518403
51103	淋汁	1	517228	97.518592
51104	淋雨	1	517229	97.518781
51105	淋溼	1	517230	97.518970
51106	淑女與鬍鬚	1	517231	97.519159
51107	涸陂	1	517232	97.519348
51108	混口飯	1	517233	97.519537
51109	混水	1	517234	97.519726
51110	混生	1	517235	97.519915
51111	混合式	1	517236	97.520104
51112	混合性	1	517237	97.520293
51113	混合物	1	517238	97.520482
51114	混合動力式	1	517239	97.520671
51115	混合經濟	1	517240	97.520860
51116	混合療法	1	517241	97.521049
51117	混沌不明	1	517242	97.521238
51118	混料	1	517243	97.521427
51119	混戰	1	517244	97.521616
51120	混齡教學	1	517245	97.521805
51121	淅瀝	1	517246	97.521994
51122	淒冷	1	517247	97.522183
51123	淒冷感	1	517248	97.522372
51124	淒殺	1	517249	97.522561
51125	淒楚	1	517250	97.522750
51126	淒慘	1	517251	97.522939
51127	淒厲	1	517252	97.523128
51128	涵溝蓋	1	517253	97.523317
51129	涵蓋面	1	517254	97.523506
51130	涵蓋區	1	517255	97.523695
51131	淚花	1	517256	97.523884
51132	淚眼汪汪	1	517257	97.524073
51133	淚傾如雨	1	517258	97.524262
51134	淚囊摘除術	1	517259	97.524451
51135	淫威	1	517260	97.524640
51136	淫國	1	517261	97.524829
51137	淫詞豔語	1	517262	97.525018
51138	淫賤	1	517263	97.525207
51139	淘木	1	517264	97.525396
51140	淘出	1	517265	97.525585
51141	淘利	1	517266	97.525774
51142	淘洗	1	517267	97.525963
51143	淘盡	1	517268	97.526152
51144	淪陷區	1	517269	97.526341
51145	深山金梅	1	517270	97.526530
51146	深川區	1	517271	97.526719
51147	深心	1	517272	97.526908
51148	深目	1	517273	97.527097
51149	深圳市	1	517274	97.527286
51150	深圳特區	1	517275	97.527475
51151	深圳證交所	1	517276	97.527664
51152	深池	1	517277	97.527853
51153	深色	1	517278	97.528042
51154	深坑國小	1	517279	97.528231
51155	深求	1	517280	97.528420
51156	深居簡出	1	517281	97.528609
51157	深宮秘聞	1	517282	97.528798
51158	深峽	1	517283	97.528987
51159	深恐	1	517284	97.529176
51160	深根	1	517285	97.529365
51161	深海魚	1	517286	97.529554
51162	深烙	1	517287	97.529743
51163	深草區	1	517288	97.529932
51164	深情厚意	1	517289	97.530121
51165	深淺	1	517290	97.530310
51166	深細	1	517291	97.530499
51167	深惡痛絕	1	517292	97.530688
51168	深棕色	1	517293	97.530877
51169	深湛	1	517294	97.531066
51170	深湖	1	517295	97.531255
51171	深黃色	1	517296	97.531444
51172	深黑色	1	517297	97.531633
51173	深奧	1	517298	97.531822
51174	深微	1	517299	97.532011
51175	深意	1	517300	97.532200
51176	深暗	1	517301	97.532389
51177	深達	1	517302	97.532578
51178	深綠	1	517303	97.532767
51179	深層次	1	517304	97.532956
51180	深廣	1	517305	97.533145
51181	深摯	1	517306	97.533334
51182	深潛	1	517307	97.533523
51183	深褐色	1	517308	97.533712
51184	深默士	1	517309	97.533901
51185	深獲好評	1	517310	97.534090
51186	深黝	1	517311	97.534279
51187	淮南子	1	517312	97.534468
51188	淮南王	1	517313	97.534657
51189	淮陽	1	517314	97.534846
51190	淮關	1	517315	97.535035
51191	淨山	1	517316	97.535224
51192	淨化液	1	517317	97.535413
51193	淨地	1	517318	97.535602
51194	淨安會報	1	517319	97.535791
51195	淨收	1	517320	97.535980
51196	淨利	1	517321	97.536169
51197	淨利潤	1	517322	97.536358
51198	淨重	1	517323	97.536547
51199	淨值比	1	517324	97.536736
51200	淨效益	1	517325	97.536925
51201	淨氣機	1	517326	97.537114
51202	淨飯王	1	517327	97.537303
51203	淨灘	1	517328	97.537492
51204	淨灘活動	1	517329	97.537681
51205	淆亂	1	517330	97.537870
51206	涪陵	1	517331	97.538059
51207	淬勵	1	517332	97.538248
51208	淬鍊	1	517333	97.538437
51209	焉能	1	517334	97.538626
51210	焊接點	1	517335	97.538815
51211	烽煙	1	517336	97.539004
51212	爽約	1	517337	97.539193
51213	牽亡	1	517338	97.539382
51214	牽牛織女	1	517339	97.539571
51215	牽住	1	517340	97.539760
51216	牽強	1	517341	97.539949
51217	牽牽絆絆	1	517342	97.540138
51218	牽宕	1	517343	97.540327
51219	猜中	1	517344	97.540516
51220	猜字	1	517345	97.540705
51221	猜西河	1	517346	97.540894
51222	猜度	1	517347	97.541083
51223	猜猜看	1	517348	97.541272
51224	猜話	1	517349	97.541461
51225	猜燈謎	1	517350	97.541650
51226	猜錯	1	517351	97.541839
51227	猜題	1	517352	97.542028
51228	猛犸溫泉	1	517353	97.542217
51229	猛攻	1	517354	97.542406
51230	猛拉	1	517355	97.542595
51231	猛浪	1	517356	97.542784
51232	猛追	1	517357	97.542973
51233	猛鬼旅行團	1	517358	97.543162
51234	猛禽	1	517359	97.543351
51235	猛禽科	1	517360	97.543540
51236	猙獰	1	517361	97.543729
51237	率土之濱	1	517362	97.543918
51238	率眾	1	517363	97.544107
51239	球形	1	517364	97.544296
51240	球狀星團	1	517365	97.544485
51241	球狀孢子蟲症	1	517366	97.544674
51242	球星	1	517367	97.544863
51243	球面度	1	517368	97.545052
51244	球員卡	1	517369	97.545241
51245	球根	1	517370	97.545430
51246	球海棉體肌	1	517371	97.545619
51247	球迷會	1	517372	97.545808
51248	球速	1	517373	97.545997
51249	球童	1	517374	97.546186
51250	球語	1	517375	97.546375
51251	球體	1	517376	97.546564
51252	理工	1	517377	97.546753
51253	理直氣和	1	517378	97.546942
51254	理政	1	517379	97.547131
51255	理查‧貝洛斯	1	517380	97.547320
51256	理查奎納	1	517381	97.547509
51257	理氣	1	517382	97.547698
51258	理清	1	517383	97.547887
51259	理想主義	1	517384	97.548076
51260	理想主義者	1	517385	97.548265
51261	理睬	1	517386	97.548454
51262	理論家	1	517387	97.548643
51263	理髮匠	1	517388	97.548832
51264	理髮店	1	517389	97.549021
51265	理髮師的男人	1	517390	97.549210
51266	理髮廳	1	517391	97.549399
51267	理學院	1	517392	97.549588
51268	理虧	1	517393	97.549777
51269	現下	1	517394	97.549966
51270	現世	1	517395	97.550155
51271	現代啟示錄	1	517396	97.550344
51272	現代寓言	1	517397	97.550533
51273	現代感	1	517398	97.550722
51274	現代應召女郎	1	517399	97.550911
51275	現代繪畫史	1	517400	97.551100
51276	現出	1	517401	97.551289
51277	現地	1	517402	97.551478
51278	現行犯	1	517403	97.551667
51279	現址	1	517404	97.551856
51280	現起	1	517405	97.552045
51281	現場導播	1	517406	97.552234
51282	現跡	1	517407	97.552423
51283	現實劇	1	517408	97.552612
51284	現學現賣	1	517409	97.552801
51285	瓶狀	1	517410	97.552990
51286	瓶花	1	517411	97.553179
51287	瓶塞	1	517412	97.553368
51288	瓶罐	1	517413	97.553557
51289	瓷花	1	517414	97.553746
51290	瓷娃娃	1	517415	97.553935
51291	瓷廠	1	517416	97.554124
51292	瓷盤	1	517417	97.554313
51293	甜心	1	517418	97.554502
51294	甜甜的	1	517419	97.554691
51295	甜甜蜜蜜	1	517420	97.554880
51296	甜菜根	1	517421	97.555069
51297	甜蜜咖啡屋	1	517422	97.555258
51298	甜酸苦辣	1	517423	97.555447
51299	甜餅	1	517424	97.555636
51300	產卵場	1	517425	97.555825
51301	產官學	1	517426	97.556014
51302	產青黴素酶淋菌	1	517427	97.556203
51303	產前	1	517428	97.556392
51304	產前健康檢查	1	517429	97.556581
51305	產品力	1	517430	97.556770
51306	產品處	1	517431	97.556959
51307	產科	1	517432	97.557148
51308	產假	1	517433	97.557337
51309	產蛋量	1	517434	97.557526
51310	產業股	1	517435	97.557715
51311	產業研究中心	1	517436	97.557904
51312	產業研討會	1	517437	97.558093
51313	產業革命	1	517438	97.558282
51314	產業經濟系	1	517439	97.558471
51315	產業醫院	1	517440	97.558660
51316	產經	1	517441	97.558849
51317	產經所	1	517442	97.559038
51318	產製	1	517443	97.559227
51319	產製品	1	517444	97.559416
51320	產險	1	517445	97.559605
51321	產險公會	1	517446	97.559794
51322	略去	1	517447	97.559983
51323	略見	1	517448	97.560172
51324	略具	1	517449	97.560361
51325	略知	1	517450	97.560550
51326	略為	1	517451	97.560739
51327	略述	1	517452	97.560928
51328	略差	1	517453	97.561117
51329	略略	1	517454	97.561306
51330	略盡	1	517455	97.561495
51331	略瘦	1	517456	97.561684
51332	略窺	1	517457	97.561873
51333	略懂	1	517458	97.562062
51334	略讀	1	517459	97.562251
51335	略變	1	517460	97.562440
51336	畢加索畫室	1	517461	97.562629
51337	畢業考	1	517462	97.562818
51338	畢業照	1	517463	97.563007
51339	異丁苯丙酸	1	517464	97.563196
51340	異人	1	517465	97.563385
51341	異代	1	517466	97.563574
51342	異地	1	517467	97.563763
51343	異次元	1	517468	97.563952
51344	異位	1	517469	97.564141
51345	異形三	1	517470	97.564330
51346	異形第三集	1	517471	97.564519
51347	異見	1	517472	97.564708
51348	異邦	1	517473	97.564897
51349	異姓	1	517474	97.565086
51350	異性接近期	1	517475	97.565275
51351	異性疏遠期	1	517476	97.565464
51352	異性期	1	517477	97.565653
51353	異特龍	1	517478	97.565842
51354	異國情調	1	517479	97.566031
51355	異教徒	1	517480	97.566220
51356	異鄉	1	517481	97.566409
51357	異鄉人	1	517482	97.566598
51358	異想天開	1	517483	97.566787
51359	異聲	1	517484	97.566976
51360	異黨	1	517485	97.567165
51361	疏忽的參議員	1	517486	97.567354
51362	疏於	1	517487	97.567543
51363	疏林	1	517488	97.567732
51364	疏散星團	1	517489	97.567921
51365	疏解	1	517490	97.568110
51366	疏運	1	517491	97.568299
51367	疏漏處	1	517492	97.568488
51368	疏遠異性期	1	517493	97.568677
51369	疏遠期	1	517494	97.568866
51370	盛丹菁	1	517495	97.569055
51371	盛年	1	517496	97.569244
51372	盛竹如	1	517497	97.569433
51373	盛放	1	517498	97.569622
51374	盛服	1	517499	97.569811
51375	盛況空前	1	517500	97.570000
51376	盛怒	1	517501	97.570189
51377	盛衰榮枯	1	517502	97.570378
51378	盛情難卻	1	517503	97.570567
51379	盛清	1	517504	97.570756
51380	盛暑	1	517505	97.570945
51381	盛期	1	517506	97.571134
51382	盛意	1	517507	97.571323
51383	盛載	1	517508	97.571512
51384	盛器	1	517509	97.571701
51385	眷佑	1	517510	97.571890
51386	眷舍	1	517511	97.572079
51387	眷保	1	517512	97.572268
51388	眷愛	1	517513	97.572457
51389	眷屬高爾夫球證	1	517514	97.572646
51390	眷顧	1	517515	97.572835
51391	眾生恩	1	517516	97.573024
51392	眾目	1	517517	97.573213
51393	眾志成城	1	517518	97.573402
51394	眾星拱月	1	517519	97.573591
51395	眾家	1	517520	97.573780
51396	眾望企管顧問人力資源部	1	517521	97.573969
51397	眾望企管顧問公司	1	517522	97.574158
51398	眾議院	1	517523	97.574347
51399	眾議僉同	1	517524	97.574536
51400	眼波	1	517525	97.574725
51401	眼泡	1	517526	97.574914
51402	眼垢	1	517527	97.575103
51403	眼界大開	1	517528	97.575292
51404	眼疾	1	517529	97.575481
51405	眼痛	1	517530	97.575670
51406	眼結石	1	517531	97.575859
51407	眼結膜	1	517532	97.576048
51408	眼結膜炎	1	517533	97.576237
51409	眼霜	1	517534	97.576426
51410	眼簾	1	517535	97.576615
51411	眼藥	1	517536	97.576804
51412	眼鏡行	1	517537	97.576993
51413	眼鏡洞	1	517538	97.577182
51414	眼鏡洞瀑布	1	517539	97.577371
51415	眼鏡業	1	517540	97.577560
51416	眺望臺	1	517541	97.577749
51417	硫化合物	1	517542	97.577938
51418	硫代硫酸鈉溶液	1	517543	97.578127
51419	硫氧化物	1	517544	97.578316
51420	硫球村	1	517545	97.578505
51421	硫磺谷	1	517546	97.578694
51422	硃筆	1	517547	97.578883
51423	祥符人	1	517548	97.579072
51424	祥符縣	1	517549	97.579261
51425	祥禽	1	517550	97.579450
51426	祥禽瑞獸	1	517551	97.579639
51427	票子	1	517552	97.579828
51428	票亭	1	517553	97.580017
51429	票務中心	1	517554	97.580206
51430	票款	1	517555	97.580395
51431	票據	1	517556	97.580584
51432	票戲	1	517557	97.580773
51433	票證	1	517558	97.580962
51434	祭日	1	517559	97.581151
51435	祭肉	1	517560	97.581340
51436	祭灶日	1	517561	97.581529
51437	祭妹文	1	517562	97.581718
51438	祭祀志	1	517563	97.581907
51439	祭祖大典	1	517564	97.582096
51440	祭酒	1	517565	97.582285
51441	祭場	1	517566	97.582474
51442	祭節	1	517567	97.582663
51443	祭器	1	517568	97.582852
51444	祭壇式	1	517569	97.583041
51445	移去	1	517570	97.583230
51446	移民法	1	517571	97.583419
51447	移民政策	1	517572	97.583608
51448	移民區	1	517573	97.583797
51449	移位大法	1	517574	97.583986
51450	移作	1	517575	97.584175
51451	移改	1	517576	97.584364
51452	移栽	1	517577	97.584553
51453	移動量	1	517578	97.584742
51454	移情作用	1	517579	97.584931
51455	移植法	1	517580	97.585120
51456	移殖	1	517581	97.585309
51457	移置	1	517582	97.585498
51458	窒礙	1	517583	97.585687
51459	笨賊	1	517584	97.585876
51460	笛壺	1	517585	97.586065
51461	笛藤出版圖書有限公司	1	517586	97.586254
51462	第一印象	1	517587	97.586443
51463	第一次約會	1	517588	97.586632
51464	第一把交椅	1	517589	97.586821
51465	第一開刀助手	1	517590	97.587010
51466	第一語言	1	517591	97.587199
51467	第一廣場	1	517592	97.587388
51468	第一職業	1	517593	97.587577
51469	第二交響曲	1	517594	97.587766
51470	第二性	1	517595	97.587955
51471	第二滴血	1	517596	97.588144
51472	第八藝術	1	517597	97.588333
51473	第三代核心	1	517598	97.588522
51474	第三代壓縮機	1	517599	97.588711
51475	第三地	1	517600	97.588900
51476	第三高女	1	517601	97.589089
51477	第三情	1	517602	97.589278
51478	第六感生死戀	1	517603	97.589467
51479	符拉迪沃斯托克	1	517604	97.589656
51480	符號消費論	1	517605	97.589845
51481	粗大	1	517606	97.590034
51482	粗中有細	1	517607	97.590223
51483	粗分	1	517608	97.590412
51484	粗心大意	1	517609	97.590601
51485	粗毛線	1	517610	97.590790
51486	粗布袋	1	517611	97.590979
51487	粗布裳	1	517612	97.591168
51488	粗里粗氣	1	517613	97.591357
51489	粗拖索	1	517614	97.591546
51490	粗服	1	517615	97.591735
51491	粗枝大葉	1	517616	97.591924
51492	粗俗	1	517617	97.592113
51493	粗活	1	517618	97.592302
51494	粗重	1	517619	97.592491
51495	粗茶淡飯	1	517620	97.592680
51496	粗淺	1	517621	97.592869
51497	粗粗刺刺	1	517622	97.593058
51498	粗貨	1	517623	97.593247
51499	粗短	1	517624	97.593436
51500	粗製品加工業	1	517625	97.593625
51501	粗鄙	1	517626	97.593814
51502	粗魯	1	517627	97.594003
51503	粗糙感	1	517628	97.594192
51504	粗聲粗氣	1	517629	97.594381
51505	粗藍布	1	517630	97.594570
51506	粗麵包	1	517631	97.594759
51507	粗鹽	1	517632	97.594948
51508	粗纜	1	517633	97.595137
51509	絃外之音	1	517634	97.595326
51510	統一企業	1	517635	97.595515
51511	統一隊	1	517636	97.595704
51512	統一飯店	1	517637	97.595893
51513	統一實業	1	517638	97.596082
51514	統一證券	1	517639	97.596271
51515	統上建設	1	517640	97.596460
51516	統馭	1	517641	97.596649
51517	統管	1	517642	97.596838
51518	統領	1	517643	97.597027
51519	統樂開發	1	517644	97.597216
51520	統籌委員會	1	517645	97.597405
51521	紮營	1	517646	97.597594
51522	紹興酒	1	517647	97.597783
51523	細川內閣	1	517648	97.597972
51524	細川護熙	1	517649	97.598161
51525	細水長流	1	517650	97.598350
51526	細石器文化	1	517651	97.598539
51527	細芽	1	517652	97.598728
51528	細雨霏霏	1	517653	97.598917
51529	細雨濛濛	1	517654	97.599106
51530	細姨	1	517655	97.599295
51531	細胞株	1	517656	97.599484
51532	細胞氧化酶	1	517657	97.599673
51533	細胞氧化酶類	1	517658	97.599862
51534	細胞粒腺體	1	517659	97.600051
51535	細胞群	1	517660	97.600240
51536	細胞學	1	517661	97.600429
51537	細香蔥	1	517662	97.600618
51538	細紋	1	517663	97.600807
51539	細軟	1	517664	97.600996
51540	細絲	1	517665	97.601185
51541	細菌狀	1	517666	97.601374
51542	細微末節	1	517667	97.601563
51543	細微處	1	517668	97.601752
51544	細碎	1	517669	97.601941
51545	細葉薄雪草	1	517670	97.602130
51546	細數	1	517671	97.602319
51547	細數家珍	1	517672	97.602508
51548	細線	1	517673	97.602697
51549	細談	1	517674	97.602886
51550	細質岩層	1	517675	97.603075
51551	細閱	1	517676	97.603264
51552	細蕊紅樹	1	517677	97.603453
51553	細縫	1	517678	97.603642
51554	細繩紋	1	517679	97.603831
51555	細靡	1	517680	97.604020
51556	細鬍子	1	517681	97.604209
51557	細聽	1	517682	97.604398
51558	紳仕	1	517683	97.604587
51559	紳寶汽車	1	517684	97.604776
51560	組合賽	1	517685	97.604965
51561	組別	1	517686	97.605154
51562	組訓	1	517687	97.605343
51563	組群式	1	517688	97.605532
51564	組織化	1	517689	97.605721
51565	組織委員會	1	517690	97.605910
51566	組織法	1	517691	97.606099
51567	組織胞漿菌病	1	517692	97.606288
51568	組黨	1	517693	97.606477
51569	累累	1	517694	97.606666
51570	累蓄	1	517695	97.606855
51571	終古長存	1	517696	97.607044
51572	終生成就榮譽獎	1	517697	97.607233
51573	終身監禁	1	517698	97.607422
51574	終始	1	517699	97.607611
51575	終非	1	517700	97.607800
51576	終南山	1	517701	97.607989
51577	終席	1	517702	97.608178
51578	終站	1	517703	97.608367
51579	終場指數	1	517704	97.608556
51580	終極保鑣	1	517705	97.608745
51581	終極追殺令	1	517706	97.608934
51582	終極鬥士	1	517707	97.609123
51583	終極獵殺	1	517708	97.609312
51584	終極警探	1	517709	97.609501
51585	終戰	1	517710	97.609690
51586	羞愧萬分	1	517711	97.609879
51587	羞愧難當	1	517712	97.610068
51588	羞澀	1	517713	97.610257
51589	翌晨	1	517714	97.610446
51590	習武	1	517715	97.610635
51591	習慣化	1	517716	97.610824
51592	習慣性	1	517717	97.611013
51593	習慣法	1	517718	97.611202
51594	習稱	1	517719	97.611391
51595	習醫	1	517720	97.611580
51596	耜耕	1	517721	97.611769
51597	聊以自慰	1	517722	97.611958
51598	聊備一格	1	517723	97.612147
51599	聊備一體	1	517724	97.612336
51600	聊齋豔譚二	1	517725	97.612525
51601	聊齋豔譚二燈草大師	1	517726	97.612714
51602	聆賞	1	517727	97.612903
51603	聆聽者	1	517728	97.613092
51604	脣舌	1	517729	97.613281
51605	脣紋	1	517730	97.613470
51606	脣部	1	517731	97.613659
51607	脣膏	1	517732	97.613848
51608	脣齒相依	1	517733	97.614037
51609	脣顎裂兒	1	517734	97.614226
51610	脫口秀	1	517735	97.614415
51611	脫手	1	517736	97.614604
51612	脫毛	1	517737	97.614793
51613	脫衣	1	517738	97.614982
51614	脫衣舞	1	517739	97.615171
51615	脫位	1	517740	97.615360
51616	脫困	1	517741	97.615549
51617	脫序	1	517742	97.615738
51618	脫走	1	517743	97.615927
51619	脫卸	1	517744	97.616116
51620	脫垂	1	517745	97.616305
51621	脫風	1	517746	97.616494
51622	脫氧	1	517747	97.616683
51623	脫臭	1	517748	97.616872
51624	脫產	1	517749	97.617061
51625	脫罪	1	517750	97.617250
51626	脫稿	1	517751	97.617439
51627	脫穀機	1	517752	97.617628
51628	脫髮	1	517753	97.617817
51629	脫戲	1	517754	97.618006
51630	舂杵	1	517755	97.618195
51631	舵片	1	517756	97.618384
51632	船公司	1	517757	97.618573
51633	船夫	1	517758	97.618762
51634	船帆嶼	1	517759	97.618951
51635	船東	1	517760	97.619140
51636	船炮	1	517761	97.619329
51637	船舫	1	517762	97.619518
51638	船商	1	517763	97.619707
51639	船票	1	517764	97.619896
51640	船期	1	517765	97.620085
51641	船業	1	517766	97.620274
51642	船運	1	517767	97.620463
51643	船廠	1	517768	97.620652
51644	船錨	1	517769	97.620841
51645	船難	1	517770	97.621030
51646	船體	1	517771	97.621219
51647	船纜	1	517772	97.621408
51648	莎拉王妃	1	517773	97.621597
51649	莎朗	1	517774	97.621786
51650	莎劇	1	517775	97.621975
51651	莞爾	1	517776	97.622164
51652	莖幹	1	517777	97.622353
51653	莽原	1	517778	97.622542
51654	莽莽	1	517779	97.622731
51655	莽莽撞撞	1	517780	97.622920
51656	莽撞	1	517781	97.623109
51657	莫尼謨	1	517782	97.623298
51658	莫希干人的末日	1	517783	97.623487
51659	莫忘	1	517784	97.623676
51660	莫埃石像	1	517785	97.623865
51661	莫逆之交	1	517786	97.624054
51662	莫斯塔爾	1	517787	97.624243
51663	莫森‧雷薩伊	1	517788	97.624432
51664	莫森高原	1	517789	97.624621
51665	莫測	1	517790	97.624810
51666	莫須有	1	517791	97.624999
51667	莫愁湖	1	517792	97.625188
51668	莫樸	1	517793	97.625377
51669	莫屬	1	517794	97.625566
51670	莒光	1	517795	97.625755
51671	莒光國小	1	517796	97.625944
51672	莊子	1	517797	97.626133
51673	莊子試妻	1	517798	97.626322
51674	莊志英	1	517799	97.626511
51675	莊美雪	1	517800	97.626700
51676	莊敬山訓場	1	517801	97.626889
51677	莊慶祿	1	517802	97.627078
51678	莊稼漢	1	517803	97.627267
51679	莊穆	1	517804	97.627456
51680	莊頭	1	517805	97.627645
51681	莊韓	1	517806	97.627834
51682	莉拉凱德洛娃	1	517807	97.628023
51683	莉莉瑪蓮	1	517808	97.628212
51684	荷巴特市	1	517809	97.628401
51685	荷里活道	1	517810	97.628590
51686	荷妮	1	517811	97.628779
51687	荷花池	1	517812	97.628968
51688	荷恩比路	1	517813	97.629157
51689	荷馬史詩	1	517814	97.629346
51690	荷塘	1	517815	97.629535
51691	荷彈	1	517816	97.629724
51692	荷蘭文	1	517817	97.629913
51693	荷蘭政府	1	517818	97.630102
51694	荻塞爾	1	517819	97.630291
51695	荼毒	1	517820	97.630480
51696	莆田	1	517821	97.630669
51697	處士	1	517822	97.630858
51698	處女秀	1	517823	97.631047
51699	處女座	1	517824	97.631236
51700	處女膜	1	517825	97.631425
51701	處女獵神	1	517826	97.631614
51702	處心積慮	1	517827	97.631803
51703	處世待人	1	517828	97.631992
51704	處理業	1	517829	97.632181
51705	處理廠	1	517830	97.632370
51706	處理槽	1	517831	97.632559
51707	處理器	1	517832	97.632748
51708	處變不驚	1	517833	97.632937
51709	彪炳	1	517834	97.633126
51710	蛇瓜	1	517835	97.633315
51711	蛇皮果	1	517836	97.633504
51712	蛇目蝶	1	517837	97.633693
51713	蛇身	1	517838	97.633882
51714	蛇麻草	1	517839	97.634071
51715	蛇頸龍	1	517840	97.634260
51716	蛇蟲	1	517841	97.634449
51717	蛇類	1	517842	97.634638
51718	蛀牙蟲	1	517843	97.634827
51719	蛀朽	1	517844	97.635016
51720	蛋皮	1	517845	97.635205
51721	蛋炒飯	1	517846	97.635394
51722	蛋黃素	1	517847	97.635583
51723	蛋蜜汁	1	517848	97.635772
51724	蛋質	1	517849	97.635961
51725	蛋糕鋪	1	517850	97.636150
51726	蛋類	1	517851	97.636339
51727	蚱蜢	1	517852	97.636528
51728	術科	1	517853	97.636717
51729	術德兼備	1	517854	97.636906
51730	術數史	1	517855	97.637095
51731	袞冕	1	517856	97.637284
51732	袈裟	1	517857	97.637473
51733	被告人	1	517858	97.637662
51734	被抓	1	517859	97.637851
51735	被拒	1	517860	97.638040
51736	被保險人	1	517861	97.638229
51737	被虐待	1	517862	97.638418
51738	被迫害妄想症	1	517863	97.638607
51739	被害者	1	517864	97.638796
51740	被動轉向功能	1	517865	97.638985
51741	被殺	1	517866	97.639174
51742	被斯尼亞人	1	517867	97.639363
51743	被愛	1	517868	97.639552
51744	被禁	1	517869	97.639741
51745	被窩	1	517870	97.639930
51746	被罵	1	517871	97.640119
51747	被攝體	1	517872	97.640308
51748	袖珍型	1	517873	97.640497
51749	袖端	1	517874	97.640686
51750	袍制	1	517875	97.640875
51751	袍型長身衣	1	517876	97.641064
51752	袋口	1	517877	97.641253
51753	袋中	1	517878	97.641442
51754	規律性	1	517879	97.641631
51755	規約	1	517880	97.641820
51756	規格表	1	517881	97.642009
51757	規費	1	517882	97.642198
51758	規劃師	1	517883	97.642387
51759	規劃案	1	517884	97.642576
51760	規劃權	1	517885	97.642765
51761	規禮	1	517886	97.642954
51762	訪人	1	517887	97.643143
51763	訪友	1	517888	97.643332
51764	訪古	1	517889	97.643521
51765	訪者	1	517890	97.643710
51766	訪非團	1	517891	97.643899
51767	訪英台	1	517892	97.644088
51768	訪問者	1	517893	97.644277
51769	訪問記	1	517894	97.644466
51770	訪問集	1	517895	97.644655
51771	訪採者	1	517896	97.644844
51772	訪察	1	517897	97.645033
51773	訪察團	1	517898	97.645222
51774	訣別	1	517899	97.645411
51775	許士軍	1	517900	97.645600
51776	許不了	1	517901	97.645789
51777	許天賢	1	517902	97.645978
51778	許可制	1	517903	97.646167
51779	許幸惠	1	517904	97.646356
51780	許庚身	1	517905	97.646545
51781	許昌	1	517906	97.646734
51782	許昌城	1	517907	97.646923
51783	許冠文	1	517908	97.647112
51784	許家屯	1	517909	97.647301
51785	許振烈	1	517910	97.647490
51786	許國泰	1	517911	97.647679
51787	許婚	1	517912	97.647868
51788	許嘉棟	1	517913	97.648057
51789	許演佳	1	517914	97.648246
51790	許鞍華	1	517915	97.648435
51791	許諾	1	517916	97.648624
51792	設防	1	517917	97.648813
51793	設計人	1	517918	97.649002
51794	設備費	1	517919	97.649191
51795	設臺	1	517920	97.649380
51796	設籍	1	517921	97.649569
51797	設攤	1	517922	97.649758
51798	訟案	1	517923	97.649947
51799	訛稱	1	517924	97.650136
51800	販子	1	517925	97.650325
51801	販夫走卒	1	517926	97.650514
51802	販毒者	1	517927	97.650703
51803	販賣店	1	517928	97.650892
51804	販賣員	1	517929	97.651081
51805	販嬰案	1	517930	97.651270
51806	販藥	1	517931	97.651459
51807	責任心	1	517932	97.651648
51808	責任制	1	517933	97.651837
51809	責成	1	517934	97.652026
51810	貨比三家	1	517935	97.652215
51811	貨色	1	517936	97.652404
51812	貨真價實	1	517937	97.652593
51813	貨棧	1	517938	97.652782
51814	貨運中心	1	517939	97.652971
51815	貨幣基金組織	1	517940	97.653160
51816	貨弊	1	517941	97.653349
51817	貨價	1	517942	97.653538
51818	貨機	1	517943	97.653727
51819	貪多	1	517944	97.653916
51820	貪汙者	1	517945	97.654105
51821	貪求	1	517946	97.654294
51822	貪求無饜	1	517947	97.654483
51823	貪杯	1	517948	97.654672
51824	貪財	1	517949	97.654861
51825	貪欲	1	517950	97.655050
51826	貪瀆案	1	517951	97.655239
51827	貪贓	1	517952	97.655428
51828	貧民區	1	517953	97.655617
51829	貧民窟	1	517954	97.655806
51830	貧者	1	517955	97.655995
51831	貧病	1	517956	97.656184
51832	貧脊	1	517957	97.656373
51833	貧農	1	517958	97.656562
51834	赦令	1	517959	97.656751
51835	趾骨	1	517960	97.656940
51836	趾高氣昂	1	517961	97.657129
51837	趾高氣揚	1	517962	97.657318
51838	趾溝炎	1	517963	97.657507
51839	軟尺	1	517964	97.657696
51840	軟水	1	517965	97.657885
51841	軟底	1	517966	97.658074
51842	軟性飲料	1	517967	97.658263
51843	軟泥地	1	517968	97.658452
51844	軟骨功	1	517969	97.658641
51845	軟軟	1	517970	97.658830
51846	軟軟的	1	517971	97.659019
51847	軟棒	1	517972	97.659208
51848	軟硬	1	517973	97.659397
51849	軟硬適中	1	517974	97.659586
51850	軟腳蝦	1	517975	97.659775
51851	軟墊	1	517976	97.659964
51852	軟碟	1	517977	97.660153
51853	軟管	1	517978	97.660342
51854	軟網賽	1	517979	97.660531
51855	軟綿	1	517980	97.660720
51856	軟膠	1	517981	97.660909
51857	軟調搖滾	1	517982	97.661098
51858	軟質骨	1	517983	97.661287
51859	軟糖	1	517984	97.661476
51860	軟糯	1	517985	97.661665
51861	軟體工程師	1	517986	97.661854
51862	軟體展	1	517987	97.662043
51863	這樣子	1	517988	97.662232
51864	這輩子	1	517989	97.662421
51865	通力協作	1	517990	97.662610
51866	通才教育	1	517991	97.662799
51867	通天佛	1	517992	97.662988
51868	通天冠	1	517993	97.663177
51869	通天草	1	517994	97.663366
51870	通水	1	517995	97.663555
51871	通令	1	517996	97.663744
51872	通玄先生	1	517997	97.663933
51873	通用休斯電子	1	517998	97.664122
51874	通用器材	1	517999	97.664311
51875	通行無阻	1	518000	97.664500
51876	通行費	1	518001	97.664689
51877	通事舍人	1	518002	97.664878
51878	通於	1	518003	97.665067
51879	通明	1	518004	97.665256
51880	通信業	1	518005	97.665445
51881	通信網路	1	518006	97.665634
51882	通便劑	1	518007	97.665823
51883	通俗教育社	1	518008	97.666012
51884	通風型煞車碟	1	518009	97.666201
51885	通風報信	1	518010	97.666390
51886	通風碟煞	1	518011	97.666579
51887	通宵達旦	1	518012	97.666768
51888	通氣	1	518013	97.666957
51889	通神學	1	518014	97.667146
51890	通訊報	1	518015	97.667335
51891	通訊業	1	518016	97.667524
51892	通財	1	518017	97.667713
51893	通商產業省工業技術院	1	518018	97.667902
51894	通產大臣	1	518019	97.668091
51895	通產省	1	518020	97.668280
51896	通習	1	518021	97.668469
51897	通透	1	518022	97.668658
51898	通報系統	1	518023	97.668847
51899	通牒	1	518024	97.669036
51900	通達	1	518025	97.669225
51901	通電	1	518026	97.669414
51902	通電話	1	518027	97.669603
51903	通樂	1	518028	97.669792
51904	通盤性	1	518029	97.669981
51905	通緝	1	518030	97.670170
51906	通緝令	1	518031	97.670359
51907	通緝犯	1	518032	97.670548
51908	通曉	1	518033	97.670737
51909	通縣	1	518034	97.670926
51910	通融	1	518035	97.671115
51911	通識課程	1	518036	97.671304
51912	通譯	1	518037	97.671493
51913	通體	1	518038	97.671682
51914	通衢大道	1	518039	97.671871
51915	逗號	1	518040	97.672060
51916	逗樂	1	518041	97.672249
51917	逗點	1	518042	97.672438
51918	連內閣	1	518043	97.672627
51919	連升	1	518044	97.672816
51920	連生貴子	1	518045	97.673005
51921	連年不斷	1	518046	97.673194
51922	連衣裙	1	518047	97.673383
51923	連串	1	518048	97.673572
51924	連長	1	518049	97.673761
51925	連哄帶騙	1	518050	97.673950
51926	連室窯	1	518051	97.674139
51927	連珠炮	1	518052	97.674328
51928	連珠砲	1	518053	97.674517
51929	連珠蕨	1	518054	97.674706
51930	連袂	1	518055	97.674895
51931	連院長	1	518056	97.675084
51932	連帶賠償責任	1	518057	97.675273
51933	連桿式	1	518058	97.675462
51934	連桿設計	1	518059	97.675651
51935	連理	1	518060	97.675840
51936	連票	1	518061	97.676029
51937	連絡人	1	518062	97.676218
51938	連絡處	1	518063	97.676407
51939	連雲	1	518064	97.676596
51940	連署書	1	518065	97.676785
51941	連臺	1	518066	97.676974
51942	連篇累牘	1	518067	97.677163
51943	連震東基金會	1	518068	97.677352
51944	連橫	1	518069	97.677541
51945	連環炮	1	518070	97.677730
51946	連環套	1	518071	97.677919
51947	連環送	1	518072	97.678108
51948	連環殺人事件	1	518073	97.678297
51949	連環畫	1	518074	97.678486
51950	連環圖畫	1	518075	97.678675
51951	連聲	1	518076	97.678864
51952	連鎖加盟店	1	518077	97.679053
51953	連鎖信	1	518078	97.679242
51954	連羅寫	1	518079	97.679431
51955	連續頁	1	518080	97.679620
51956	連體	1	518081	97.679809
51957	速度感	1	518082	97.679998
51958	速度感應式	1	518083	97.680187
51959	速度錶	1	518084	97.680376
51960	速域	1	518085	97.680565
51961	速算法	1	518086	97.680754
51962	速戰速決	1	518087	97.680943
51963	速擬	1	518088	97.681132
51964	逐鹿	1	518089	97.681321
51965	逐增	1	518090	97.681510
51966	逞能	1	518091	97.681699
51967	造山運動	1	518092	97.681888
51968	造父變星	1	518093	97.682077
51969	造次	1	518094	97.682266
51970	造血	1	518095	97.682455
51971	造形美	1	518096	97.682644
51972	造物	1	518097	97.682833
51973	造紙廠	1	518098	97.683022
51974	造酒	1	518099	97.683211
51975	造假	1	518100	97.683400
51976	造船	1	518101	97.683589
51977	造船史	1	518102	97.683778
51978	造船業	1	518103	97.683967
51979	造雪機	1	518104	97.684156
51980	造廟	1	518105	97.684345
51981	造孽	1	518106	97.684534
51982	造艦	1	518107	97.684723
51983	透入	1	518108	97.684912
51984	透出	1	518109	97.685101
51985	透光	1	518110	97.685290
51986	透明秀	1	518111	97.685479
51987	透明度	1	518112	97.685668
51988	透析	1	518113	97.685857
51989	透亮	1	518114	97.686046
51990	透風	1	518115	97.686235
51991	透視眼	1	518116	97.686424
51992	逢人	1	518117	97.686613
51993	逢凶化吉	1	518118	97.686802
51994	逢甲大學	1	518119	97.686991
51995	逢低買進	1	518120	97.687180
51996	逢高	1	518121	97.687369
51997	逛夜市	1	518122	97.687558
51998	途經	1	518123	97.687747
51999	部件	1	518124	97.687936
52000	部將	1	518125	97.688125
52001	部眾	1	518126	97.688314
52002	部費	1	518127	97.688503
52003	部頭	1	518128	97.688692
52004	郭小莊	1	518129	97.688881
52005	郭台強	1	518130	97.689070
52006	郭平坦	1	518131	97.689259
52007	郭存孝	1	518132	97.689448
52008	郭李建夫	1	518133	97.689637
52009	郭孟賢	1	518134	97.689826
52010	郭宗清	1	518135	97.690015
52011	郭明輝	1	518136	97.690204
52012	郭玟成	1	518137	97.690393
52013	郭建成	1	518138	97.690582
52014	郭建宏	1	518139	97.690771
52015	郭為蕃	1	518140	97.690960
52016	郭英慧	1	518141	97.691149
52017	郭婉容	1	518142	97.691338
52018	郭添茂	1	518143	97.691527
52019	郭清江	1	518144	97.691716
52020	郭清雄	1	518145	97.691905
52021	郭景宗	1	518146	97.692094
52022	郭智勇	1	518147	97.692283
52023	郭進興	1	518148	97.692472
52024	郭嗣汾	1	518149	97.692661
52025	郭達爾	1	518150	97.692850
52026	都人士女	1	518151	97.693039
52027	都心	1	518152	97.693228
52028	都市計畫法	1	518153	97.693417
52029	都市計畫圖	1	518154	97.693606
52030	都拉斯	1	518155	97.693795
52031	都門	1	518156	97.693984
52032	都亭西驛	1	518157	97.694173
52033	都亭驛	1	518158	97.694362
52034	都柏林人	1	518159	97.694551
52035	都計課	1	518160	97.694740
52036	都尉	1	518161	97.694929
52037	都統	1	518162	97.695118
52038	都塔爾	1	518163	97.695307
52039	都會族	1	518164	97.695496
52040	都察院	1	518165	97.695685
52041	都德	1	518166	97.695874
52042	都蘭山	1	518167	97.696063
52043	酗酒者	1	518168	97.696252
52044	野人咖啡屋	1	518169	97.696441
52045	野犬捕殺隊	1	518170	97.696630
52046	野仙閣	1	518171	97.696819
52047	野史	1	518172	97.697008
52048	野生動物公園	1	518173	97.697197
52049	野田	1	518174	97.697386
52050	野田高梧	1	518175	97.697575
52051	野百合	1	518176	97.697764
52052	野村	1	518177	97.697953
52053	野牡丹	1	518178	97.698142
52054	野兔	1	518179	97.698331
52055	野店	1	518180	97.698520
52056	野放	1	518181	97.698709
52057	野武士集團	1	518182	97.698898
52058	野保法	1	518183	97.699087
52059	野柿	1	518184	97.699276
52060	野馬轎跑車	1	518185	97.699465
52061	野球少年	1	518186	97.699654
52062	野菰	1	518187	97.699843
52063	野種	1	518188	97.700032
52064	野趣	1	518189	97.700221
52065	野戰	1	518190	97.700410
52066	野樹	1	518191	97.700599
52067	野蕈	1	518192	97.700788
52068	野貓	1	518193	97.700977
52069	野餐會	1	518194	97.701166
52070	野鴨	1	518195	97.701355
52071	野雛菊	1	518196	97.701544
52072	野雞車	1	518197	97.701733
52073	釵頭鳳	1	518198	97.701922
52074	釦子	1	518199	97.702111
52075	釣友	1	518200	97.702300
52076	釣法	1	518201	97.702489
52077	釣況	1	518202	97.702678
52078	釣客	1	518203	97.702867
52079	釣竿	1	518204	97.703056
52080	釣雪	1	518205	97.703245
52081	釣魚池	1	518206	97.703434
52082	釣魚客	1	518207	97.703623
52083	閉口	1	518208	97.703812
52084	閉戶塞牖	1	518209	97.704001
52085	閉目	1	518210	97.704190
52086	閉合	1	518211	97.704379
52087	閉住	1	518212	97.704568
52088	閉門造車	1	518213	97.704757
52089	閉門羹	1	518214	97.704946
52090	閉起來	1	518215	97.705135
52091	閉幕典禮	1	518216	97.705324
52092	閉館	1	518217	97.705513
52093	閉鎖	1	518218	97.705702
52094	閉鎖擔保	1	518219	97.705891
52095	陪臣	1	518220	97.706080
52096	陪襯	1	518221	97.706269
52097	陳一郎	1	518222	97.706458
52098	陳天華	1	518223	97.706647
52099	陳少杰	1	518224	97.706836
52100	陳文信	1	518225	97.707025
52101	陳水財	1	518226	97.707214
52102	陳世美	1	518227	97.707403
52103	陳世耀	1	518228	97.707592
52104	陳令智	1	518229	97.707781
52105	陳必浩	1	518230	97.707970
52106	陳正義	1	518231	97.708159
52107	陳正澄	1	518232	97.708348
52108	陳永明	1	518233	97.708537
52109	陳永勝	1	518234	97.708726
52110	陳皮	1	518235	97.708915
52111	陳立夫	1	518236	97.709104
52112	陳光昌	1	518237	97.709293
52113	陳安濟	1	518238	97.709482
52114	陳有蘭	1	518239	97.709671
52115	陳伯之	1	518240	97.709860
52116	陳孝萱	1	518241	97.710049
52117	陳希杰	1	518242	97.710238
52118	陳廷寵	1	518243	97.710427
52119	陳志明	1	518244	97.710616
52120	陳志朋	1	518245	97.710805
52121	陳志城	1	518246	97.710994
52122	陳志榮	1	518247	97.711183
52123	陳沖	1	518248	97.711372
52124	陳佳鼐	1	518249	97.711561
52125	陳其龍	1	518250	97.711750
52126	陳定國	1	518251	97.711939
52127	陳宜民	1	518252	97.712128
52128	陳忠孝	1	518253	97.712317
52129	陳明明	1	518254	97.712506
52130	陳明真	1	518255	97.712695
52131	陳明華	1	518256	97.712884
52132	陳明璋	1	518257	97.713073
52133	陳明輝	1	518258	97.713262
52134	陳昇	1	518259	97.713451
52135	陳波兒	1	518260	97.713640
52136	陳罔腰	1	518261	97.713829
52137	陳金泉	1	518262	97.714018
52138	陳南山	1	518263	97.714207
52139	陳厚	1	518264	97.714396
52140	陳屍	1	518265	97.714585
52141	陳建宏	1	518266	97.714774
52142	陳彥儒	1	518267	97.714963
52143	陳恆芳	1	518268	97.715152
52144	陳政賢	1	518269	97.715341
52145	陳昭姿	1	518270	97.715530
52146	陳茂山	1	518271	97.715719
52147	陳茂男	1	518272	97.715908
52148	陳英豪	1	518273	97.716097
52149	陳貞慧	1	518274	97.716286
52150	陳貞麗	1	518275	97.716475
52151	陳倫潔盈	1	518276	97.716664
52152	陳哲仁	1	518277	97.716853
52153	陳哲毅	1	518278	97.717042
52154	陳展丘	1	518279	97.717231
52155	陳悅安	1	518280	97.717420
52156	陳時英	1	518281	97.717609
52157	陳涉世家	1	518282	97.717798
52158	陳耕基	1	518283	97.717987
52159	陳財興	1	518284	97.718176
52160	陳健治	1	518285	97.718365
52161	陳曼玲	1	518286	97.718554
52162	陳國富	1	518287	97.718743
52163	陳國棟	1	518288	97.718932
52164	陳得壽	1	518289	97.719121
52165	陳情表	1	518290	97.719310
52166	陳情書	1	518291	97.719499
52167	陳敘	1	518292	97.719688
52168	陳淑均	1	518293	97.719877
52169	陳勝	1	518294	97.720066
52170	陳喬琪	1	518295	97.720255
52171	陳景林	1	518296	97.720444
52172	陳朝波	1	518297	97.720633
52173	陳腔濫調	1	518298	97.720822
52174	陳傳楷	1	518299	97.721011
52175	陳廉泉	1	518300	97.721200
52176	陳煌則	1	518301	97.721389
52177	陳萬能	1	518302	97.721578
52178	陳鼓應	1	518303	97.721767
52179	陳榮傑	1	518304	97.721956
52180	陳維漁	1	518305	97.722145
52181	陳腐	1	518306	97.722334
52182	陳德旺	1	518307	97.722523
52183	陳德容	1	518308	97.722712
52184	陳德興	1	518309	97.722901
52185	陳蔓蒂	1	518310	97.723090
52186	陳輝祖	1	518311	97.723279
52187	陳蕙貞	1	518312	97.723468
52188	陳曙光	1	518313	97.723657
52189	陳禪	1	518314	97.723846
52190	陳薇薇	1	518315	97.724035
52191	陳雙全	1	518316	97.724224
52192	陳懷民	1	518317	97.724413
52193	陳麗瑛	1	518318	97.724602
52194	陳麗麗	1	518319	97.724791
52195	陳耀生	1	518320	97.724980
52196	陳靈公	1	518321	97.725169
52197	陳痾	1	518322	97.725358
52198	陸水	1	518323	97.725547
52199	陸次雲	1	518324	97.725736
52200	陸羽	1	518325	97.725925
52201	陸沉	1	518326	97.726114
52202	陸軍官校	1	518327	97.726303
52203	陸容	1	518328	97.726492
52204	陸域	1	518329	97.726681
52205	陸陸續續	1	518330	97.726870
52206	陸策組	1	518331	97.727059
52207	陸楊鎮	1	518332	97.727248
52208	陸標	1	518333	97.727437
52209	陸橋	1	518334	97.727626
52210	陰平	1	518335	97.727815
52211	陰宅	1	518336	97.728004
52212	陰冷	1	518337	97.728193
52213	陰沉沉	1	518338	97.728382
52214	陰性桿菌	1	518339	97.728571
52215	陰笑	1	518340	97.728760
52216	陰部	1	518341	97.728949
52217	陰晴不定	1	518342	97.729138
52218	陰虛火旺症	1	518343	97.729327
52219	陰陽五行	1	518344	97.729516
52220	陰陽臉	1	518345	97.729705
52221	陰極板	1	518346	97.729894
52222	陰溝	1	518347	97.730083
52223	陰蒂	1	518348	97.730272
52224	陰道液	1	518349	97.730461
52225	陰德	1	518350	97.730650
52226	陰錯陽差	1	518351	97.730839
52227	陰險	1	518352	97.731028
52228	陰鬱	1	518353	97.731217
52229	陶大偉	1	518354	97.731406
52230	陶成章	1	518355	97.731595
52231	陶作展	1	518356	97.731784
52232	陶板	1	518357	97.731973
52233	陶俑	1	518358	97.732162
52234	陶品	1	518359	97.732351
52235	陶胎	1	518360	97.732540
52236	陶情	1	518361	97.732729
52237	陶瓷花	1	518362	97.732918
52238	陶瓷展	1	518363	97.733107
52239	陶瓷業	1	518364	97.733296
52240	陶晶瑩	1	518365	97.733485
52241	陶磁	1	518366	97.733674
52242	陶磁片	1	518367	97.733863
52243	陶製	1	518368	97.734052
52244	陶德	1	518369	97.734241
52245	陶藝坊	1	518370	97.734430
52246	陶藝金陶獎	1	518371	97.734619
52247	陶藝品	1	518372	97.734808
52248	陷坑	1	518373	97.734997
52249	陷溺	1	518374	97.735186
52250	陷落	1	518375	97.735375
52251	雀巢公司	1	518376	97.735564
52252	雀巢奶粉	1	518377	97.735753
52253	雀鳥	1	518378	97.735942
52254	雀躍無比	1	518379	97.736131
52255	雪山馬蘭	1	518380	97.736320
52256	雪天	1	518381	97.736509
52257	雪兔	1	518382	97.736698
52258	雪泥鴻爪	1	518383	97.736887
52259	雪青色	1	518384	97.737076
52260	雪面	1	518385	97.737265
52261	雪屐	1	518386	97.737454
52262	雪峰	1	518387	97.737643
52263	雪恥	1	518388	97.737832
52264	雪恥復國	1	518389	97.738021
52265	雪粉	1	518390	97.738210
52266	雪勒空	1	518391	97.738399
52267	雪堆	1	518392	97.738588
52268	雪梨人	1	518393	97.738777
52269	雪莉酒	1	518394	97.738966
52270	雪野	1	518395	97.739155
52271	雪猴	1	518396	97.739344
52272	雪溪瀑	1	518397	97.739533
52273	雪歌妮薇佛	1	518398	97.739722
52274	雪餅	1	518399	97.739911
52275	雪線	1	518400	97.740100
52276	雪霸國家公園管理處	1	518401	97.740289
52277	章太炎	1	518402	97.740478
52278	章德宮	1	518403	97.740667
52279	章戳	1	518404	97.740856
52280	章獻劉后	1	518405	97.741045
52281	竟日	1	518406	97.741234
52282	竟事	1	518407	97.741423
52283	頂尖好手	1	518408	97.741612
52284	頂住	1	518409	97.741801
52285	頂林	1	518410	97.741990
52286	頂冠	1	518411	97.742179
52287	頂起	1	518412	97.742368
52288	頂針	1	518413	97.742557
52289	頂溪	1	518414	97.742746
52290	頂溪國小	1	518415	97.742935
52291	頂撞	1	518416	97.743124
52292	頂頭	1	518417	97.743313
52293	頂禮	1	518418	97.743502
52294	魚工廠	1	518419	97.743691
52295	魚片	1	518420	97.743880
52296	魚市場	1	518421	97.744069
52297	魚目混珠	1	518422	97.744258
52298	魚石螈	1	518423	97.744447
52299	魚尾獅	1	518424	97.744636
52300	魚肝油	1	518425	97.744825
52301	魚肚	1	518426	97.745014
52302	魚拓	1	518427	97.745203
52303	魚油	1	518428	97.745392
52304	魚缸	1	518429	97.745581
52305	魚脣	1	518430	97.745770
52306	魚袋	1	518431	97.745959
52307	魚貫	1	518432	97.746148
52308	魚貨	1	518433	97.746337
52309	魚鳥	1	518434	97.746526
52310	魚腥味	1	518435	97.746715
52311	魚鉤	1	518436	97.746904
52312	魚龍類	1	518437	97.747093
52313	魚鰭	1	518438	97.747282
52314	魚體	1	518439	97.747471
52315	魚鱗	1	518440	97.747660
52316	鳥口普查	1	518441	97.747849
52317	鳥仔踏	1	518442	97.748038
52318	鳥松	1	518443	97.748227
52319	鳥害	1	518444	97.748416
52320	鳥島	1	518445	97.748605
52321	鳥梨	1	518446	97.748794
52322	鳥園	1	518447	97.748983
52323	鳥會	1	518448	97.749172
52324	鳥槍	1	518449	97.749361
52325	鳥網	1	518450	97.749550
52326	鳥龍	1	518451	97.749739
52327	鳥瞰圖	1	518452	97.749928
52328	鳥獸	1	518453	97.750117
52329	鳥類學	1	518454	97.750306
52330	鳥籠	1	518455	97.750495
52331	鳥籠經濟	1	518456	97.750684
52332	鹵化銀底片	1	518457	97.750873
52333	鹵素燈	1	518458	97.751062
52334	鹵簿	1	518459	97.751251
52335	鹿谷	1	518460	97.751440
52336	鹿韭	1	518461	97.751629
52337	鹿特丹	1	518462	97.751818
52338	鹿場	1	518463	97.752007
52339	鹿樵紀聞	1	518464	97.752196
52340	麥片	1	518465	97.752385
52341	麥可‧夏普	1	518466	97.752574
52342	麥可史溫納	1	518467	97.752763
52343	麥可傑克遜	1	518468	97.752952
52344	麥弗遜支柱支	1	518469	97.753141
52345	麥弗遜式	1	518470	97.753330
52346	麥田	1	518471	97.753519
52347	麥佛遜支柱	1	518472	97.753708
52348	麥克尼柯斯	1	518473	97.753897
52349	麥克法蘭	1	518474	97.754086
52350	麥克阿瑟計畫	1	518475	97.754275
52351	麥克阿瑟基金會	1	518476	97.754464
52352	麥克阿瑟將軍	1	518477	97.754653
52353	麥克傑克森	1	518478	97.754842
52354	麥克謝瑞生	1	518479	97.755031
52355	麥肯農	1	518480	97.755220
52356	麥肯廣告公司	1	518481	97.755409
52357	麥芽	1	518482	97.755598
52358	麥格塞獎	1	518483	97.755787
52359	麥桿	1	518484	97.755976
52360	麥斯威爾咖啡	1	518485	97.756165
52361	麥斯馮西度	1	518486	97.756354
52362	麥稈	1	518487	97.756543
52363	麥糠巷	1	518488	97.756732
52364	麥壟	1	518489	97.756921
52365	麻子	1	518490	97.757110
52366	麻子臉	1	518491	97.757299
52367	麻六甲	1	518492	97.757488
52368	麻六甲王朝	1	518493	97.757677
52369	麻六甲海峽	1	518494	97.757866
52370	麻木不仁	1	518495	97.758055
52371	麻丘人	1	518496	97.758244
52372	麻札塔格山	1	518497	97.758433
52373	麻竹	1	518498	97.758622
52374	麻衣神相	1	518499	97.758811
52375	麻疹	1	518500	97.759000
52376	麻將放浪記	1	518501	97.759189
52377	麻袋線	1	518502	97.759378
52378	麻雀流浪記	1	518503	97.759567
52379	麻煩事	1	518504	97.759756
52380	麻痺症候群	1	518505	97.759945
52381	麻線	1	518506	97.760134
52382	麻質	1	518507	97.760323
52383	麻醉法	1	518508	97.760512
52384	麻醉師	1	518509	97.760701
52385	麻菇	1	518510	97.760890
52386	傅幼軒	1	518511	97.761079
52387	傅玄	1	518512	97.761268
52388	傅佩榮	1	518513	97.761457
52389	傅崑成	1	518514	97.761646
52390	傅智美	1	518515	97.761835
52391	傅聰明	1	518516	97.762024
52392	備分	1	518517	97.762213
52393	備至	1	518518	97.762402
52394	備胎	1	518519	97.762591
52395	備添	1	518520	97.762780
52396	備棺	1	518521	97.762969
52397	備菸	1	518522	97.763158
52398	備註	1	518523	97.763347
52399	傑夫布里吉	1	518524	97.763536
52400	傑出研究獎	1	518525	97.763725
52401	傑弗遜	1	518526	97.763914
52402	傑米‧杭特	1	518527	97.764103
52403	傑克‧韋勒	1	518528	97.764292
52404	傑克尼柯遜	1	518529	97.764481
52405	傑克柯恩	1	518530	97.764670
52406	傑克森	1	518531	97.764859
52407	傑克遜湖	1	518532	97.765048
52408	傑柏	1	518533	97.765237
52409	傑若莫	1	518534	97.765426
52410	傘兵節	1	518535	97.765615
52411	傘形	1	518536	97.765804
52412	傘狀	1	518537	97.765993
52413	傘面	1	518538	97.766182
52414	傘翼	1	518539	97.766371
52415	最大日制淨馬力	1	518540	97.766560
52416	最大淨馬力	1	518541	97.766749
52417	最小值	1	518542	97.766938
52418	最好	1	518543	97.767127
52419	最佳女配角	1	518544	97.767316
52420	最佳男主角獎	1	518545	97.767505
52421	最佳男配角	1	518546	97.767694
52422	最佳男配角獎	1	518547	97.767883
52423	最佳拍擋	1	518548	97.768072
52424	最佳配角獎	1	518549	97.768261
52425	最佳華文文字運用獎	1	518550	97.768450
52426	最佳電視廣告獎	1	518551	97.768639
52427	最佳劇情長片	1	518552	97.768828
52428	最佳影片獎	1	518553	97.769017
52429	最近	1	518554	97.769206
52430	最後一夜	1	518555	97.769395
52431	最後地下鐵	1	518556	97.769584
52432	最後通牒	1	518557	97.769773
52433	最後黑色星期五	1	518558	97.769962
52434	最後舞男	1	518559	97.770151
52435	最後魔鬼英雄	1	518560	97.770340
52436	最高法院	1	518561	97.770529
52437	最高檢察長	1	518562	97.770718
52438	最終齒輪比	1	518563	97.770907
52439	最惠國	1	518564	97.771096
52440	最惠國待遇	1	518565	97.771285
52441	凱子	1	518566	97.771474
52442	凱文柯斯納	1	518567	97.771663
52443	凱悅公司	1	518568	97.771852
52444	凱特開普蕭	1	518569	97.772041
52445	凱莉	1	518570	97.772230
52446	凱斯	1	518571	97.772419
52447	凱塞琳‧澤爾曼	1	518572	97.772608
52448	凱楠汽車	1	518573	97.772797
52449	凱瑟琳赫本	1	518574	97.772986
52450	凱達格蘭族	1	518575	97.773175
52451	凱雷特	1	518576	97.773364
52452	凱雷特敘事詩	1	518577	97.773553
52453	凱撒宮	1	518578	97.773742
52454	凱撒琳	1	518579	97.773931
52455	凱薩琳‧戴斯蒂維勒	1	518580	97.774120
52456	割草	1	518581	97.774309
52457	割除	1	518582	97.774498
52458	割喉	1	518583	97.774687
52459	割裂	1	518584	97.774876
52460	割愛	1	518585	97.775065
52461	割腥啖膻	1	518586	97.775254
52462	割讓	1	518587	97.775443
52463	剴切	1	518588	97.775632
52464	創世	1	518589	97.775821
52465	創立者	1	518590	97.776010
52466	創作觀	1	518591	97.776199
52467	創系	1	518592	97.776388
52468	創佳績	1	518593	97.776577
52469	創制複決法	1	518594	97.776766
52470	創始	1	518595	97.776955
52471	創面	1	518596	97.777144
52472	創高	1	518597	97.777333
52473	創造者	1	518598	97.777522
52474	創造展	1	518599	97.777711
52475	創報	1	518600	97.777900
52476	創發	1	518601	97.778089
52477	創傷治療組	1	518602	97.778278
52478	創匯	1	518603	97.778467
52479	創意人	1	518604	97.778656
52480	創意車	1	518605	97.778845
52481	創意組	1	518606	97.779034
52482	創意賽	1	518607	97.779223
52483	創新力	1	518608	97.779412
52484	創新規	1	518609	97.779601
52485	創業夢	1	518610	97.779790
52486	創團	1	518611	97.779979
52487	創賽	1	518612	97.780168
52488	創鎮	1	518613	97.780357
52489	創藥	1	518614	97.780546
52490	創黨	1	518615	97.780735
52491	剩菜	1	518616	97.780924
52492	勞力士錶	1	518617	97.781113
52493	勞工局	1	518618	97.781302
52494	勞工法	1	518619	97.781491
52495	勞工保護法	1	518620	97.781680
52496	勞工部長	1	518621	97.781869
52497	勞工階級	1	518622	97.782058
52498	勞而無功	1	518623	97.782247
52499	勞作	1	518624	97.782436
52500	勞伯佛爾曼	1	518625	97.782625
52501	勞拉‧賴利	1	518626	97.782814
52502	勞勃迪尼洛	1	518627	97.783003
52503	勞苦功高	1	518628	97.783192
52504	勞倫斯卡斯丹	1	518629	97.783381
52505	勞涅	1	518630	97.783570
52506	勞務	1	518631	97.783759
52507	勞動生產力指標	1	518632	97.783948
52508	勞動服務	1	518633	97.784137
52509	勞動密集型	1	518634	97.784326
52510	勞動統計局	1	518635	97.784515
52511	勞逸	1	518636	97.784704
52512	勞閒	1	518637	97.784893
52513	勞農保	1	518638	97.785082
52514	勝利門	1	518639	97.785271
52515	勝局	1	518640	97.785460
52516	勝券	1	518641	97.785649
52517	勝者	1	518642	97.785838
52518	勝者為王	1	518643	97.786027
52519	勝基	1	518644	97.786216
52520	勝景	1	518645	97.786405
52521	勝訴	1	518646	97.786594
52522	勝跡	1	518647	97.786783
52523	勝境	1	518648	97.786972
52524	勝數	1	518649	97.787161
52525	勛名	1	518650	97.787350
52526	勛臣	1	518651	97.787539
52527	博上富康廣告公司	1	518652	97.787728
52528	博士倫隱形眼鏡公司	1	518653	97.787917
52529	博物紀念館	1	518654	97.788106
52530	博物園	1	518655	97.788295
52531	博物學	1	518656	97.788484
52532	博物館島	1	518657	97.788673
52533	博陽廣告公司	1	518658	97.788862
52534	博愛扶輪公園	1	518659	97.789051
52535	博愛國小	1	518660	97.789240
52536	博嘉國小	1	518661	97.789429
52537	博學多才	1	518662	97.789618
52538	博覽家	1	518663	97.789807
52539	喀什	1	518664	97.789996
52540	喀什米爾穆斯林	1	518665	97.790185
52541	喀左縣	1	518666	97.790374
52542	喀斯特	1	518667	97.790563
52543	喀斯特河川	1	518668	97.790752
52544	喀斯特盆地	1	518669	97.790941
52545	喀斯提爾山	1	518670	97.791130
52546	喧賓奪主	1	518671	97.791319
52547	喧鬧聲	1	518672	97.791508
52548	喧嚷	1	518673	97.791697
52549	喧騰	1	518674	97.791886
52550	喧騰一時	1	518675	97.792075
52551	啼叫	1	518676	97.792264
52552	啼哭	1	518677	97.792453
52553	啼笑	1	518678	97.792642
52554	啼鳴	1	518679	97.792831
52555	喊冤	1	518680	97.793020
52556	喊熱	1	518681	97.793209
52557	喊窮	1	518682	97.793398
52558	喝斥	1	518683	97.793587
52559	喝倒采	1	518684	97.793776
52560	喝掉	1	518685	97.793965
52561	喝喜酒	1	518686	97.794154
52562	喘呼呼	1	518687	97.794343
52563	喘氣	1	518688	97.794532
52564	喘氣聲	1	518689	97.794721
52565	喜上加喜	1	518690	97.794910
52566	喜不自勝	1	518691	97.795099
52567	喜心	1	518692	97.795288
52568	喜多郎	1	518693	97.795477
52569	喜形於色	1	518694	97.795666
52570	喜事連連	1	518695	97.795855
52571	喜帖	1	518696	97.796044
52572	喜帕恰斯	1	518697	97.796233
52573	喜怒	1	518698	97.796422
52574	喜怒無常	1	518699	97.796611
52575	喜相逢	1	518700	97.796800
52576	喜美	1	518701	97.796989
52577	喜悅車廠	1	518702	97.797178
52578	喜笑怒罵	1	518703	97.797367
52579	喜馬拉雅	1	518704	97.797556
52580	喜朝五位	1	518705	97.797745
52581	喜愛者	1	518706	97.797934
52582	喜瑪拉雅山	1	518707	97.798123
52583	喜福會	1	518708	97.798312
52584	喜趣	1	518709	97.798501
52585	喜鵲	1	518710	97.798690
52586	喜鵲兒	1	518711	97.798879
52587	喪父	1	518712	97.799068
52588	喪行敗德	1	518713	97.799257
52589	喪志	1	518714	97.799446
52590	喪身	1	518715	97.799635
52591	喪事	1	518716	97.799824
52592	喪家之犬	1	518717	97.800013
52593	喪家狗	1	518718	97.800202
52594	喪氣	1	518719	97.800391
52595	喪葬	1	518720	97.800580
52596	喪盡天良	1	518721	97.800769
52597	喪鐘	1	518722	97.800958
52598	喇叭褲	1	518723	97.801147
52599	喇嘛教	1	518724	97.801336
52600	喇嘛廟	1	518725	97.801525
52601	喳喳	1	518726	97.801714
52602	單一制	1	518727	97.801903
52603	單刀直入	1	518728	97.802092
52604	單口相聲	1	518729	97.802281
52605	單子	1	518730	97.802470
52606	單小琳	1	518731	97.802659
52607	單不飽和脂肪	1	518732	97.802848
52608	單元劇	1	518733	97.803037
52609	單孔目	1	518734	97.803226
52610	單孔目動物	1	518735	97.803415
52611	單方	1	518736	97.803604
52612	單方面	1	518737	97.803793
52613	單日	1	518738	97.803982
52614	單月	1	518739	97.804171
52615	單件	1	518740	97.804360
52616	單次	1	518741	97.804549
52617	單行道	1	518742	97.804738
52618	單兵作業	1	518743	97.804927
52619	單汽缸	1	518744	97.805116
52620	單身貴族	1	518745	97.805305
52621	單身漢	1	518746	97.805494
52622	單車失竊記	1	518747	97.805683
52623	單室窯	1	518748	97.805872
52624	單軌	1	518749	97.806061
52625	單軌電車	1	518750	97.806250
52626	單頁	1	518751	97.806439
52627	單套	1	518752	97.806628
52628	單套受精卵	1	518753	97.806817
52629	單純疱疹	1	518754	97.807006
52630	單純疱疹病毒	1	518755	97.807195
52631	單純疱疹病毒感染	1	518756	97.807384
52632	單張	1	518757	97.807573
52633	單淘汰	1	518758	97.807762
52634	單眼	1	518759	97.807951
52635	單眼照像機	1	518760	97.808140
52636	單細胞生物	1	518761	97.808329
52637	單場	1	518762	97.808518
52638	單廂	1	518763	97.808707
52639	單廂式休旅車	1	518764	97.808896
52640	單廂式汽車	1	518765	97.809085
52641	單循環賽	1	518766	97.809274
52642	單渦輪增壓器	1	518767	97.809463
52643	單程票	1	518768	97.809652
52644	單筆	1	518769	97.809841
52645	單進	1	518770	97.810030
52646	單項	1	518771	97.810219
52647	單腳	1	518772	97.810408
52648	單寧	1	518773	97.810597
52649	單寧酸	1	518774	97.810786
52650	單槓	1	518775	97.810975
52651	單槓運動	1	518776	97.811164
52652	單管式尾管	1	518777	97.811353
52653	單線	1	518778	97.811542
52654	單輪	1	518779	97.811731
52655	單糖	1	518780	97.811920
52656	單親家庭	1	518781	97.812109
52657	單點	1	518782	97.812298
52658	單體	1	518783	97.812487
52659	單驥	1	518784	97.812676
52660	喟歎	1	518785	97.812865
52661	唾沫直嚥	1	518786	97.813054
52662	唾液量	1	518787	97.813243
52663	唾液腺	1	518788	97.813432
52664	唾罵	1	518789	97.813621
52665	喬‧巴普	1	518790	97.813810
52666	喬丹	1	518791	97.813999
52667	喬丹堤	1	518792	97.814188
52668	喬伊考克斯	1	518793	97.814377
52669	喬伊絲‧威科斯‧葛洛芙	1	518794	97.814566
52670	喬伊舒瑪雪	1	518795	97.814755
52671	喬安一世	1	518796	97.814944
52672	喬安二世	1	518797	97.815133
52673	喬安娜辛克絲	1	518798	97.815322
52674	喬治‧奧威爾	1	518799	97.815511
52675	喬治史考特	1	518800	97.815700
52676	喬治布朗德	1	518801	97.815889
52677	喬治男孩	1	518802	97.816078
52678	喬治亞大學	1	518803	97.816267
52679	喬治桑德拉	1	518804	97.816456
52680	喬峰	1	518805	97.816645
52681	喬斯特	1	518806	97.816834
52682	喬瑟夫‧昆恩	1	518807	97.817023
52683	喬裝	1	518808	97.817212
52684	啾啾	1	518809	97.817401
52685	喉舌	1	518810	97.817590
52686	喉部	1	518811	97.817779
52687	喉結	1	518812	97.817968
52688	喫茶	1	518813	97.818157
52689	圍巾	1	518814	97.818346
52690	圍出	1	518815	97.818535
52691	圍地	1	518816	97.818724
52692	圍坐	1	518817	97.818913
52693	圍捕	1	518818	97.819102
52694	圍起來	1	518819	97.819291
52695	圍場	1	518820	97.819480
52696	圍毆	1	518821	97.819669
52697	圍擊	1	518822	97.819858
52698	圍繞式	1	518823	97.820047
52699	圍攏	1	518824	97.820236
52700	圍爐	1	518825	97.820425
52701	圍欄	1	518826	97.820614
52702	堪稱一絕	1	518827	97.820803
52703	堪憂	1	518828	97.820992
52704	堪輿家	1	518829	97.821181
52705	堪薩斯壽險	1	518830	97.821370
52706	場記	1	518831	97.821559
52707	場商	1	518832	97.821748
52708	堤友次郎	1	518833	97.821937
52709	堤防	1	518834	97.822126
52710	堤渠	1	518835	97.822315
52711	堤道	1	518836	97.822504
52712	報仇	1	518837	97.822693
52713	報戶口	1	518838	97.822882
52714	報名簡章	1	518839	97.823071
52715	報考者	1	518840	97.823260
52716	報系	1	518841	97.823449
52717	報佳音	1	518842	97.823638
52718	報官	1	518843	97.823827
52719	報怨	1	518844	97.824016
52720	報界	1	518845	97.824205
52721	報恩魚	1	518846	97.824394
52722	報捷	1	518847	97.824583
52723	報販	1	518848	97.824772
52724	報復心	1	518849	97.824961
52725	報稅	1	518850	97.825150
52726	報會	1	518851	97.825339
52727	報端	1	518852	97.825528
52728	報廢	1	518853	97.825717
52729	報銷	1	518854	97.825906
52730	報導獎	1	518855	97.826095
52731	報攤	1	518856	97.826284
52732	堡壘城	1	518857	97.826473
52733	壺腹部	1	518858	97.826662
52734	壺藝	1	518859	97.826851
52735	奠灑	1	518860	97.827040
52736	媚兒	1	518861	97.827229
52737	媚俗	1	518862	97.827418
52738	媒人	1	518863	97.827607
52739	媒人婆	1	518864	97.827796
52740	媒介物	1	518865	97.827985
52741	媒蚊	1	518866	97.828174
52742	媒體總監	1	518867	97.828363
52743	孱弱	1	518868	97.828552
52744	寒士	1	518869	97.828741
52745	寒山寺	1	518870	97.828930
52746	寒心	1	518871	97.829119
52747	寒月	1	518872	97.829308
52748	寒江	1	518873	97.829497
52749	寒江釣雪	1	518874	97.829686
52750	寒衣	1	518875	97.829875
52751	寒夜	1	518876	97.830064
52752	寒害	1	518877	97.830253
52753	寒氣	1	518878	97.830442
52754	寒喧	1	518879	97.830631
52755	寒暑假	1	518880	97.830820
52756	寒意	1	518881	97.831009
52757	寒鴉	1	518882	97.831198
52758	寒戰	1	518883	97.831387
52759	寒蟬	1	518884	97.831576
52760	寒露	1	518885	97.831765
52761	富士山	1	518886	97.831954
52762	富士通	1	518887	97.832143
52763	富比士	1	518888	97.832332
52764	富比士雜誌	1	518889	97.832521
52765	富可敵國	1	518890	97.832710
52766	富有者	1	518891	97.832899
52767	富而不好禮	1	518892	97.833088
52768	富邦人壽	1	518893	97.833277
52769	富邦產物保險	1	518894	97.833466
52770	富家	1	518895	97.833655
52771	富國	1	518896	97.833844
52772	富涵	1	518897	97.834033
52773	富貧	1	518898	97.834222
52774	富貴手	1	518899	97.834411
52775	富貴花	1	518900	97.834600
52776	富貴病	1	518901	97.834789
52777	富貴黃金屋	1	518902	97.834978
52778	富貴證券	1	518903	97.835167
52779	富達證券	1	518904	97.835356
52780	富態	1	518905	97.835545
52781	富豪車廠	1	518906	97.835734
52782	富樂院	1	518907	97.835923
52783	富鄭公園	1	518908	97.836112
52784	富麗	1	518909	97.836301
52785	富麗輝煌	1	518910	97.836490
52786	寓公	1	518911	97.836679
52787	寓言小說	1	518912	97.836868
52788	寓言家	1	518913	97.837057
52789	尊夫	1	518914	97.837246
52790	尊王攘夷	1	518915	97.837435
52791	尊形器	1	518916	97.837624
52792	尊卑	1	518917	97.837813
52793	尊長	1	518918	97.838002
52794	尊容	1	518919	97.838191
52795	尊崇	1	518920	97.838380
52796	尊號	1	518921	97.838569
52797	尊爵	1	518922	97.838758
52798	尋人	1	518923	97.838947
52799	尋人啟事	1	518924	97.839136
52800	尋芳	1	518925	97.839325
52801	尋花問柳	1	518926	97.839514
52802	尋幽	1	518927	97.839703
52803	尋幽訪勝	1	518928	97.839892
52804	尋思	1	518929	97.840081
52805	尋索	1	518930	97.840270
52806	尋問	1	518931	97.840459
52807	尋常無奇	1	518932	97.840648
52808	尋愛	1	518933	97.840837
52809	尋夢	1	518934	97.841026
52810	尋夢園	1	518935	97.841215
52811	尋親	1	518936	97.841404
52812	尋繹	1	518937	97.841593
52813	尋寶遊戲	1	518938	97.841782
52814	就地	1	518939	97.841971
52815	就食	1	518940	97.842160
52816	就教	1	518941	97.842349
52817	就逮	1	518942	97.842538
52818	就業服務中心	1	518943	97.842727
52819	就業法	1	518944	97.842916
52820	就學簽證	1	518945	97.843105
52821	就職典禮	1	518946	97.843294
52822	嵌入	1	518947	97.843483
52823	嵌入式閘陣列	1	518948	97.843672
52824	嵌貼	1	518949	97.843861
52825	嵌塞	1	518950	97.844050
52826	嵌圖	1	518951	97.844239
52827	嵌數	1	518952	97.844428
52828	帽店	1	518953	97.844617
52829	幾分錢	1	518954	97.844806
52830	幾可亂真	1	518955	97.844995
52831	幾何化	1	518956	97.845184
52832	幾何幻術	1	518957	97.845373
52833	幾何級數	1	518958	97.845562
52834	幾度風幾度霜	1	518959	97.845751
52835	廊柱	1	518960	97.845940
52836	廁身	1	518961	97.846129
52837	廂蓋	1	518962	97.846318
52838	彭河清	1	518963	97.846507
52839	彭俊淘	1	518964	97.846696
52840	彭原	1	518965	97.846885
52841	彭恩蕙	1	518966	97.847074
52842	彭真	1	518967	97.847263
52843	彭素娥	1	518968	97.847452
52844	彭翼仲	1	518969	97.847641
52845	復仇記	1	518970	97.847830
52846	復交	1	518971	97.848019
52847	復合	1	518972	97.848208
52848	復有	1	518973	97.848397
52849	復社	1	518974	97.848586
52850	復活島	1	518975	97.848775
52851	復相	1	518976	97.848964
52852	復員	1	518977	97.849153
52853	復耕	1	518978	97.849342
52854	復健中心	1	518979	97.849531
52855	復國	1	518980	97.849720
52856	復通	1	518981	97.849909
52857	復發性	1	518982	97.850098
52858	復發率	1	518983	97.850287
52859	復燃	1	518984	97.850476
52860	復興美工	1	518985	97.850665
52861	復興國小	1	518986	97.850854
52862	復興劇校	1	518987	97.851043
52863	復興劇團	1	518988	97.851232
52864	復舊	1	518989	97.851421
52865	復讎	1	518990	97.851610
52866	循吏	1	518991	97.851799
52867	循規蹈矩	1	518992	97.851988
52868	循循教誨	1	518993	97.852177
52869	循跡系統	1	518994	97.852366
52870	循跡性	1	518995	97.852555
52871	循線	1	518996	97.852744
52872	循環性	1	518997	97.852933
52873	循環圖	1	518998	97.853122
52874	循環器官	1	518999	97.853311
52875	惑人	1	519000	97.853500
52876	惡人	1	519001	97.853689
52877	惡心	1	519002	97.853878
52878	惡犬	1	519003	97.854067
52879	惡形惡狀	1	519004	97.854256
52880	惡言	1	519005	97.854445
52881	惡性黑瘤	1	519006	97.854634
52882	惡法	1	519007	97.854823
52883	惡毒	1	519008	97.855012
52884	惡風	1	519009	97.855201
52885	惡徒	1	519010	97.855390
52886	惡病質	1	519011	97.855579
52887	惡耗	1	519012	97.855768
52888	惡臭薰天	1	519013	97.855957
52889	惡棍	1	519014	97.856146
52890	惡勢力	1	519015	97.856335
52891	惡感	1	519016	97.856524
52892	惡跡	1	519017	97.856713
52893	惡漢	1	519018	97.856902
52894	惡鄰	1	519019	97.857091
52895	惡龍	1	519020	97.857280
52896	惡露	1	519021	97.857469
52897	惡魔島	1	519022	97.857658
52898	惡靈附身	1	519023	97.857847
52899	悲切	1	519024	97.858036
52900	悲烈	1	519025	97.858225
52901	悲從中來	1	519026	97.858414
52902	悲情城市	1	519027	97.858603
52903	悲喜交集	1	519028	97.858792
52904	悲華經	1	519029	97.858981
52905	悲愁	1	519030	97.859170
52906	悲號	1	519031	97.859359
52907	悲嘆	1	519032	97.859548
52908	悲慟欲絕	1	519033	97.859737
52909	悲鳴	1	519034	97.859926
52910	悲劇性	1	519035	97.860115
52911	悲憐	1	519036	97.860304
52912	悲樂	1	519037	97.860493
52913	悲樂主義	1	519038	97.860682
52914	悲歡	1	519039	97.860871
52915	悲歡交織錄	1	519040	97.861060
52916	悲歡離合	1	519041	97.861249
52917	悶不吭聲	1	519042	97.861438
52918	悶氣	1	519043	97.861627
52919	悶棍	1	519044	97.861816
52920	惠州	1	519045	97.862005
52921	惠而不費	1	519046	97.862194
52922	惠而浦公司	1	519047	97.862383
52923	惠和	1	519048	97.862572
52924	惠果	1	519049	97.862761
52925	惠政	1	519050	97.862950
52926	惠降	1	519051	97.863139
52927	惠香	1	519052	97.863328
52928	惠普電腦	1	519053	97.863517
52929	惠顧	1	519054	97.863706
52930	愣住	1	519055	97.863895
52931	惴惴	1	519056	97.864084
52932	惴惴不安	1	519057	97.864273
52933	惴惴然	1	519058	97.864462
52934	慨談	1	519059	97.864651
52935	惱火	1	519060	97.864840
52936	惶迫	1	519061	97.865029
52937	惶惶不安	1	519062	97.865218
52938	惶然	1	519063	97.865407
52939	掌上明珠	1	519064	97.865596
52940	掌上型掃瞄機	1	519065	97.865785
52941	掌上型通訊器	1	519066	97.865974
52942	掌上型遊樂器	1	519067	97.866163
52943	掌上型電子字典	1	519068	97.866352
52944	掌上型電腦	1	519069	97.866541
52945	掌中	1	519070	97.866730
52946	掌中劇	1	519071	97.866919
52947	掌中劇團	1	519072	97.867108
52948	掌心	1	519073	97.867297
52949	掌狀脈	1	519074	97.867486
52950	掌狀複葉	1	519075	97.867675
52951	掌政	1	519076	97.867864
52952	掌故	1	519077	97.868053
52953	掌珠	1	519078	97.868242
52954	掌船人	1	519079	97.868431
52955	掌絲	1	519080	97.868620
52956	掌腹	1	519081	97.868809
52957	掌櫃	1	519082	97.868998
52958	掌鏡者	1	519083	97.869187
52959	掌權者	1	519084	97.869376
52960	描眉	1	519085	97.869565
52961	描圖紙	1	519086	97.869754
52962	描寫力	1	519087	97.869943
52963	描摹	1	519088	97.870132
52964	揀貨	1	519089	97.870321
52965	揩汗	1	519090	97.870510
52966	揩油	1	519091	97.870699
52967	揉合	1	519092	97.870888
52968	揉紙	1	519093	97.871077
52969	揉開	1	519094	97.871266
52970	插口	1	519095	97.871455
52971	插足	1	519096	97.871644
52972	插科打諢	1	519097	97.871833
52973	插座	1	519098	97.872022
52974	插翅難飛	1	519099	97.872211
52975	插條	1	519100	97.872400
52976	插進	1	519101	97.872589
52977	插腰	1	519102	97.872778
52978	插話	1	519103	97.872967
52979	插嘴	1	519104	97.873156
52980	提名人	1	519105	97.873345
52981	提伯龍	1	519106	97.873534
52982	提取液	1	519107	97.873723
52983	提姆‧羅賓斯	1	519108	97.873912
52984	提姆勞賓斯	1	519109	97.874101
52985	提香	1	519110	97.874290
52986	提起來	1	519111	97.874479
52987	提款人	1	519112	97.874668
52988	提款機	1	519113	97.874857
52989	提督	1	519114	97.875046
52990	握手言和	1	519115	97.875235
52991	握柄	1	519116	97.875424
52992	握球	1	519117	97.875613
52993	揭謎	1	519118	97.875802
52994	揮刀	1	519119	97.875991
52995	揮兵	1	519120	97.876180
52996	揮金如土	1	519121	97.876369
52997	揮桿	1	519122	97.876558
52998	揮發	1	519123	97.876747
52999	揮寫	1	519124	97.876936
53000	揮臂	1	519125	97.877125
53001	揮洒	1	519126	97.877314
53002	援中國小	1	519127	97.877503
53003	援引	1	519128	97.877692
53004	援用	1	519129	97.877881
53005	援例	1	519130	97.878070
53006	援俄	1	519131	97.878259
53007	換手	1	519132	97.878448
53008	換作	1	519133	97.878637
53009	換肝	1	519134	97.878826
53010	換來	1	519135	97.879015
53011	換妻驚魂記	1	519136	97.879204
53012	換股	1	519137	97.879393
53013	換屋	1	519138	97.879582
53014	換屋族	1	519139	97.879771
53015	換約	1	519140	97.879960
53016	換酒	1	519141	97.880149
53017	換將	1	519142	97.880338
53018	換領	1	519143	97.880527
53019	換碼	1	519144	97.880716
53020	換轉	1	519145	97.880905
53021	換藥車	1	519146	97.881094
53022	摒氣	1	519147	97.881283
53023	摒擋	1	519148	97.881472
53024	揚力	1	519149	97.881661
53025	揚州市	1	519150	97.881850
53026	揚長而去	1	519151	97.882039
53027	揚眉	1	519152	97.882228
53028	揹負	1	519153	97.882417
53029	敞亮	1	519154	97.882606
53030	敞篷小跑車	1	519155	97.882795
53031	敞廳	1	519156	97.882984
53032	敦化北路	1	519157	97.883173
53033	敦利亞阿勒坡	1	519158	97.883362
53034	敦親睦族	1	519159	97.883551
53035	敦親睦鄰	1	519160	97.883740
53036	敢死隊	1	519161	97.883929
53037	散心	1	519162	97.884118
53038	散光	1	519163	97.884307
53039	散光星雲	1	519164	97.884496
53040	散光星團	1	519165	97.884685
53041	散步者	1	519166	97.884874
53042	散步道	1	519167	97.885063
53043	散見	1	519168	97.885252
53044	散放	1	519169	97.885441
53045	散記	1	519170	97.885630
53046	散塔露琪雅	1	519171	97.885819
53047	散會	1	519172	97.886008
53048	散裙	1	519173	97.886197
53049	斑文鳥	1	519174	97.886386
53050	斑禿	1	519175	97.886575
53051	斑馬線	1	519176	97.886764
53052	斑痕	1	519177	97.886953
53053	斑塊	1	519178	97.887142
53054	斑鳩	1	519179	97.887331
53055	斑龍屬	1	519180	97.887520
53056	斑蟊	1	519181	97.887709
53057	斐洛	1	519182	97.887898
53058	斐然	1	519183	97.888087
53059	斐濟	1	519184	97.888276
53060	斐濟日報	1	519185	97.888465
53061	斯尼派	1	519186	97.888654
53062	斯多噶哲學派	1	519187	97.888843
53063	斯貝尼克港	1	519188	97.889032
53064	斯里蘭卡	1	519189	97.889221
53065	斯坦因	1	519190	97.889410
53066	斯帕	1	519191	97.889599
53067	斯帕礦泉水公司	1	519192	97.889788
53068	斯拉夫人	1	519193	97.889977
53069	斯洛文尼亞	1	519194	97.890166
53070	斯時	1	519195	97.890355
53071	斯堪地那維亞半島	1	519196	97.890544
53072	斯堪底那維亞	1	519197	97.890733
53073	斯普列克	1	519198	97.890922
53074	斯普利特海灣	1	519199	97.891111
53075	斯普利特港	1	519200	97.891300
53076	斯塔澤爾	1	519201	97.891489
53077	斯蒂芬‧范內博斯	1	519202	97.891678
53078	斯圖加特芭蕾舞團	1	519203	97.891867
53079	斯德哥爾摩	1	519204	97.892056
53080	普天之下	1	519205	97.892245
53081	普天同慶	1	519206	97.892434
53082	普立茲獎	1	519207	97.892623
53083	普吉島	1	519208	97.892812
53084	普見	1	519209	97.893001
53085	普南	1	519210	97.893190
53086	普洱	1	519211	97.893379
53087	普洱茶	1	519212	97.893568
53088	普降甘霖	1	519213	97.893757
53089	普飛錄音室	1	519214	97.893946
53090	普通車	1	519215	97.894135
53091	普瑞斯克嶼	1	519216	97.894324
53092	普濟禪院	1	519217	97.894513
53093	普羅	1	519218	97.894702
53094	普羅大眾	1	519219	97.894891
53095	普羅旺斯地區	1	519220	97.895080
53096	普羅齊	1	519221	97.895269
53097	晴天霹靂	1	519222	97.895458
53098	晴和	1	519223	97.895647
53099	晴空萬里	1	519224	97.895836
53100	晴雨	1	519225	97.896025
53101	晴海	1	519226	97.896214
53102	晶狀體	1	519227	97.896403
53103	晶亮	1	519228	97.896592
53104	晶體	1	519229	97.896781
53105	晶體狀	1	519230	97.896970
53106	景尾	1	519231	97.897159
53107	景狀	1	519232	97.897348
53108	景美女中	1	519233	97.897537
53109	景美看守所	1	519234	97.897726
53110	景泰六號	1	519235	97.897915
53111	景德鎮	1	519236	97.898104
53112	景緻	1	519237	97.898293
53113	景觀區	1	519238	97.898482
53114	暑修	1	519239	97.898671
53115	暑氣	1	519240	97.898860
53116	暑訓	1	519241	97.899049
53117	暑假班	1	519242	97.899238
53118	暑意	1	519243	97.899427
53119	智仙	1	519244	97.899616
53120	智光	1	519245	97.899805
53121	智完法師	1	519246	97.899994
53122	智育	1	519247	97.900183
53123	智者不惑	1	519248	97.900372
53124	智者樂水	1	519249	97.900561
53125	智勇	1	519250	97.900750
53126	智勇雙全	1	519251	97.900939
53127	智威湯遜廣告	1	519252	97.901128
53128	智庫	1	519253	97.901317
53129	智障兒童	1	519254	97.901506
53130	智障者	1	519255	97.901695
53131	智障組	1	519256	97.901884
53132	智慧的河流	1	519257	97.902073
53133	智慧觀	1	519258	97.902262
53134	智擒	1	519259	97.902451
53135	智謀	1	519260	97.902640
53136	智優	1	519261	97.902829
53137	智優班	1	519262	97.903018
53138	智囊	1	519263	97.903207
53139	曾文	1	519264	97.903396
53140	曾文溪	1	519265	97.903585
53141	曾紀恩	1	519266	97.903774
53142	曾約農	1	519267	97.903963
53143	曾振農	1	519268	97.904152
53144	曾祖父	1	519269	97.904341
53145	曾國城	1	519270	97.904530
53146	曾景文	1	519271	97.904719
53147	曾虛白	1	519272	97.904908
53148	曾鞏	1	519273	97.905097
53149	曾寶蓀	1	519274	97.905286
53150	替代性	1	519275	97.905475
53151	替代品	1	519276	97.905664
53152	期末	1	519277	97.905853
53153	期考	1	519278	97.906042
53154	期貨交易室	1	519279	97.906231
53155	期貨界	1	519280	97.906420
53156	期會	1	519281	97.906609
53157	朝夕	1	519282	97.906798
53158	朝不謀夕	1	519283	97.906987
53159	朝天宮	1	519284	97.907176
53160	朝事	1	519285	97.907365
53161	朝宗	1	519286	97.907554
53162	朝服	1	519287	97.907743
53163	朝雨	1	519288	97.907932
53164	朝思暮想	1	519289	97.908121
53165	朝珠	1	519290	97.908310
53166	朝秦暮楚	1	519291	97.908499
53167	朝務	1	519292	97.908688
53168	朝堂	1	519293	97.908877
53169	朝帶	1	519294	97.909066
53170	朝朝暮暮	1	519295	97.909255
53171	朝陽成長營	1	519296	97.909444
53172	朝會賦	1	519297	97.909633
53173	朝殿	1	519298	97.909822
53174	朝暮	1	519299	97.910011
53175	朝鮮王朝	1	519300	97.910200
53176	棺材	1	519301	97.910389
53177	棕脇喞䲹	1	519302	97.910578
53178	棕紅色	1	519303	97.910767
53179	棕背伯勞	1	519304	97.910956
53180	棕褐色	1	519305	97.911145
53181	棕樹城	1	519306	97.911334
53182	棕簑貓	1	519307	97.911523
53183	棕櫚油	1	519308	97.911712
53184	棕櫚巷	1	519309	97.911901
53185	棕櫚泉	1	519310	97.912090
53186	棕櫚樹	1	519311	97.912279
53187	棗紅色	1	519312	97.912468
53188	棗椰樹	1	519313	97.912657
53189	椅套	1	519314	97.912846
53190	椅墊	1	519315	97.913035
53191	森下	1	519316	97.913224
53192	森林之王	1	519317	97.913413
53193	森林系	1	519318	97.913602
53194	森林法	1	519319	97.913791
53195	森寒	1	519320	97.913980
53196	森羅	1	519321	97.914169
53197	棧道	1	519322	97.914358
53198	棒球員	1	519323	97.914547
53199	棒球帽	1	519324	97.914736
53200	棒球裝	1	519325	97.914925
53201	棒球營	1	519326	97.915114
53202	棒渦星系	1	519327	97.915303
53203	棒槌	1	519328	97.915492
53204	棒鋼	1	519329	97.915681
53205	棒壘	1	519330	97.915870
53206	棲木	1	519331	97.916059
53207	棲蘭	1	519332	97.916248
53208	棲蘭山	1	519333	97.916437
53209	棋王	1	519334	97.916626
53210	棋后	1	519335	97.916815
53211	棋枰	1	519336	97.917004
53212	棋風	1	519337	97.917193
53213	棋逢對手	1	519338	97.917382
53214	棋琴書畫	1	519339	97.917571
53215	棋著	1	519340	97.917760
53216	棋聖	1	519341	97.917949
53217	棋藝室	1	519342	97.918138
53218	棋類	1	519343	97.918327
53219	植皮	1	519344	97.918516
53220	植物人	1	519345	97.918705
53221	植物性	1	519346	97.918894
53222	植物油	1	519347	97.919083
53223	植物相	1	519348	97.919272
53224	植物纖維	1	519349	97.919461
53225	植根	1	519350	97.919650
53226	植栽	1	519351	97.919839
53227	植基	1	519352	97.920028
53228	椎名誠	1	519353	97.920217
53229	棉力	1	519354	97.920406
53230	棉子糖	1	519355	97.920595
53231	棉布衣	1	519356	97.920784
53232	棉汗衫	1	519357	97.920973
53233	棉籽油	1	519358	97.921162
53234	棉套褲	1	519359	97.921351
53235	棉紡公會	1	519360	97.921540
53236	棉紗	1	519361	97.921729
53237	棉紙	1	519362	97.921918
53238	棉被單	1	519363	97.922107
53239	棉袍	1	519364	97.922296
53240	棉鞋	1	519365	97.922485
53241	棉薄之力	1	519366	97.922674
53242	棉襪	1	519367	97.922863
53243	棉籤	1	519368	97.923052
53244	棚狀	1	519369	97.923241
53245	棚架	1	519370	97.923430
53246	款子	1	519371	97.923619
53247	款款地	1	519372	97.923808
53248	欺人太甚	1	519373	97.923997
53249	欺君	1	519374	97.924186
53250	欺君大罪	1	519375	97.924375
53251	欺近	1	519376	97.924564
53252	欺凌	1	519377	97.924753
53253	欺瞞	1	519378	97.924942
53254	欽天監	1	519379	97.925131
53255	欽本立	1	519380	97.925320
53256	欽仰	1	519381	97.925509
53257	欽此	1	519382	97.925698
53258	欽定四庫全書總目提要	1	519383	97.925887
53259	欽定四庫祕訣	1	519384	97.926076
53260	欽察汗國	1	519385	97.926265
53261	殘木	1	519386	97.926454
53262	殘片	1	519387	97.926643
53263	殘本	1	519388	97.926832
53264	殘而不廢	1	519389	97.927021
53265	殘局	1	519390	97.927210
53266	殘枝	1	519391	97.927399
53267	殘花淚	1	519392	97.927588
53268	殘垣	1	519393	97.927777
53269	殘紅	1	519394	97.927966
53270	殘烈	1	519395	97.928155
53271	殘疾人	1	519396	97.928344
53272	殘敗	1	519397	97.928533
53273	殘雪	1	519398	97.928722
53274	殘障生	1	519399	97.928911
53275	殘障者運動會	1	519400	97.929100
53276	殘障專車	1	519401	97.929289
53277	殘障陶藝創作展	1	519402	97.929478
53278	殘障福利法	1	519403	97.929667
53279	殘廢者	1	519404	97.929856
53280	殘餘物	1	519405	97.930045
53281	殘羹	1	519406	97.930234
53282	殘癈	1	519407	97.930423
53283	殘癈者	1	519408	97.930612
53284	殖民帝國主義	1	519409	97.930801
53285	殖利率	1	519410	97.930990
53286	殖利率差	1	519411	97.931179
53287	殼牌石油	1	519412	97.931368
53288	氮氧化物	1	519413	97.931557
53289	氯乙烯	1	519414	97.931746
53290	氯化物	1	519415	97.931935
53291	氯化銨	1	519416	97.932124
53292	氯氣	1	519417	97.932313
53293	港九	1	519418	97.932502
53294	港大	1	519419	97.932691
53295	港友會	1	519420	97.932880
53296	港方	1	519421	97.933069
53297	港星	1	519422	97.933258
53298	港區	1	519423	97.933447
53299	港劇	1	519424	97.933636
53300	港澳研究小組	1	519425	97.933825
53301	港澳處	1	519426	97.934014
53302	港澳會談	1	519427	97.934203
53303	港麗酒店	1	519428	97.934392
53304	港警	1	519429	97.934581
53305	港灣城	1	519430	97.934770
53306	游手好閒	1	519431	97.934959
53307	游方	1	519432	97.935148
53308	游方坪	1	519433	97.935337
53309	游水	1	519434	97.935526
53310	游好彥舞團	1	519435	97.935715
53311	游伯龍	1	519436	97.935904
53312	游泳班	1	519437	97.936093
53313	游泳救生訓練	1	519438	97.936282
53314	游泳褲	1	519439	97.936471
53315	游泳賽	1	519440	97.936660
53316	游客	1	519441	97.936849
53317	游宴	1	519442	97.937038
53318	游乾桂	1	519443	97.937227
53319	游梁書院	1	519444	97.937416
53320	游淮銀	1	519445	97.937605
53321	游速	1	519446	97.937794
53322	游擊	1	519447	97.937983
53323	渡村	1	519448	97.938172
53324	渡村鄉	1	519449	97.938361
53325	渡海小輪	1	519450	97.938550
53326	渡假俱樂部	1	519451	97.938739
53327	渡假勝地	1	519452	97.938928
53328	渡邊繪里子	1	519453	97.939117
53329	渲染力	1	519454	97.939306
53330	渲洩	1	519455	97.939495
53331	湧動	1	519456	97.939684
53332	湧進	1	519457	97.939873
53333	湊巧	1	519458	97.940062
53334	湊合	1	519459	97.940251
53335	湊和	1	519460	97.940440
53336	渥太華	1	519461	97.940629
53337	渥巴錫	1	519462	97.940818
53338	減刑	1	519463	97.941007
53339	減收	1	519464	97.941196
53340	減角化經營	1	519465	97.941385
53341	減法	1	519466	97.941574
53342	減肥中心	1	519467	97.941763
53343	減肥餐	1	519468	97.941952
53344	減肥藥	1	519469	97.942141
53345	減重班	1	519470	97.942330
53346	減速機	1	519471	97.942519
53347	減資	1	519472	97.942708
53348	減縮政策	1	519473	97.942897
53349	湛藍色	1	519474	97.943086
53350	湘紅	1	519475	97.943275
53351	湘軍	1	519476	97.943464
53352	渤海	1	519477	97.943653
53353	湖人隊	1	519478	97.943842
53354	湖海清平	1	519479	97.944031
53355	湖筆	1	519480	97.944220
53356	湖廣	1	519481	97.944409
53357	湖濱	1	519482	97.944598
53358	湮滅	1	519483	97.944787
53359	湮遠	1	519484	97.944976
53360	渭城	1	519485	97.945165
53361	渭城曲	1	519486	97.945354
53362	渦水	1	519487	97.945543
53363	渦流	1	519488	97.945732
53364	渦紋	1	519489	97.945921
53365	渦輪油引擎	1	519490	97.946110
53366	渦輪減速機	1	519491	97.946299
53367	渦輪機	1	519492	97.946488
53368	渦輪遲滯現象	1	519493	97.946677
53369	湯文斌	1	519494	97.946866
53370	湯尼李察生	1	519495	97.947055
53371	湯尼李察森	1	519496	97.947244
53372	湯民	1	519497	97.947433
53373	湯汁	1	519498	97.947622
53374	湯姆‧伊略特	1	519499	97.947811
53375	湯姆歷險記	1	519500	97.948000
53376	湯姆瓊斯	1	519501	97.948189
53377	湯銘新	1	519502	97.948378
53378	湯劑	1	519503	97.948567
53379	湯顯祖	1	519504	97.948756
53380	渴盼	1	519505	97.948945
53381	渴慕	1	519506	97.949134
53382	湍流	1	519507	97.949323
53383	測步馬錶	1	519508	97.949512
53384	測定器	1	519509	97.949701
53385	測時	1	519510	97.949890
53386	測控	1	519511	97.950079
53387	測視	1	519512	97.950268
53388	測量帶	1	519513	97.950457
53389	測量網	1	519514	97.950646
53390	測試廠	1	519515	97.950835
53391	測算	1	519516	97.951024
53392	渾身無力	1	519517	97.951213
53393	渾渾噩噩	1	519518	97.951402
53394	渾然忘我	1	519519	97.951591
53395	渾實	1	519520	97.951780
53396	滋叫	1	519521	97.951969
53397	滋息	1	519522	97.952158
53398	滋陰	1	519523	97.952347
53399	滋陽	1	519524	97.952536
53400	滋補品	1	519525	97.952725
53401	湄公河	1	519526	97.952914
53402	湄南河	1	519527	97.953103
53403	焚化室	1	519528	97.953292
53404	焚火爐	1	519529	97.953481
53405	焚屍	1	519530	97.953670
53406	焚香	1	519531	97.953859
53407	焚書	1	519532	97.954048
53408	焚琴煮鶴	1	519533	97.954237
53409	焦山佛學院	1	519534	97.954426
53410	焦光	1	519535	97.954615
53411	焦佑倫	1	519536	97.954804
53412	焦佑鈞	1	519537	97.954993
53413	焦佑衡	1	519538	97.955182
53414	焦佑麒	1	519539	97.955371
53415	焦慮症	1	519540	97.955560
53416	焦慮症候群	1	519541	97.955749
53417	焦毅夫	1	519542	97.955938
53418	焦頭爛額	1	519543	97.956127
53419	焦燥	1	519544	97.956316
53420	焦爐	1	519545	97.956505
53421	焦躁	1	519546	97.956694
53422	焦躁不安	1	519547	97.956883
53423	焰火	1	519548	97.957072
53424	無一倖免	1	519549	97.957261
53425	無人島	1	519550	97.957450
53426	無人探測船	1	519551	97.957639
53427	無力自拔	1	519552	97.957828
53428	無中生有	1	519553	97.958017
53429	無分軒輊	1	519554	97.958206
53430	無心之過	1	519555	97.958395
53431	無心之語	1	519556	97.958584
53432	無止盡	1	519557	97.958773
53433	無毛雞	1	519558	97.958962
53434	無水甘油半月節封閉術	1	519559	97.959151
53435	無以名狀	1	519560	97.959340
53436	無以自容	1	519561	97.959529
53437	無以言喻	1	519562	97.959718
53438	無以為繼	1	519563	97.959907
53439	無以復加	1	519564	97.960096
53440	無他	1	519565	97.960285
53441	無功而返	1	519566	97.960474
53442	無可自抑	1	519567	97.960663
53443	無可否認	1	519568	97.960852
53444	無可言喻	1	519569	97.961041
53445	無可復加	1	519570	97.961230
53446	無它	1	519571	97.961419
53447	無由	1	519572	97.961608
53448	無地自容	1	519573	97.961797
53449	無色界	1	519574	97.961986
53450	無助感	1	519575	97.962175
53451	無妨	1	519576	97.962364
53452	無尾狐狸	1	519577	97.962553
53453	無尾滑鼠	1	519578	97.962742
53454	無尾鳳蝶	1	519579	97.962931
53455	無言以對	1	519580	97.963120
53456	無足掛齒	1	519581	97.963309
53457	無依無靠	1	519582	97.963498
53458	無性生殖	1	519583	97.963687
53459	無所不知	1	519584	97.963876
53460	無所不為	1	519585	97.964065
53461	無阻	1	519586	97.964254
53462	無怨無仇	1	519587	97.964443
53463	無政府狀態	1	519588	97.964632
53464	無故	1	519589	97.964821
53465	無柱式	1	519590	97.965010
53466	無段式開關	1	519591	97.965199
53467	無重力	1	519592	97.965388
53468	無重力狀態	1	519593	97.965577
53469	無師自通	1	519594	97.965766
53470	無核白	1	519595	97.965955
53471	無神論	1	519596	97.966144
53472	無脈相思樹	1	519597	97.966333
53473	無脊椎動物	1	519598	97.966522
53474	無記名	1	519599	97.966711
53475	無骨肖	1	519600	97.966900
53476	無堅不摧	1	519601	97.967089
53477	無庸贅言	1	519602	97.967278
53478	無患子	1	519603	97.967467
53479	無情無義	1	519604	97.967656
53480	無欲	1	519605	97.967845
53481	無欲則剛	1	519606	97.968034
53482	無產階級專政	1	519607	97.968223
53483	無傍無依	1	519608	97.968412
53484	無幾	1	519609	97.968601
53485	無期刑	1	519610	97.968790
53486	無減價時段	1	519611	97.968979
53487	無痛性潰瘍	1	519612	97.969168
53488	無菌中單	1	519613	97.969357
53489	無菌狀態	1	519614	97.969546
53490	無菌區	1	519615	97.969735
53491	無視於	1	519616	97.969924
53492	無量心	1	519617	97.970113
53493	無意間	1	519618	97.970302
53494	無愧於天	1	519619	97.970491
53495	無煙媒	1	519620	97.970680
53496	無瑕疪	1	519621	97.970869
53497	無當	1	519622	97.971058
53498	無罪開釋	1	519623	97.971247
53499	無解	1	519624	97.971436
53500	無話可說	1	519625	97.971625
53501	無跡可尋	1	519626	97.971814
53502	無道	1	519627	97.972003
53503	無疑的	1	519628	97.972192
53504	無福消受	1	519629	97.972381
53505	無憂宮	1	519630	97.972570
53506	無敵手	1	519631	97.972759
53507	無瘤生存期	1	519632	97.972948
53508	無窮無盡	1	519633	97.973137
53509	無線晚間新聞	1	519634	97.973326
53510	無線電指向臺	1	519635	97.973515
53511	無線電星系	1	519636	97.973704
53512	無線電臺	1	519637	97.973893
53513	無線電廣播	1	519638	97.974082
53514	無線臺	1	519639	97.974271
53515	無醉不歸	1	519640	97.974460
53516	無齒相手蟹	1	519641	97.974649
53517	無獨有偶	1	519642	97.974838
53518	無糖飲料	1	519643	97.975027
53519	無錫市	1	519644	97.975216
53520	無頭蒼蠅	1	519645	97.975405
53521	無聲無息	1	519646	97.975594
53522	無題	1	519647	97.975783
53523	無藥可醫	1	519648	97.975972
53524	無邊無量	1	519649	97.976161
53525	無邊無際	1	519650	97.976350
53526	無關痛癢	1	519651	97.976539
53527	無關緊要	1	519652	97.976728
53528	無厘頭	1	519653	97.976917
53529	煮食	1	519654	97.977106
53530	牌告利率	1	519655	97.977295
53531	牌局	1	519656	97.977484
53532	牌匾	1	519657	97.977673
53533	牌照	1	519658	97.977862
53534	牌號	1	519659	97.978051
53535	牌藝室	1	519660	97.978240
53536	犀牛人	1	519661	97.978429
53537	犀牛角事件	1	519662	97.978618
53538	猶太王國	1	519663	97.978807
53539	猶太民族	1	519664	97.978996
53540	猶太教	1	519665	97.979185
53541	猶太教區	1	519666	97.979374
53542	猶太族	1	519667	97.979563
53543	猶他州	1	519668	97.979752
53544	猶加敦半島	1	519669	97.979941
53545	猶地亞	1	519670	97.980130
53546	猶在	1	519671	97.980319
53547	猶恐不及	1	519672	97.980508
53548	猶疑不決	1	519673	97.980697
53549	猶豫不定	1	519674	97.980886
53550	猴王	1	519675	97.981075
53551	猴囝仔	1	519676	97.981264
53552	猴年	1	519677	97.981453
53553	猴兒	1	519678	97.981642
53554	猴板凳	1	519679	97.981831
53555	猴園	1	519680	97.982020
53556	猴腦	1	519681	97.982209
53557	猴頭	1	519682	97.982398
53558	猴臉譜	1	519683	97.982587
53559	琺瑯	1	519684	97.982776
53560	琳達	1	519685	97.982965
53561	琳黛‧桑德斯	1	519686	97.983154
53562	琥珀	1	519687	97.983343
53563	琥珀色	1	519688	97.983532
53564	琥珀黃	1	519689	97.983721
53565	琥碧戈柏	1	519690	97.983910
53566	琵琶	1	519691	97.984099
53567	琴弦	1	519692	97.984288
53568	琴師	1	519693	97.984477
53569	琦君	1	519694	97.984666
53570	甥女	1	519695	97.984855
53571	畫中有詩	1	519696	97.985044
53572	畫友	1	519697	97.985233
53573	畫刊式	1	519698	97.985422
53574	畫具	1	519699	97.985611
53575	畫卷	1	519700	97.985800
53576	畫房	1	519701	97.985989
53577	畫時代	1	519702	97.986178
53578	畫框	1	519703	97.986367
53579	畫意	1	519704	97.986556
53580	畫絹	1	519705	97.986745
53581	畫圖	1	519706	97.986934
53582	畫賽	1	519707	97.987123
53583	畫題	1	519708	97.987312
53584	番仔寮	1	519709	97.987501
53585	番禺	1	519710	97.987690
53586	番薯葉	1	519711	97.987879
53587	番薯粿	1	519712	97.988068
53588	痢疾桿菌	1	519713	97.988257
53589	痛批	1	519714	97.988446
53590	痛哭失聲	1	519715	97.988635
53591	痛哭流涕	1	519716	97.988824
53592	痛宰	1	519717	97.989013
53593	痛責	1	519718	97.989202
53594	痛惡	1	519719	97.989391
53595	痛訴	1	519720	97.989580
53596	痛飲	1	519721	97.989769
53597	痛感	1	519722	97.989958
53598	痛號	1	519723	97.990147
53599	痛徹	1	519724	97.990336
53600	痞子探長	1	519725	97.990525
53601	痠澀	1	519726	97.990714
53602	登山人	1	519727	97.990903
53603	登山口	1	519728	97.991092
53604	登山史	1	519729	97.991281
53605	登山步道	1	519730	97.991470
53606	登山服	1	519731	97.991659
53607	登山界	1	519732	97.991848
53608	登山博物館	1	519733	97.992037
53609	登山隊	1	519734	97.992226
53610	登山腳踏車	1	519735	97.992415
53611	登山道	1	519736	97.992604
53612	登天	1	519737	97.992793
53613	登王座	1	519738	97.992982
53614	登出	1	519739	97.993171
53615	登位	1	519740	97.993360
53616	登岸	1	519741	97.993549
53617	登門造訪	1	519742	97.993738
53618	登科	1	519743	97.993927
53619	登峰	1	519744	97.994116
53620	登記費	1	519745	97.994305
53621	登記證	1	519746	97.994494
53622	登高望遠	1	519747	97.994683
53623	登陸網	1	519748	97.994872
53624	登頂	1	519749	97.995061
53625	登輝大道	1	519750	97.995250
53626	登機門	1	519751	97.995439
53627	登瀛書院	1	519752	97.995628
53628	發功	1	519753	97.995817
53629	發光機	1	519754	97.996006
53630	發光體	1	519755	97.996195
53631	發汗	1	519756	97.996384
53632	發行部	1	519757	97.996573
53633	發行業	1	519758	97.996762
53634	發行點	1	519759	97.996951
53635	發作期	1	519760	97.997140
53636	發抒	1	519761	97.997329
53637	發育期	1	519762	97.997518
53638	發言權	1	519763	97.997707
53639	發怔	1	519764	97.997896
53640	發明史	1	519765	97.998085
53641	發派	1	519766	97.998274
53642	發胖	1	519767	97.998463
53643	發展局	1	519768	97.998652
53644	發展區	1	519769	97.998841
53645	發展商	1	519770	97.999030
53646	發展觀光條例	1	519771	97.999219
53647	發氣	1	519772	97.999408
53648	發神經	1	519773	97.999597
53649	發訊器	1	519774	97.999786
53650	發財車	1	519775	97.999975
53651	發財夢	1	519776	98.000164
53652	發起人	1	519777	98.000353
53653	發起火	1	519778	98.000542
53654	發軔	1	519779	98.000731
53655	發送	1	519780	98.000920
53656	發酒瘋	1	519781	98.001109
53657	發配	1	519782	98.001298
53658	發條	1	519783	98.001487
53659	發涼	1	519784	98.001676
53660	發球率	1	519785	98.001865
53661	發現臺灣	1	519786	98.002054
53662	發祥	1	519787	98.002243
53663	發貨	1	519788	98.002432
53664	發貨量	1	519789	98.002621
53665	發軟	1	519790	98.002810
53666	發麻	1	519791	98.002999
53667	發散	1	519792	98.003188
53668	發脹	1	519793	98.003377
53669	發韌	1	519794	98.003566
53670	發愁	1	519795	98.003755
53671	發暈	1	519796	98.003944
53672	發號	1	519797	98.004133
53673	發電所	1	519798	98.004322
53674	發電場	1	519799	98.004511
53675	發電量	1	519800	98.004700
53676	發瘋	1	519801	98.004889
53677	發福	1	519802	98.005078
53678	發價書	1	519803	98.005267
53679	發憤	1	519804	98.005456
53680	發奮	1	519805	98.005645
53681	發燒友	1	519806	98.005834
53682	發聲器官	1	519807	98.006023
53683	發薪日	1	519808	98.006212
53684	發癢	1	519809	98.006401
53685	發釋	1	519810	98.006590
53686	皓皓	1	519811	98.006779
53687	盜木	1	519812	98.006968
53688	盜印	1	519813	98.007157
53689	盜林	1	519814	98.007346
53690	盜帥	1	519815	98.007535
53691	盜製	1	519816	98.007724
53692	盜播	1	519817	98.007913
53693	盜錄版	1	519818	98.008102
53694	盜錄業	1	519819	98.008291
53695	短小	1	519820	98.008480
53696	短天期	1	519821	98.008669
53697	短文	1	519822	98.008858
53698	短毛	1	519823	98.009047
53699	短句	1	519824	98.009236
53700	短尾廂	1	519825	98.009425
53701	短命鬼	1	519826	98.009614
53702	短胸衣	1	519827	98.009803
53703	短訊	1	519828	98.009992
53704	短淺	1	519829	98.010181
53705	短處	1	519830	98.010370
53706	短評	1	519831	98.010559
53707	短跑	1	519832	98.010748
53708	短裙	1	519833	98.010937
53709	短漏	1	519834	98.011126
53710	短腿	1	519835	98.011315
53711	短鼻象	1	519836	98.011504
53712	短歎	1	519837	98.011693
53713	短線進出	1	519838	98.011882
53714	短襪	1	519839	98.012071
53715	短纖	1	519840	98.012260
53716	硝煙	1	519841	98.012449
53717	硝酸氣	1	519842	98.012638
53718	硝鏹水	1	519843	98.012827
53719	硬件	1	519844	98.013016
53720	硬式少棒	1	519845	98.013205
53721	硬式威權制	1	519846	98.013394
53722	硬角色	1	519847	98.013583
53723	硬是了得	1	519848	98.013772
53724	硬紙板	1	519849	98.013961
53725	硬軟通吃	1	519850	98.014150
53726	硬帽	1	519851	98.014339
53727	硬塊	1	519852	98.014528
53728	硬碟	1	519853	98.014717
53729	硬膜外麻醉	1	519854	98.014906
53730	硬頸	1	519855	98.015095
53731	程小東	1	519856	98.015284
53732	程步高	1	519857	98.015473
53733	程剛	1	519858	98.015662
53734	程家檉	1	519859	98.015851
53735	稅目	1	519860	98.016040
53736	稅吏	1	519861	98.016229
53737	稅局	1	519862	98.016418
53738	稅表	1	519863	98.016607
53739	稅前利益	1	519864	98.016796
53740	稅前盈餘	1	519865	98.016985
53741	稅前淨利	1	519866	98.017174
53742	稅前淨損	1	519867	98.017363
53743	稅後盈餘	1	519868	98.017552
53744	稅政	1	519869	98.017741
53745	稅捐	1	519870	98.017930
53746	稅捐處長	1	519871	98.018119
53747	稅捐單位	1	519872	98.018308
53748	稅捐稽徵單位	1	519873	98.018497
53749	稅捐機關	1	519874	98.018686
53750	稅務員	1	519875	98.018875
53751	稅單	1	519876	98.019064
53752	稅源	1	519877	98.019253
53753	稅種	1	519878	98.019442
53754	稀泥	1	519879	98.019631
53755	稀稀落落	1	519880	98.019820
53756	稀落	1	519881	98.020009
53757	窘狀	1	519882	98.020198
53758	窘態百出	1	519883	98.020387
53759	窘態畢露	1	519884	98.020576
53760	窗外有藍天	1	519885	98.020765
53761	窗帘	1	519886	98.020954
53762	窗明几淨	1	519887	98.021143
53763	窗門	1	519888	98.021332
53764	窗玻璃	1	519889	98.021521
53765	窗框	1	519890	98.021710
53766	窗楣	1	519891	98.021899
53767	窗幔	1	519892	98.022088
53768	窗摺	1	519893	98.022277
53769	窗臺	1	519894	98.022466
53770	窗影	1	519895	98.022655
53771	窗櫺	1	519896	98.022844
53772	童子	1	519897	98.023033
53773	童子軍	1	519898	98.023222
53774	童子賢	1	519899	98.023411
53775	童山濯濯	1	519900	98.023600
53776	童月娟	1	519901	98.023789
53777	童兆勤	1	519902	98.023978
53778	童衣	1	519903	98.024167
53779	童玩郵票	1	519904	98.024356
53780	童叟無欺	1	519905	98.024545
53781	童真	1	519906	98.024734
53782	童裝店	1	519907	98.024923
53783	童試	1	519908	98.025112
53784	童話王	1	519909	98.025301
53785	童話城	1	519910	98.025490
53786	童話書	1	519911	98.025679
53787	童瑤	1	519912	98.025868
53788	童語	1	519913	98.026057
53789	童顏鶴髮	1	519914	98.026246
53790	等什麼	1	519915	98.026435
53791	等別	1	519916	98.026624
53792	等長進氣歧管	1	519917	98.026813
53793	等值	1	519918	98.027002
53794	等著瞧	1	519919	98.027191
53795	等閒	1	519920	98.027380
53796	等閒視之	1	519921	98.027569
53797	等邊	1	519922	98.027758
53798	等孢子球蟲症	1	519923	98.027947
53799	策反	1	519924	98.028136
53800	策勒	1	519925	98.028325
53801	策略委員會	1	519926	98.028514
53802	策勛府	1	519927	98.028703
53803	策勵	1	519928	98.028892
53804	筆身	1	519929	98.029081
53805	筆直	1	519930	98.029270
53806	筆耕	1	519931	98.029459
53807	筆記電腦	1	519932	98.029648
53808	筆跡	1	519933	98.029837
53809	筆道	1	519934	98.030026
53810	筆談	1	519935	98.030215
53811	筆隨意走	1	519936	98.030404
53812	筆頭菜	1	519937	98.030593
53813	筒井康隆	1	519938	98.030782
53814	筒形	1	519939	98.030971
53815	筒形器	1	519940	98.031160
53816	筒形罐	1	519941	98.031349
53817	筒狀	1	519942	98.031538
53818	答非所問	1	519943	98.031727
53819	答腔	1	519944	98.031916
53820	答話	1	519945	98.032105
53821	答對	1	519946	98.032294
53822	答錄機	1	519947	98.032483
53823	答謝詞	1	519948	98.032672
53824	答禮	1	519949	98.032861
53825	答贈聯	1	519950	98.033050
53826	答辯	1	519951	98.033239
53827	筍乾	1	519952	98.033428
53828	筋斗	1	519953	98.033617
53829	筋絡	1	519954	98.033806
53830	筋電圖	1	519955	98.033995
53831	筋膜	1	519956	98.034184
53832	筏釣	1	519957	98.034373
53833	粥狀	1	519958	98.034562
53834	粥樣硬化	1	519959	98.034751
53835	絞刑	1	519960	98.034940
53836	絞肉	1	519961	98.035129
53837	結巴	1	519962	98.035318
53838	結合力	1	519963	98.035507
53839	結社自由	1	519964	98.035696
53840	結姻	1	519965	98.035885
53841	結凍	1	519966	98.036074
53842	結核	1	519967	98.036263
53843	結核菌	1	519968	98.036452
53844	結案	1	519969	98.036641
53845	結訓	1	519970	98.036830
53846	結婚紀念日	1	519971	98.037019
53847	結紮	1	519972	98.037208
53848	結連理	1	519973	98.037397
53849	結晶狀	1	519974	98.037586
53850	結晶態	1	519975	98.037775
53851	結業式	1	519976	98.037964
53852	結業典禮	1	519977	98.038153
53853	結節	1	519978	98.038342
53854	結蒂	1	519979	98.038531
53855	結實纍纍	1	519980	98.038720
53856	結膜	1	519981	98.038909
53857	結賬	1	519982	98.039098
53858	絨布	1	519983	98.039287
53859	絨羽	1	519984	98.039476
53860	絕口不提	1	519985	98.039665
53861	絕命	1	519986	98.039854
53862	絕配	1	519987	98.040043
53863	絕唱	1	519988	98.040232
53864	絕頂	1	519989	98.040421
53865	絕經	1	519990	98.040610
53866	絕經期	1	519991	98.040799
53867	絕對性	1	519992	98.040988
53868	絕對星	1	519993	98.041177
53869	絕對溫度	1	519994	98.041366
53870	絕對零度	1	519995	98.041555
53871	絕緣閘	1	519996	98.041744
53872	絕壁	1	519997	98.041933
53873	絕學	1	519998	98.042122
53874	絕響	1	519999	98.042311
53875	紫方斑鱸	1	520000	98.042500
53876	紫外光	1	520001	98.042689
53877	紫衣	1	520002	98.042878
53878	紫杉	1	520003	98.043067
53879	紫花	1	520004	98.043256
53880	紫金山	1	520005	98.043445
53881	紫砂	1	520006	98.043634
53882	紫紅	1	520007	98.043823
53883	紫紅朱雀	1	520008	98.044012
53884	紫紅色	1	520009	98.044201
53885	紫苑草	1	520010	98.044390
53886	紫宸殿	1	520011	98.044579
53887	紫彩	1	520012	98.044768
53888	紫釵記	1	520013	98.044957
53889	紫菜	1	520014	98.045146
53890	紫嘯鶇	1	520015	98.045335
53891	紫檀	1	520016	98.045524
53892	紫薇	1	520017	98.045713
53893	紫蘇	1	520018	98.045902
53894	紫蘇油	1	520019	98.046091
53895	紫紺	1	520020	98.046280
53896	絲帶瀑	1	520021	98.046469
53897	絲棉袍	1	520022	98.046658
53898	絲絨	1	520023	98.046847
53899	絲絨椅	1	520024	98.047036
53900	絲路文化	1	520025	98.047225
53901	絲路文化博覽會	1	520026	98.047414
53902	絲綢	1	520027	98.047603
53903	絲綢之路	1	520028	98.047792
53904	絲質	1	520029	98.047981
53905	絲胺酸蛋白酶	1	520030	98.048170
53906	絡繹	1	520031	98.048359
53907	給獎	1	520032	98.048548
53908	給養卡車	1	520033	98.048737
53909	給薪	1	520034	98.048926
53910	給藥	1	520035	98.049115
53911	絢麗多姿	1	520036	98.049304
53912	絢麗多彩	1	520037	98.049493
53913	絢爛無比	1	520038	98.049682
53914	絳紗袍	1	520039	98.049871
53915	善士	1	520040	98.050060
53916	善加	1	520041	98.050249
53917	善行	1	520042	98.050438
53918	善衣	1	520043	98.050627
53919	善妒	1	520044	98.050816
53920	善男信女	1	520045	98.051005
53921	善法	1	520046	98.051194
53922	善待	1	520047	98.051383
53923	善相者	1	520048	98.051572
53924	善根	1	520049	98.051761
53925	善耆	1	520050	98.051950
53926	善語	1	520051	98.052139
53927	善緣	1	520052	98.052328
53928	善罷干休	1	520053	98.052517
53929	善戰	1	520054	98.052706
53930	善聽	1	520055	98.052895
53931	善觀	1	520056	98.053084
53932	翔實	1	520057	98.053273
53933	翔翱	1	520058	98.053462
53934	聒聒叫	1	520059	98.053651
53935	肅宗	1	520060	98.053840
53936	肅殺	1	520061	98.054029
53937	肅清	1	520062	98.054218
53938	肅貪執行小組	1	520063	98.054407
53939	肅貪督導小組	1	520064	98.054596
53940	肅然	1	520065	98.054785
53941	肅然起敬	1	520066	98.054974
53942	肅親王	1	520067	98.055163
53943	腕骨	1	520068	98.055352
53944	腕部	1	520069	98.055541
53945	腕龍	1	520070	98.055730
53946	腔腸動物門	1	520071	98.055919
53947	腔調	1	520072	98.056108
53948	腋部	1	520073	98.056297
53949	腎功能	1	520074	98.056486
53950	腎形	1	520075	98.056675
53951	腎移植	1	520076	98.056864
53952	腎結核	1	520077	98.057053
53953	腎陽	1	520078	98.057242
53954	腎臟造影檢查	1	520079	98.057431
53955	脹紅	1	520080	98.057620
53956	脹氣	1	520081	98.057809
53957	脹痛	1	520082	98.057998
53958	脹裂	1	520083	98.058187
53959	脾胃	1	520084	98.058376
53960	腓尼基	1	520085	98.058565
53961	腓特烈大帝	1	520086	98.058754
53962	舒放	1	520087	98.058943
53963	舒曼	1	520088	98.059132
53964	舒爽	1	520089	98.059321
53965	舒筋骨	1	520090	98.059510
53966	舒適度	1	520091	98.059699
53967	舒縮	1	520092	98.059888
53968	舒繡文	1	520093	98.060077
53969	菩提大道	1	520094	98.060266
53970	菩提心	1	520095	98.060455
53971	萃取	1	520096	98.060644
53972	菸草商	1	520097	98.060833
53973	菸草葉	1	520098	98.061022
53974	菸酒公賣局	1	520099	98.061211
53975	菸商	1	520100	98.061400
53976	菸袋	1	520101	98.061589
53977	菸蒂	1	520102	98.061778
53978	菸槍	1	520103	98.061967
53979	菸樓	1	520104	98.062156
53980	菸癮	1	520105	98.062345
53981	華八仙	1	520106	98.062534
53982	華山	1	520107	98.062723
53983	華山案	1	520108	98.062912
53984	華工	1	520109	98.063101
53985	華中	1	520110	98.063290
53986	華中平原	1	520111	98.063479
53987	華文廣告獎	1	520112	98.063668
53988	華氏	1	520113	98.063857
53989	華氏四五一度	1	520114	98.064046
53990	華宅	1	520115	98.064235
53991	華旭公司	1	520116	98.064424
53992	華江	1	520117	98.064613
53993	華佗	1	520118	98.064802
53994	華服	1	520119	98.064991
53995	華采	1	520120	98.065180
53996	華青幫	1	520121	98.065369
53997	華城	1	520122	98.065558
53998	華威葛瑞廣告公司	1	520123	98.065747
53999	華美廣告公司	1	520124	98.065936
54000	華倫比堤	1	520125	98.066125
54001	華夏文明	1	520126	98.066314
54002	華夏海灣塑膠	1	520127	98.066503
54003	華容道	1	520128	98.066692
54004	華校生	1	520129	98.066881
54005	華格納	1	520130	98.067070
54006	華特頓國家公園	1	520131	98.067259
54007	華特爾‧阿爾瓦列茲	1	520132	98.067448
54008	華納	1	520133	98.067637
54009	華航大樓	1	520134	98.067826
54010	華馬特	1	520135	98.068015
54011	華得廣告	1	520136	98.068204
54012	華族	1	520137	98.068393
54013	華清池	1	520138	98.068582
54014	華清宮	1	520139	98.068771
54015	華盛頓邸報	1	520140	98.068960
54016	華盛頓特區	1	520141	98.069149
54017	華盛頓郵報	1	520142	98.069338
54018	華通	1	520143	98.069527
54019	華智公司	1	520144	98.069716
54020	華視新聞	1	520145	98.069905
54021	華貴	1	520146	98.070094
54022	華隆公司	1	520147	98.070283
54023	華隆牌	1	520148	98.070472
54024	華隆縣	1	520149	98.070661
54025	華隆幫	1	520150	98.070850
54026	華廈	1	520151	98.071039
54027	華新	1	520152	98.071228
54028	華新麗電線電纜	1	520153	98.071417
54029	華裔菲人	1	520154	98.071606
54030	華運倉儲實業	1	520155	98.071795
54031	華榮	1	520156	98.071984
54032	華爾	1	520157	98.072173
54033	華爾滋	1	520158	98.072362
54034	華爾街日報	1	520159	98.072551
54035	華福特	1	520160	98.072740
54036	華德狄斯奈	1	520161	98.072929
54037	華德狄斯耐樂園	1	520162	98.073118
54038	華誕	1	520163	98.073307
54039	華燈初上	1	520164	98.073496
54040	華興國小	1	520165	98.073685
54041	華懋廣告公司	1	520166	98.073874
54042	華藝	1	520167	98.074063
54043	華嚴	1	520168	98.074252
54044	華馨文化事業有限公司	1	520169	98.074441
54045	著衣	1	520170	98.074630
54046	著書	1	520171	98.074819
54047	著眼點	1	520172	98.075008
54048	著惱	1	520173	98.075197
54049	著慌	1	520174	98.075386
54050	著稱於世	1	520175	98.075575
54051	萊卡公司	1	520176	98.075764
54052	萊因河	1	520177	98.075953
54053	萊佛士西亞斯	1	520178	98.076142
54054	萊佛士飯店	1	520179	98.076331
54055	萊姆酒	1	520180	98.076520
54056	萊特	1	520181	98.076709
54057	萊茵河	1	520182	98.076898
54058	萊斯楚功人	1	520183	98.077087
54059	萌發	1	520184	98.077276
54060	菌類	1	520185	98.077465
54061	菽園雜記	1	520186	98.077654
54062	菲尼克斯	1	520187	98.077843
54063	菲利浦侯塞洛	1	520188	98.078032
54064	菲華	1	520189	98.078221
54065	菊石類	1	520190	98.078410
54066	菊科	1	520191	98.078599
54067	萎縮性	1	520192	98.078788
54068	萎縮性鼻炎	1	520193	98.078977
54069	菜刀與六個朋友	1	520194	98.079166
54070	菜肴	1	520195	98.079355
54071	菜香	1	520196	98.079544
54072	菜根	1	520197	98.079733
54073	菜蛋	1	520198	98.079922
54074	菜鳥對天兵	1	520199	98.080111
54075	菜頭	1	520200	98.080300
54076	菜鴨	1	520201	98.080489
54077	菜鍋	1	520202	98.080678
54078	虛心	1	520203	98.080867
54079	虛字	1	520204	98.081056
54080	虛有其表	1	520205	98.081245
54081	虛位	1	520206	98.081434
54082	虛度	1	520207	98.081623
54083	虛晃一招	1	520208	98.081812
54084	虛浮	1	520209	98.082001
54085	虛級化	1	520210	98.082190
54086	虛偽矯飾	1	520211	98.082379
54087	虛情假意	1	520212	98.082568
54088	虛掩	1	520213	98.082757
54089	虛脫	1	520214	98.082946
54090	虛設	1	520215	98.083135
54091	虛勞	1	520216	98.083324
54092	虛寒	1	520217	98.083513
54093	虛無縹緲	1	520218	98.083702
54094	虛無飄緲	1	520219	98.083891
54095	虛虛實實	1	520220	98.084080
54096	虛歲	1	520221	98.084269
54097	虛飾矯作	1	520222	98.084458
54098	虛矯	1	520223	98.084647
54099	虛驚	1	520224	98.084836
54100	虛驚一場	1	520225	98.085025
54101	蛟龍	1	520226	98.085214
54102	蛙人	1	520227	98.085403
54103	蛙人操	1	520228	98.085592
54104	蛙鳴	1	520229	98.085781
54105	蛔蟲卵	1	520230	98.085970
54106	蛤蜊	1	520231	98.086159
54107	蛐蛐	1	520232	98.086348
54108	街市	1	520233	98.086537
54109	街面	1	520234	98.086726
54110	街區	1	520235	98.086915
54111	街路	1	520236	98.087104
54112	街道清潔工	1	520237	98.087293
54113	街燈	1	520238	98.087482
54114	街頭秀	1	520239	98.087671
54115	街頭雕刻家	1	520240	98.087860
54116	街頭藝人	1	520241	98.088049
54117	裁判者	1	520242	98.088238
54118	裁判長	1	520243	98.088427
54119	裁併	1	520244	98.088616
54120	裁退	1	520245	98.088805
54121	裁量	1	520246	98.088994
54122	裁量權	1	520247	98.089183
54123	裁製	1	520248	98.089372
54124	裂解	1	520249	98.089561
54125	裂隙	1	520250	98.089750
54126	裂頭蚴病	1	520251	98.089939
54127	覃子豪	1	520252	98.090128
54128	視同	1	520253	98.090317
54129	視作	1	520254	98.090506
54130	視物	1	520255	98.090695
54131	視屏綜合症	1	520256	98.090884
54132	視界	1	520257	98.091073
54133	視若無物	1	520258	98.091262
54134	視框	1	520259	98.091451
54135	視域	1	520260	98.091640
54136	視訪	1	520261	98.091829
54137	視診	1	520262	98.092018
54138	視葉	1	520263	98.092207
54139	視網膜	1	520264	98.092396
54140	視網膜炎	1	520265	98.092585
54141	視與聲	1	520266	98.092774
54142	視覺汙染	1	520267	98.092963
54143	視覺效果	1	520268	98.093152
54144	視覺溝通語言	1	520269	98.093341
54145	視聽中心	1	520270	98.093530
54146	視聽室	1	520271	98.093719
54147	視聽教育	1	520272	98.093908
54148	視聽設備	1	520273	98.094097
54149	註冊商標	1	520274	98.094286
54150	註冊費	1	520275	98.094475
54151	註釋	1	520276	98.094664
54152	詠姑惡詩	1	520277	98.094853
54153	詠雪	1	520278	98.095042
54154	評委會	1	520279	98.095231
54155	評核	1	520280	98.095420
54156	評審委員	1	520281	98.095609
54157	評論版	1	520282	98.095798
54158	評頭論足	1	520283	98.095987
54159	評鑒	1	520284	98.096176
54160	詞臣	1	520285	98.096365
54161	詞意	1	520286	98.096554
54162	詞選	1	520287	98.096743
54163	詞藻	1	520288	98.096932
54164	詔書	1	520289	98.097121
54165	詐騙	1	520290	98.097310
54166	訴出	1	520291	98.097499
54167	訴求點	1	520292	98.097688
54168	訴怨	1	520293	98.097877
54169	訴訟案	1	520294	98.098066
54170	訴訟權	1	520295	98.098255
54171	訴願會	1	520296	98.098444
54172	診室	1	520297	98.098633
54173	診視	1	520298	98.098822
54174	診察	1	520299	98.099011
54175	診療所	1	520300	98.099200
54176	象形	1	520301	98.099389
54177	象棋史	1	520302	98.099578
54178	象棋協會	1	520303	98.099767
54179	象棋盤	1	520304	98.099956
54180	象鼻	1	520305	98.100145
54181	象頭	1	520306	98.100334
54182	貂尾	1	520307	98.100523
54183	貯水	1	520308	98.100712
54184	貯備	1	520309	98.100901
54185	貯熱式空調	1	520310	98.101090
54186	貯藏室	1	520311	98.101279
54187	貼水	1	520312	98.101468
54188	貼出	1	520313	98.101657
54189	貼合	1	520314	98.101846
54190	貼住	1	520315	98.102035
54191	貼抓	1	520316	98.102224
54192	貼身常侍	1	520317	98.102413
54193	貼花	1	520318	98.102602
54194	貼金	1	520319	98.102791
54195	貼窗	1	520320	98.102980
54196	貼路	1	520321	98.103169
54197	貼飾	1	520322	98.103358
54198	貼滿	1	520323	98.103547
54199	貼標機	1	520324	98.103736
54200	賁張	1	520325	98.103925
54201	費力氣	1	520326	98.104114
54202	費口舌	1	520327	98.104303
54203	費正清	1	520328	98.104492
54204	費孝通	1	520329	98.104681
54205	費南度‧波迪弗	1	520330	98.104870
54206	費南度雷	1	520331	98.105059
54207	費城蒙諾爾化學感覺中心	1	520332	98.105248
54208	費神	1	520333	98.105437
54209	費滋傑羅	1	520334	98.105626
54210	費爾	1	520335	98.105815
54211	費爾默	1	520336	98.106004
54212	費爾默城	1	520337	98.106193
54213	費盡心機	1	520338	98.106382
54214	費盡脣舌	1	520339	98.106571
54215	費穆	1	520340	98.106760
54216	賀函	1	520341	98.106949
54217	賀貽孫	1	520342	98.107138
54218	賀敬之	1	520343	98.107327
54219	賀聯	1	520344	98.107516
54220	貴妃	1	520345	98.107705
54221	貴州省	1	520346	98.107894
54222	貴州高原	1	520347	98.108083
54223	貴重儀器中心	1	520348	98.108272
54224	貴國	1	520349	98.108461
54225	貴婦	1	520350	98.108650
54226	貴陽街	1	520351	98.108839
54227	買手	1	520352	98.109028
54228	買定	1	520353	98.109217
54229	買通	1	520354	98.109406
54230	買賣證	1	520355	98.109595
54231	買醉	1	520356	98.109784
54232	貶斥	1	520357	98.109973
54233	貶勢	1	520358	98.110162
54234	貶損	1	520359	98.110351
54235	貶謫	1	520360	98.110540
54236	貿易中心	1	520361	98.110729
54237	貿易振興會	1	520362	98.110918
54238	貿易辦事處	1	520363	98.111107
54239	貿商	1	520364	98.111296
54240	貿超	1	520365	98.111485
54241	貸子	1	520366	98.111674
54242	貸付信託	1	520367	98.111863
54243	貸款利率	1	520368	98.112052
54244	貸款額度	1	520369	98.112241
54245	越山	1	520370	98.112430
54246	越王	1	520371	98.112619
54247	越共	1	520372	98.112808
54248	越州	1	520373	98.112997
54249	越南戰爭	1	520374	98.113186
54250	越南難民	1	520375	98.113375
54251	越界	1	520376	98.113564
54252	越泰榮	1	520377	98.113753
54253	越泰餐廳	1	520378	98.113942
54254	越區	1	520379	98.114131
54255	越國人	1	520380	98.114320
54256	越野大賽	1	520381	98.114509
54257	越野比賽	1	520382	98.114698
54258	越野車賽	1	520383	98.114887
54259	越野跑車	1	520384	98.115076
54260	越野障礙賽	1	520385	98.115265
54261	越野機車	1	520386	98.115454
54262	越野賽車場地	1	520387	98.115643
54263	越野競賽	1	520388	98.115832
54264	越獄	1	520389	98.116021
54265	越戰電影	1	520390	98.116210
54266	越戰獵鹿人	1	520391	98.116399
54267	越橘	1	520392	98.116588
54268	越嶺點	1	520393	98.116777
54269	超凡入聖	1	520394	98.116966
54270	超凡脫俗	1	520395	98.117155
54271	超大號	1	520396	98.117344
54272	超小型	1	520397	98.117533
54273	超自然	1	520398	98.117722
54274	超低溫	1	520399	98.117911
54275	超長期	1	520400	98.118100
54276	超限	1	520401	98.118289
54277	超音速	1	520402	98.118478
54278	超時空	1	520403	98.118667
54279	超真空	1	520404	98.118856
54280	超級多模型控制	1	520405	98.119045
54281	超級束角控制器	1	520406	98.119234
54282	超級爭霸賽	1	520407	98.119423
54283	超級計劃終級計劃	1	520408	98.119612
54284	超級跑車迷	1	520409	98.119801
54285	超級瑪琍	1	520410	98.119990
54286	超高速公路	1	520411	98.120179
54287	超高解像力	1	520412	98.120368
54288	超高層	1	520413	98.120557
54289	超密齒比齒輪箱	1	520414	98.120746
54290	超強重低音	1	520415	98.120935
54291	超現實派	1	520416	98.121124
54292	超軟	1	520417	98.121313
54293	超速傳動檔	1	520418	98.121502
54294	超渡	1	520419	98.121691
54295	超買	1	520420	98.121880
54296	超越終結者	1	520421	98.122069
54297	超新星爆炸說	1	520422	98.122258
54298	超群	1	520423	98.122447
54299	超群喜餅	1	520424	98.122636
54300	超電導	1	520425	98.122825
54301	超電導電磁推進裝置	1	520426	98.123014
54302	超電導線圈	1	520427	98.123203
54303	超塵絕俗	1	520428	98.123392
54304	超輕量化引擎	1	520429	98.123581
54305	超賣	1	520430	98.123770
54306	超導磁浮飛輪	1	520431	98.123959
54307	超導體	1	520432	98.124148
54308	超薄矽鋼板	1	520433	98.124337
54309	趁亂	1	520434	98.124526
54310	趁熱	1	520435	98.124715
54311	距離感	1	520436	98.124904
54312	跋扈	1	520437	98.125093
54313	跑回	1	520438	98.125282
54314	跑回來	1	520439	98.125471
54315	跑步機	1	520440	98.125660
54316	跑車廠	1	520441	98.125849
54317	跑船	1	520442	98.126038
54318	跑跳碰	1	520443	98.126227
54319	跑鞋	1	520444	98.126416
54320	跌入	1	520445	98.126605
54321	跌打損傷	1	520446	98.126794
54322	跌坐	1	520447	98.126983
54323	跌勢	1	520448	98.127172
54324	跌聲	1	520449	98.127361
54325	跌宕	1	520450	98.127550
54326	軸心國	1	520451	98.127739
54327	軸線	1	520452	98.127928
54328	軸頭	1	520453	98.128117
54329	辜仲亮	1	520454	98.128306
54330	辜啟允	1	520455	98.128495
54331	逮回	1	520456	98.128684
54332	逮獲	1	520457	98.128873
54333	週三	1	520458	98.129062
54334	週五	1	520459	98.129251
54335	週末派	1	520460	98.129440
54336	週末營	1	520461	98.129629
54337	週考	1	520462	98.129818
54338	週旋	1	520463	98.130007
54339	週期性危機	1	520464	98.130196
54340	週歲	1	520465	98.130385
54341	週邊效應	1	520466	98.130574
54342	逸事	1	520467	98.130763
54343	逸樂	1	520468	98.130952
54344	進口融資	1	520469	98.131141
54345	進口藥	1	520470	98.131330
54346	進口關稅	1	520471	98.131519
54347	進士第	1	520472	98.131708
54348	進日	1	520473	98.131897
54349	進水量	1	520474	98.132086
54350	進可攻退可守	1	520475	98.132275
54351	進犯	1	520476	98.132464
54352	進用	1	520477	98.132653
54353	進言	1	520478	98.132842
54354	進到	1	520479	98.133031
54355	進取心	1	520480	98.133220
54356	進奉	1	520481	98.133409
54357	進屋	1	520482	98.133598
54358	進香	1	520483	98.133787
54359	進修部	1	520484	98.133976
54360	進氣門	1	520485	98.134165
54361	進氣計量系統	1	520486	98.134354
54362	進氣脈動波動力效應	1	520487	98.134543
54363	進氣渦流	1	520488	98.134732
54364	進氣噪音值	1	520489	98.134921
54365	進站	1	520490	98.135110
54366	進退失據	1	520491	98.135299
54367	進退維谷	1	520492	98.135488
54368	進御	1	520493	98.135677
54369	進階	1	520494	98.135866
54370	進學	1	520495	98.136055
54371	進襲	1	520496	98.136244
54372	鄂圖曼	1	520497	98.136433
54373	鄂圖曼人帝國	1	520498	98.136622
54374	鄂圖曼帝國	1	520499	98.136811
54375	鄂羅斯	1	520500	98.137000
54376	郵市	1	520501	98.137189
54377	郵政人員	1	520502	98.137378
54378	郵政博物館	1	520503	98.137567
54379	郵政節	1	520504	98.137756
54380	郵務	1	520505	98.137945
54381	郵務員	1	520506	98.138134
54382	郵寄	1	520507	98.138323
54383	郵票展	1	520508	98.138512
54384	郵博館	1	520509	98.138701
54385	郵資表	1	520510	98.138890
54386	郵電	1	520511	98.139079
54387	郵遞	1	520512	98.139268
54388	郵遞員	1	520513	98.139457
54389	郵遞區號	1	520514	98.139646
54390	郵撥帳號	1	520515	98.139835
54391	郵輪	1	520516	98.140024
54392	郵儲	1	520517	98.140213
54393	郵儲定存	1	520518	98.140402
54394	郵總	1	520519	98.140591
54395	郵購公司	1	520520	98.140780
54396	郵簡	1	520521	98.140969
54397	鄉土之旅	1	520522	98.141158
54398	鄉土文學	1	520523	98.141347
54399	鄉代	1	520524	98.141536
54400	鄉村長	1	520525	98.141725
54401	鄉村音樂	1	520526	98.141914
54402	鄉村高爾夫球場	1	520527	98.142103
54403	鄉居	1	520528	98.142292
54404	鄉音	1	520529	98.142481
54405	鄉規民約	1	520530	98.142670
54406	鄉試	1	520531	98.142859
54407	鄉辦	1	520532	98.143048
54408	鄉鎮長	1	520533	98.143237
54409	鄉黨	1	520534	98.143426
54410	酣墨淋漓	1	520535	98.143615
54411	酥油	1	520536	98.143804
54412	量入為出	1	520537	98.143993
54413	量力而為	1	520538	98.144182
54414	量子力學	1	520539	98.144371
54415	量小易盈	1	520540	98.144560
54416	量小氣窄	1	520541	98.144749
54417	量化	1	520542	98.144938
54418	量刑	1	520543	98.145127
54419	量角器	1	520544	98.145316
54420	量深識遠	1	520545	98.145505
54421	量販界	1	520546	98.145694
54422	量筒	1	520547	98.145883
54423	量詞	1	520548	98.146072
54424	量量看	1	520549	98.146261
54425	量感	1	520550	98.146450
54426	鈔沒	1	520551	98.146639
54427	鈕伯利獎	1	520552	98.146828
54428	鈕承澤	1	520553	98.147017
54429	鈕釦	1	520554	98.147206
54430	鈣質化	1	520555	98.147395
54431	鈉石灰	1	520556	98.147584
54432	鈍頭	1	520557	98.147773
54433	鈑金	1	520558	98.147962
54434	閔泰油漆社	1	520559	98.148151
54435	開刀者	1	520560	98.148340
54436	開山	1	520561	98.148529
54437	開山祖師	1	520562	98.148718
54438	開元天寶花木記	1	520563	98.148907
54439	開化	1	520564	98.149096
54440	開天窗	1	520565	98.149285
54441	開天闢地	1	520566	98.149474
54442	開心果	1	520567	98.149663
54443	開水機	1	520568	98.149852
54444	開平	1	520569	98.150041
54445	開示	1	520570	98.150230
54446	開立	1	520571	98.150419
54447	開伙	1	520572	98.150608
54448	開光	1	520573	98.150797
54449	開先例	1	520574	98.150986
54450	開列	1	520575	98.151175
54451	開低走高	1	520576	98.151364
54452	開冷氣	1	520577	98.151553
54453	開快車	1	520578	98.151742
54454	開步走	1	520579	98.151931
54455	開走	1	520580	98.152120
54456	開來	1	520581	98.152309
54457	開卷有益	1	520582	98.152498
54458	開店	1	520583	98.152687
54459	開征	1	520584	98.152876
54460	開花植物	1	520585	98.153065
54461	開門拉桿	1	520586	98.153254
54462	開門揖盜	1	520587	98.153443
54463	開封府志	1	520588	98.153632
54464	開屏	1	520589	98.153821
54465	開挖	1	520590	98.154010
54466	開缸	1	520591	98.154199
54467	開苞	1	520592	98.154388
54468	開香檳	1	520593	98.154577
54469	開倒車	1	520594	98.154766
54470	開庭	1	520595	98.154955
54471	開高走低	1	520596	98.155144
54472	開張大吉	1	520597	98.155333
54473	開授	1	520598	98.155522
54474	開採權	1	520599	98.155711
54475	開瓶器	1	520600	98.155900
54476	開眼界	1	520601	98.156089
54477	開票速報單	1	520602	98.156278
54478	開麥拉	1	520603	98.156467
54479	開創性	1	520604	98.156656
54480	開創期	1	520605	98.156845
54481	開喜烏龍茶	1	520606	98.157034
54482	開普省	1	520607	98.157223
54483	開普勒	1	520608	98.157412
54484	開發中	1	520609	98.157601
54485	開發史	1	520610	98.157790
54486	開發地	1	520611	98.157979
54487	開發法	1	520612	98.158168
54488	開發者	1	520613	98.158357
54489	開發國家	1	520614	98.158546
54490	開發費	1	520615	98.158735
54491	開進	1	520616	98.158924
54492	開飯	1	520617	98.159113
54493	開飲機	1	520618	98.159302
54494	開源節流	1	520619	98.159491
54495	開禁	1	520620	98.159680
54496	開路先鋒	1	520621	98.159869
54497	開閘	1	520622	98.160058
54498	開幕日	1	520623	98.160247
54499	開幕賽	1	520624	98.160436
54500	開閥	1	520625	98.160625
54501	開膛	1	520626	98.160814
54502	開膛破肚	1	520627	98.161003
54503	開鋪	1	520628	98.161192
54504	開錢	1	520629	98.161381
54505	開餐廳	1	520630	98.161570
54506	開聲	1	520631	98.161759
54507	開鎖	1	520632	98.161948
54508	開懷大笑	1	520633	98.162137
54509	開疆	1	520634	98.162326
54510	開羅	1	520635	98.162515
54511	開藥方	1	520636	98.162704
54512	開寶寺塔	1	520637	98.162893
54513	閑閑	1	520638	98.163082
54514	閑置	1	520639	98.163271
54515	閑遊	1	520640	98.163460
54516	間奏	1	520641	98.163649
54517	間接成本	1	520642	98.163838
54518	間接稅	1	520643	98.164027
54519	間隙層	1	520644	98.164216
54520	間質細胞	1	520645	98.164405
54521	間諜法	1	520646	98.164594
54522	閒士	1	520647	98.164783
54523	閒扯淡	1	520648	98.164972
54524	閒言	1	520649	98.165161
54525	閒度	1	520650	98.165350
54526	閒時	1	520651	98.165539
54527	閒晃	1	520652	98.165728
54528	閒氣	1	520653	98.165917
54529	閒聊天	1	520654	98.166106
54530	閒散	1	520655	98.166295
54531	閒適	1	520656	98.166484
54532	隊形	1	520657	98.166673
54533	隊數	1	520658	98.166862
54534	隊辦	1	520659	98.167051
54535	階級鬥爭	1	520660	98.167240
54536	階梯式	1	520661	98.167429
54537	階梯狀	1	520662	98.167618
54538	隋文帝	1	520663	98.167807
54539	隋唐時代	1	520664	98.167996
54540	隋書	1	520665	98.168185
54541	隋煬帝	1	520666	98.168374
54542	陽世	1	520667	98.168563
54543	陽平	1	520668	98.168752
54544	陽正門	1	520669	98.168941
54545	陽光公約	1	520670	98.169130
54546	陽光化	1	520671	98.169319
54547	陽光法	1	520672	98.169508
54548	陽奉陰違	1	520673	98.169697
54549	陽性淋巴球	1	520674	98.169886
54550	陽性率	1	520675	98.170075
54551	陽明國小	1	520676	98.170264
54552	陽明醫學院	1	520677	98.170453
54553	陽金公路	1	520678	98.170642
54554	陽春麵	1	520679	98.170831
54555	陽傘	1	520680	98.171020
54556	陽間	1	520681	98.171209
54557	陽溪	1	520682	98.171398
54558	陽痿	1	520683	98.171587
54559	陽路	1	520684	98.171776
54560	陽關曲	1	520685	98.171965
54561	隆尼霍夫曼	1	520686	98.172154
54562	隆妮安德森	1	520687	98.172343
54563	隆隆	1	520688	98.172532
54564	隆聖國小	1	520689	98.172721
54565	隆鼻	1	520690	98.172910
54566	雁唳	1	520691	98.173099
54567	雁腳	1	520692	98.173288
54568	雁鴨季	1	520693	98.173477
54569	雅加達	1	520694	98.173666
54570	雅句	1	520695	98.173855
54571	雅弗	1	520696	98.174044
54572	雅石	1	520697	98.174233
54573	雅各‧皮洛藝術節	1	520698	98.174422
54574	雅名	1	520699	98.174611
54575	雅里茲	1	520700	98.174800
54576	雅客	1	520701	98.174989
54577	雅美人	1	520702	98.175178
54578	雅痞	1	520703	98.175367
54579	雅號	1	520704	98.175556
54580	雅爾達密約	1	520705	98.175745
54581	雅憫	1	520706	98.175934
54582	雄兵	1	520707	98.176123
54583	雄性荷爾蒙	1	520708	98.176312
54584	雄性激素	1	520709	98.176501
54585	雄姿	1	520710	98.176690
54586	雄峙	1	520711	98.176879
54587	雄鹿	1	520712	98.177068
54588	雄博	1	520713	98.177257
54589	雄視天下	1	520714	98.177446
54590	雄蜂	1	520715	98.177635
54591	雄蕊	1	520716	98.177824
54592	雄雞	1	520717	98.178013
54593	雄辯	1	520718	98.178202
54594	雄辯滔滔	1	520719	98.178391
54595	雄霸一方	1	520720	98.178580
54596	集古村	1	520721	98.178769
54597	集合體	1	520722	98.178958
54598	集雨槽	1	520723	98.179147
54599	集結地	1	520724	98.179336
54600	集郵冊	1	520725	98.179525
54601	集集國小	1	520726	98.179714
54602	集會自由	1	520727	98.179903
54603	集解	1	520728	98.180092
54604	集粹	1	520729	98.180281
54605	集體企業	1	520730	98.180470
54606	集體冷漠症	1	520731	98.180659
54607	集體創作	1	520732	98.180848
54608	雇佣	1	520733	98.181037
54609	雲山	1	520734	98.181226
54610	雲仙樂園	1	520735	98.181415
54611	雲母	1	520736	98.181604
54612	雲母飛彈	1	520737	98.181793
54613	雲石板	1	520738	98.181982
54614	雲石梯	1	520739	98.182171
54615	雲朵	1	520740	98.182360
54616	雲林技術學院	1	520741	98.182549
54617	雲南省	1	520742	98.182738
54618	雲紋	1	520743	98.182927
54619	雲紋粉蝶	1	520744	98.183116
54620	雲豹	1	520745	98.183305
54621	雲帶	1	520746	98.183494
54622	雲彩	1	520747	98.183683
54623	雲頂高原	1	520748	98.183872
54624	雲頂高原渡假勝地	1	520749	98.184061
54625	雲遊	1	520750	98.184250
54626	雲嘉地區	1	520751	98.184439
54627	雲霄	1	520752	98.184628
54628	雲鬢	1	520753	98.184817
54629	韌葉黃花堇菜	1	520754	98.185006
54630	項鍊	1	520755	98.185195
54631	項鏈	1	520756	98.185384
54632	順口	1	520757	98.185573
54633	順化	1	520758	98.185762
54634	順心	1	520759	98.185951
54635	順心遂意	1	520760	98.186140
54636	順命	1	520761	98.186329
54637	順延	1	520762	98.186518
54638	順風車	1	520763	98.186707
54639	順風牌	1	520764	98.186896
54640	順眼	1	520765	98.187085
54641	順當	1	520766	98.187274
54642	順路	1	520767	98.187463
54643	順道	1	520768	98.187652
54644	順暢化	1	520769	98.187841
54645	順勵國際旅行社	1	520770	98.188030
54646	須臾	1	520771	98.188219
54647	須彌山	1	520772	98.188408
54648	須彌座	1	520773	98.188597
54649	飯局	1	520774	98.188786
54650	飯店業	1	520775	98.188975
54651	飯店管理學校	1	520776	98.189164
54652	飯前酒	1	520777	98.189353
54653	飯票	1	520778	98.189542
54654	飯粒	1	520779	98.189731
54655	飯團	1	520780	98.189920
54656	飯錢	1	520781	98.190109
54657	飯鍋	1	520782	98.190298
54658	飲水系統	1	520783	98.190487
54659	飲水思源	1	520784	98.190676
54660	飲水設備	1	520785	98.190865
54661	飲水量	1	520786	98.191054
54662	飲水管	1	520787	98.191243
54663	飲用品	1	520788	98.191432
54664	飲服	1	520789	98.191621
54665	飲泣聲	1	520790	98.191810
54666	飲食店	1	520791	98.191999
54667	飲食法	1	520792	98.192188
54668	飲食量	1	520793	98.192377
54669	飲料部	1	520794	98.192566
54670	飲器	1	520795	98.192755
54671	飭回	1	520796	98.192944
54672	馮立平	1	520797	98.193133
54673	馮婦	1	520798	98.193322
54674	馮無方	1	520799	98.193511
54675	黃菓樹	1	520800	98.193700
54676	黃久佳	1	520801	98.193889
54677	黃土高原	1	520802	98.194078
54678	黃大仙廟	1	520803	98.194267
54679	黃山西海	1	520804	98.194456
54680	黃仁宇	1	520805	98.194645
54681	黃天海	1	520806	98.194834
54682	黃月珍	1	520807	98.195023
54683	黃牛票	1	520808	98.195212
54684	黃白色	1	520809	98.195401
54685	黃皮膚	1	520810	98.195590
54686	黃石城	1	520811	98.195779
54687	黃石湖	1	520812	98.195968
54688	黃休復	1	520813	98.196157
54689	黃安福	1	520814	98.196346
54690	黃羽	1	520815	98.196535
54691	黃老之治	1	520816	98.196724
54692	黃自祥	1	520817	98.196913
54693	黃色大嘴鳥	1	520818	98.197102
54694	黃色錄影帶	1	520819	98.197291
54695	黃志良	1	520820	98.197480
54696	黃志明	1	520821	98.197669
54697	黃沙	1	520822	98.197858
54698	黃秀孟	1	520823	98.198047
54699	黃卓漢	1	520824	98.198236
54700	黃周	1	520825	98.198425
54701	黃奉概	1	520826	98.198614
54702	黃忠義	1	520827	98.198803
54703	黃明川	1	520828	98.198992
54704	黃昏小夜曲	1	520829	98.199181
54705	黃昏鳥	1	520830	98.199370
54706	黃松義	1	520831	98.199559
54707	黃泥巴	1	520832	98.199748
54708	黃河流域	1	520833	98.199937
54709	黃波斯菊	1	520834	98.200126
54710	黃泛	1	520835	98.200315
54711	黃玫瑰	1	520836	98.200504
54712	黃花岡七十二烈士	1	520837	98.200693
54713	黃金地	1	520838	98.200882
54714	黃金地段	1	520839	98.201071
54715	黃金段	1	520840	98.201260
54716	黃金缸	1	520841	98.201449
54717	黃金期	1	520842	98.201638
54718	黃金量	1	520843	98.201827
54719	黃金稚	1	520844	98.202016
54720	黃門	1	520845	98.202205
54721	黃門子弟	1	520846	98.202394
54722	黃南傑	1	520847	98.202583
54723	黃南圖	1	520848	98.202772
54724	黃昭星	1	520849	98.202961
54725	黃泉	1	520850	98.203150
54726	黃美廉	1	520851	98.203339
54727	黃茂雄	1	520852	98.203528
54728	黃面孔	1	520853	98.203717
54729	黃飛鴻二	1	520854	98.203906
54730	黃飛鴻三──獅王爭霸	1	520855	98.204095
54731	黃飛鴻之男兒當報國	1	520856	98.204284
54732	黃飛鴻對黃飛鴻	1	520857	98.204473
54733	黃家達	1	520858	98.204662
54734	黃浦	1	520859	98.204851
54735	黃疸	1	520860	98.205040
54736	黃耆	1	520861	98.205229
54737	黃偉忠	1	520862	98.205418
54738	黃國彬	1	520863	98.205607
54739	黃國精	1	520864	98.205796
54740	黃梅	1	520865	98.205985
54741	黃梅調	1	520866	98.206174
54742	黃梔子	1	520867	98.206363
54743	黃條子	1	520868	98.206552
54744	黃淑馨	1	520869	98.206741
54745	黃連	1	520870	98.206930
54746	黃陵廟	1	520871	98.207119
54747	黃魚	1	520872	98.207308
54748	黃復興	1	520873	98.207497
54749	黃湯	1	520874	98.207686
54750	黃華	1	520875	98.207875
54751	黃越欽	1	520876	98.208064
54752	黃週旋	1	520877	98.208253
54753	黃進河	1	520878	98.208442
54754	黃進興	1	520879	98.208631
54755	黃煌雄	1	520880	98.208820
54756	黃腳岩袋鼠	1	520881	98.209009
54757	黃裕彥	1	520882	98.209198
54758	黃道吉日	1	520883	98.209387
54759	黃鼠狼	1	520884	98.209576
54760	黃演鈔	1	520885	98.209765
54761	黃碧雲	1	520886	98.209954
54762	黃蒙田	1	520887	98.210143
54763	黃裳	1	520888	98.210332
54764	黃銅	1	520889	98.210521
54765	黃熱病	1	520890	98.210710
54766	黃磊生	1	520891	98.210899
54767	黃蓮	1	520892	98.211088
54768	黃蝶翠谷	1	520893	98.211277
54769	黃曆	1	520894	98.211466
54770	黃樹剛	1	520895	98.211655
54771	黃濁色	1	520896	98.211844
54772	黃燈	1	520897	98.212033
54773	黃興與中國革命	1	520898	98.212222
54774	黃頭鷺	1	520899	98.212411
54775	黃龍寺	1	520900	98.212600
54776	黃鎮岳	1	520901	98.212789
54777	黃藤	1	520902	98.212978
54778	黃麴	1	520903	98.213167
54779	黃繼持	1	520904	98.213356
54780	黃鰭祼胸魨	1	520905	98.213545
54781	黃鶯鶯	1	520906	98.213734
54782	黃體素	1	520907	98.213923
54783	黃鱔	1	520908	98.214112
54784	黃瀅朱	1	520909	98.214301
54785	黃鷦鷯	1	520910	98.214490
54786	黃鸝鳥	1	520911	98.214679
54787	黑人牙膏	1	520912	98.214868
54788	黑山老怪	1	520913	98.215057
54789	黑木瞳	1	520914	98.215246
54790	黑毛	1	520915	98.215435
54791	黑牙	1	520916	98.215624
54792	黑市價	1	520917	98.215813
54793	黑布	1	520918	98.216002
54794	黑白不分	1	520919	98.216191
54795	黑白分明	1	520920	98.216380
54796	黑白片	1	520921	98.216569
54797	黑白配	1	520922	98.216758
54798	黑白電視機	1	520923	98.216947
54799	黑皮與白牙	1	520924	98.217136
54800	黑光劇	1	520925	98.217325
54801	黑灰色	1	520926	98.217514
54802	黑色星期五	1	520927	98.217703
54803	黑色素	1	520928	98.217892
54804	黑色電影	1	520929	98.218081
54805	黑兵	1	520930	98.218270
54806	黑壯	1	520931	98.218459
54807	黑牢	1	520932	98.218648
54808	黑咕隆咚	1	520933	98.218837
54809	黑店	1	520934	98.219026
54810	黑松公司	1	520935	98.219215
54811	黑的	1	520936	98.219404
54812	黑芝麻	1	520937	98.219593
54813	黑金剛快艇	1	520938	98.219782
54814	黑星手槍	1	520939	98.219971
54815	黑柳徹子	1	520940	98.220160
54816	黑紅	1	520941	98.220349
54817	黑胡椒	1	520942	98.220538
54818	黑衫軍	1	520943	98.220727
54819	黑書	1	520944	98.220916
54820	黑框	1	520945	98.221105
54821	黑紙	1	520946	98.221294
54822	黑蚊	1	520947	98.221483
54823	黑區	1	520948	98.221672
54824	黑啄木鳥	1	520949	98.221861
54825	黑圈	1	520950	98.222050
54826	黑盒子	1	520951	98.222239
54827	黑眼睛	1	520952	98.222428
54828	黑傘	1	520953	98.222617
54829	黑斯廷磨坊	1	520954	98.222806
54830	黑棘皮症	1	520955	98.222995
54831	黑絲絨	1	520956	98.223184
54832	黑塞哥維那和門	1	520957	98.223373
54833	黑漆	1	520958	98.223562
54834	黑獄	1	520959	98.223751
54835	黑獄群龍會	1	520960	98.223940
54836	黑綠色	1	520961	98.224129
54837	黑箱	1	520962	98.224318
54838	黑箱作業	1	520963	98.224507
54839	黑線	1	520964	98.224696
54840	黑緞	1	520965	98.224885
54841	黑糖	1	520966	98.225074
54842	黑頭車	1	520967	98.225263
54843	黑頭鸚鵡	1	520968	98.225452
54844	黑幫戰將	1	520969	98.225641
54845	黑臂儒艮鯛	1	520970	98.225830
54846	黑蟑螂	1	520971	98.226019
54847	黑點大白斑蝶	1	520972	98.226208
54848	黑曜石	1	520973	98.226397
54849	黑額黑雁	1	520974	98.226586
54850	黑鰭狐鯛	1	520975	98.226775
54851	黑鰭斜紋寒鯛	1	520976	98.226964
54852	黑韃事略	1	520977	98.227153
54853	黑豔蟲	1	520978	98.227342
54854	亂子	1	520979	98.227531
54855	亂中有序	1	520980	98.227720
54856	亂世	1	520981	98.227909
54857	亂世佳人	1	520982	98.228098
54858	亂世姊妹花	1	520983	98.228287
54859	亂交	1	520984	98.228476
54860	亂來	1	520985	98.228665
54861	亂性	1	520986	98.228854
54862	亂指一通	1	520987	98.229043
54863	亂軍	1	520988	98.229232
54864	亂倒	1	520989	98.229421
54865	亂倫	1	520990	98.229610
54866	亂視	1	520991	98.229799
54867	亂跑	1	520992	98.229988
54868	亂搞	1	520993	98.230177
54869	亂舞	1	520994	98.230366
54870	亂蓋	1	520995	98.230555
54871	亂說	1	520996	98.230744
54872	亂寫一通	1	520997	98.230933
54873	亂彈	1	520998	98.231122
54874	亂髮	1	520999	98.231311
54875	亂竄	1	521000	98.231500
54876	亂翻	1	521001	98.231689
54877	亂轉	1	521002	98.231878
54878	傭兵	1	521003	98.232067
54879	債主	1	521004	98.232256
54880	債務人	1	521005	98.232445
54881	傲然	1	521006	98.232634
54882	傲嘯	1	521007	98.232823
54883	傳令	1	521008	98.233012
54884	傳本	1	521009	98.233201
54885	傳呼	1	521010	98.233390
54886	傳奇人物	1	521011	98.233579
54887	傳衍	1	521012	98.233768
54888	傳動隆道	1	521013	98.233957
54889	傳唱不絕	1	521014	98.234146
54890	傳情	1	521015	98.234335
54891	傳教團	1	521016	98.234524
54892	傳票	1	521017	98.234713
54893	傳統民俗藝術	1	521018	98.234902
54894	傳統式	1	521019	98.235091
54895	傳統舞	1	521020	98.235280
54896	傳媒界	1	521021	98.235469
54897	傳揚	1	521022	98.235658
54898	傳植	1	521023	98.235847
54899	傳鈔	1	521024	98.236036
54900	傳感器	1	521025	98.236225
54901	傳寫	1	521026	98.236414
54902	傳播工具	1	521027	98.236603
54903	傳播系統	1	521028	98.236792
54904	傳播事業	1	521029	98.236981
54905	傳熱	1	521030	98.237170
54906	傳銷	1	521031	98.237359
54907	傳燈法師	1	521032	98.237548
54908	傳燈錄	1	521033	98.237737
54909	傳輸	1	521034	98.237926
54910	傳輸系統	1	521035	98.238115
54911	傳聲筒	1	521036	98.238304
54912	僅限	1	521037	98.238493
54913	僅需	1	521038	98.238682
54914	傾身	1	521039	98.238871
54915	傾城	1	521040	98.239060
54916	傾城傾國	1	521041	98.239249
54917	傾家蕩產	1	521042	98.239438
54918	傾巢而出	1	521043	98.239627
54919	傾斜感知器	1	521044	98.239816
54920	傾盡	1	521045	98.240005
54921	催化劑	1	521046	98.240194
54922	催乳激素	1	521047	98.240383
54923	催眠曲	1	521048	98.240572
54924	催討	1	521049	98.240761
54925	催稿	1	521050	98.240950
54926	傷兵	1	521051	98.241139
54927	傷肝	1	521052	98.241328
54928	傷者	1	521053	98.241517
54929	傷員	1	521054	98.241706
54930	傷害力	1	521055	98.241895
54931	傷害性	1	521056	98.242084
54932	傷病	1	521057	98.242273
54933	傷患	1	521058	98.242462
54934	傷痕文化	1	521059	98.242651
54935	傷寒	1	521060	98.242840
54936	傷寒桿菌	1	521061	98.243029
54937	傷勢	1	521062	98.243218
54938	傷感情	1	521063	98.243407
54939	傷懷	1	521064	98.243596
54940	傻不楞登	1	521065	98.243785
54941	傻瓜大鬧科學城	1	521066	98.243974
54942	傻瓜相機	1	521067	98.244163
54943	傻事	1	521068	98.244352
54944	傻勁	1	521069	98.244541
54945	傻傻地	1	521070	98.244730
54946	傻福	1	521071	98.244919
54947	傻鴨子歐巴兒	1	521072	98.245108
54948	剷除	1	521073	98.245297
54949	募兵	1	521074	98.245486
54950	募兵制	1	521075	98.245675
54951	勤勉	1	521076	98.245864
54952	勤政	1	521077	98.246053
54953	勤政愛民	1	521078	98.246242
54954	勤練	1	521079	98.246431
54955	勤讀	1	521080	98.246620
54956	勢均力敵	1	521081	98.246809
54957	勢所難免	1	521082	98.246998
54958	勢單力孤	1	521083	98.247187
54959	匯市	1	521084	98.247376
54960	匯交	1	521085	98.247565
54961	匯合口	1	521086	98.247754
54962	匯合點	1	521087	98.247943
54963	匯回	1	521088	98.248132
54964	匯差	1	521089	98.248321
54965	匯票	1	521090	98.248510
54966	匯報	1	521091	98.248699
54967	匯集地	1	521092	98.248888
54968	匯銀	1	521093	98.249077
54969	匯總	1	521094	98.249266
54970	匯歸	1	521095	98.249455
54971	匯豐銀行	1	521096	98.249644
54972	嗓門	1	521097	98.249833
54973	嗎哪	1	521098	98.250022
54974	嗜之如命	1	521099	98.250211
54975	嗜殺	1	521100	98.250400
54976	嗜寒菌	1	521101	98.250589
54977	嗜黑素	1	521102	98.250778
54978	嗜睡	1	521103	98.250967
54979	嗜熱菌	1	521104	98.251156
54980	嗣後	1	521105	98.251345
54981	嗣皇帝	1	521106	98.251534
54982	嗤笑	1	521107	98.251723
54983	嗤嗤作響	1	521108	98.251912
54984	嗚咽	1	521109	98.252101
54985	嗅出	1	521110	98.252290
54986	嗅聞	1	521111	98.252479
54987	嗅覺細胞	1	521112	98.252668
54988	園方	1	521113	98.252857
54989	園主	1	521114	98.253046
54990	園圃	1	521115	98.253235
54991	園藝	1	521116	98.253424
54992	園藝系	1	521117	98.253613
54993	圓山大飯店	1	521118	98.253802
54994	圓心角	1	521119	98.253991
54995	圓月	1	521120	98.254180
54996	圓丘墳場	1	521121	98.254369
54997	圓目族人國	1	521122	98.254558
54998	圓石	1	521123	98.254747
54999	圓因法師	1	521124	98.254936
55000	圓色	1	521125	98.255125
55001	圓坑	1	521126	98.255314
55002	圓形物	1	521127	98.255503
55003	圓肚	1	521128	98.255692
55004	圓肚子	1	521129	98.255881
55005	圓周運動	1	521130	98.256070
55006	圓弧狀	1	521131	98.256259
55007	圓型	1	521132	98.256448
55008	圓屋頂	1	521133	98.256637
55009	圓拱形	1	521134	98.256826
55010	圓星夢	1	521135	98.257015
55011	圓柱形	1	521136	98.257204
55012	圓柏	1	521137	98.257393
55013	圓胖	1	521138	98.257582
55014	圓桌武士	1	521139	98.257771
55015	圓規	1	521140	98.257960
55016	圓頂	1	521141	98.258149
55017	圓場	1	521142	98.258338
55018	圓帽	1	521143	98.258527
55019	圓窗	1	521144	98.258716
55020	圓筒形	1	521145	98.258905
55021	圓圓滿滿	1	521146	98.259094
55022	圓溜溜	1	521147	98.259283
55023	圓鼓	1	521148	98.259472
55024	圓滾滾	1	521149	98.259661
55025	圓領	1	521150	98.259850
55026	圓盤狀	1	521151	98.260039
55027	圓講堂	1	521152	98.260228
55028	圓鏡	1	521153	98.260417
55029	塞奇高瑞	1	521154	98.260606
55030	塞拉耶佛	1	521155	98.260795
55031	塞拉諾	1	521156	98.260984
55032	塞島	1	521157	98.261173
55033	塞席爾	1	521158	98.261362
55034	塞浦路斯	1	521159	98.261551
55035	塞納巴斯	1	521160	98.261740
55036	塞納河	1	521161	98.261929
55037	塞基烏斯山	1	521162	98.262118
55038	塞責	1	521163	98.262307
55039	塞萬提斯	1	521164	98.262496
55040	塞頓	1	521165	98.262685
55041	塞滿	1	521166	98.262874
55042	塞爾西	1	521167	98.263063
55043	塞爾特人	1	521168	98.263252
55044	塞爾維亞王國	1	521169	98.263441
55045	塞德港	1	521170	98.263630
55046	塑化	1	521171	98.263819
55047	塑成	1	521172	98.264008
55048	塑形	1	521173	98.264197
55049	塑建	1	521174	98.264386
55050	塑膠皮	1	521175	98.264575
55051	塑膠皮布廠	1	521176	98.264764
55052	塑膠件	1	521177	98.264953
55053	塑膠帶	1	521178	98.265142
55054	塑膠桶	1	521179	98.265331
55055	塑膠貨幣	1	521180	98.265520
55056	塑膠管廠	1	521181	98.265709
55057	塑膠環	1	521182	98.265898
55058	塑膠鏡片	1	521183	98.266087
55059	塗朱	1	521184	98.266276
55060	塗色	1	521185	98.266465
55061	塗搽	1	521186	98.266654
55062	塗寫	1	521187	98.266843
55063	塔山	1	521188	98.267032
55064	塔什庫爾干	1	521189	98.267221
55065	塔克	1	521190	98.267410
55066	塔拉斯河流域	1	521191	98.267599
55067	塔拉瑪干大沙漠	1	521192	98.267788
55068	塔威可野生動物公司	1	521193	98.267977
55069	塔曼溪	1	521194	98.268166
55070	塔頂	1	521195	98.268355
55071	塔斯馬尼亞島	1	521196	98.268544
55072	塔開等	1	521197	98.268733
55073	塔塔加鞍部	1	521198	98.268922
55074	塔塔尼烏克	1	521199	98.269111
55075	塔塔爾人	1	521200	98.269300
55076	塔臺	1	521201	98.269489
55077	填充玩具	1	521202	98.269678
55078	填色	1	521203	98.269867
55079	填海	1	521204	98.270056
55080	填報	1	521205	98.270245
55081	填詞	1	521206	98.270434
55082	填鴨式	1	521207	98.270623
55083	塭豐村	1	521208	98.270812
55084	奧力希	1	521209	98.271001
55085	奧古斯都	1	521210	98.271190
55086	奧匈王朝	1	521211	98.271379
55087	奧地利公主	1	521212	98.271568
55088	奧托曼政府	1	521213	98.271757
55089	奧伯豪森	1	521214	98.271946
55090	奧伯豪森電影節	1	521215	98.272135
55091	奧利大帝國	1	521216	98.272324
55092	奧利佛‧雷維爾	1	521217	98.272513
55093	奧利佛史東	1	521218	98.272702
55094	奧利諾科河	1	521219	98.272891
55095	奧委會	1	521220	98.273080
55096	奧林匹克館	1	521221	98.273269
55097	奧林匹斯山	1	521222	98.273458
55098	奧芬巴赫市	1	521223	98.273647
55099	奧思蒙‧賴德	1	521224	98.273836
55100	奧美	1	521225	98.274025
55101	奧美視覺管理顧問公司	1	521226	98.274214
55102	奧美廣告	1	521227	98.274403
55103	奧美廣告公司	1	521228	98.274592
55104	奧軍	1	521229	98.274781
55105	奧特斯鎮	1	521230	98.274970
55106	奧陶紀	1	521231	98.275159
55107	奧斯卡頒獎典禮	1	521232	98.275348
55108	奧斯卡影帝	1	521233	98.275537
55109	奧斯卡獎	1	521234	98.275726
55110	奧斯邦電臺	1	521235	98.275915
55111	奧斯陸	1	521236	98.276104
55112	奧森柏格	1	521237	98.276293
55113	奧萊恩	1	521238	98.276482
55114	奧會主席	1	521239	98.276671
55115	奧瑞根	1	521240	98.276860
55116	奧義	1	521241	98.277049
55117	奧圖普明傑	1	521242	98.277238
55118	奧瑪	1	521243	98.277427
55119	奧瑪雪瑞夫	1	521244	98.277616
55120	奧維爾‧芮登巴克	1	521245	98.277805
55121	奧蘭多	1	521246	98.277994
55122	嫁妝一牛車	1	521247	98.278183
55123	嫁娶	1	521248	98.278372
55124	嫁接	1	521249	98.278561
55125	嫌隙	1	521250	98.278750
55126	媽媽再愛我一次	1	521251	98.278939
55127	媽媽合唱團	1	521252	98.279128
55128	媽媽經	1	521253	98.279317
55129	嫂子	1	521254	98.279506
55130	嵩山寺	1	521255	98.279695
55131	幌子	1	521256	98.279884
55132	幹才	1	521257	98.280073
55133	幹事長	1	521258	98.280262
55134	廉直	1	521259	98.280451
55135	廉政勤政委員會	1	521260	98.280640
55136	廉恥	1	521261	98.280829
55137	廉售	1	521262	98.281018
55138	廉價車	1	521263	98.281207
55139	廈門展億體育用品公司	1	521264	98.281396
55140	彙集	1	521265	98.281585
55141	彙編	1	521266	98.281774
55142	彙總	1	521267	98.281963
55143	微小車	1	521268	98.282152
55144	微火	1	521269	98.282341
55145	微凸	1	521270	98.282530
55146	微光	1	521271	98.282719
55147	微米	1	521272	98.282908
55148	微血管栓	1	521273	98.283097
55149	微似	1	521274	98.283286
55150	微卷	1	521275	98.283475
55151	微明	1	521276	98.283664
55152	微服出巡	1	521277	98.283853
55153	微物	1	521278	98.284042
55154	微斜	1	521279	98.284231
55155	微詞	1	521280	98.284420
55156	微量元素	1	521281	98.284609
55157	微微地	1	521282	98.284798
55158	微暗	1	521283	98.284987
55159	微電子	1	521284	98.285176
55160	微電腦四速自排	1	521285	98.285365
55161	微電腦式	1	521286	98.285554
55162	微電腦防盜	1	521287	98.285743
55163	微電機	1	521288	98.285932
55164	微塵圓盤	1	521289	98.286121
55165	微衛星計畫	1	521290	98.286310
55166	微醉	1	521291	98.286499
55167	微縮	1	521292	98.286688
55168	微聳	1	521293	98.286877
55169	微辭	1	521294	98.287066
55170	微曦	1	521295	98.287255
55171	微彎	1	521296	98.287444
55172	微觀	1	521297	98.287633
55173	愚人節	1	521298	98.287822
55174	愚化	1	521299	98.288011
55175	愚夫愚婦	1	521300	98.288200
55176	愚民政策	1	521301	98.288389
55177	愚怯	1	521302	98.288578
55178	愚者	1	521303	98.288767
55179	意下	1	521304	98.288956
55180	意大利遊記	1	521305	98.289145
55181	意中人	1	521306	98.289334
55182	意外失能險	1	521307	98.289523
55183	意向書	1	521308	98.289712
55184	意味深長	1	521309	98.289901
55185	意重情深	1	521310	98.290090
55186	意氣飛揚	1	521311	98.290279
55187	意淫	1	521312	98.290468
55188	意理	1	521313	98.290657
55189	意像	1	521314	98.290846
55190	意興風發	1	521315	98.291035
55191	意興闌珊	1	521316	98.291224
55192	意識流	1	521317	98.291413
55193	慈幼	1	521318	98.291602
55194	慈母橋	1	521319	98.291791
55195	慈安太后	1	521320	98.291980
55196	慈航	1	521321	98.292169
55197	慈悲的滋味	1	521322	98.292358
55198	慈善家	1	521323	98.292547
55199	慈善團體	1	521324	98.292736
55200	慈暉	1	521325	98.292925
55201	慈濟人	1	521326	98.293114
55202	慈濟委員	1	521327	98.293303
55203	慈鯛魚	1	521328	98.293492
55204	慈藹	1	521329	98.293681
55205	慈觀	1	521330	98.293870
55206	感人肺腑	1	521331	98.294059
55207	感佩	1	521332	98.294248
55208	感念	1	521333	98.294437
55209	感冒糖漿	1	521334	98.294626
55210	感染性疾病	1	521335	98.294815
55211	感染案	1	521336	98.295004
55212	感恩日	1	521337	98.295193
55213	感恩節	1	521338	98.295382
55214	感情用事	1	521339	98.295571
55215	感喟	1	521340	98.295760
55216	感慕	1	521341	98.295949
55217	感激不盡	1	521342	98.296138
55218	感應式動力方向盤	1	521343	98.296327
55219	感謝狀	1	521344	98.296516
55220	感覺器	1	521345	98.296705
55221	想法子	1	521346	98.296894
55222	想看看	1	521347	98.297083
55223	想飛	1	521348	98.297272
55224	想當初	1	521349	98.297461
55225	想像畫	1	521350	98.297650
55226	想像圖	1	521351	98.297839
55227	愛不忍釋	1	521352	98.298028
55228	愛之適足以害之	1	521353	98.298217
55229	愛心傘	1	521354	98.298406
55230	愛玉	1	521355	98.298595
55231	愛玉子	1	521356	98.298784
55232	愛在黑社會的日子	1	521357	98.298973
55233	愛在戰火蔓延時	1	521358	98.299162
55234	愛死	1	521359	98.299351
55235	愛肉族	1	521360	98.299540
55236	愛作怪	1	521361	98.299729
55237	愛克斯射線	1	521362	98.299918
55238	愛沙尼亞	1	521363	98.300107
55239	愛車者	1	521364	98.300296
55240	愛妻	1	521365	98.300485
55241	愛妮島	1	521366	98.300674
55242	愛妮塔‧凱勒斯	1	521367	98.300863
55243	愛的故事	1	521368	98.301052
55244	愛星族	1	521369	98.301241
55245	愛美	1	521370	98.301430
55246	愛國者	1	521371	98.301619
55247	愛國者遊戲	1	521372	98.301808
55248	愛國國小	1	521373	98.301997
55249	愛國獎券	1	521374	98.302186
55250	愛情免疫學	1	521375	98.302375
55251	愛情海	1	521376	98.302564
55252	愛情就是這麼奇妙	1	521377	98.302753
55253	愛情戲	1	521378	98.302942
55254	愛情觀	1	521379	98.303131
55255	愛現	1	521380	98.303320
55256	愛荷華	1	521381	98.303509
55257	愛荷華州	1	521382	98.303698
55258	愛森斯坦	1	521383	98.303887
55259	愛滋病患友	1	521384	98.304076
55260	愛滋病患者	1	521385	98.304265
55261	愛滋病集中混合療法	1	521386	98.304454
55262	愛滋病監測中心	1	521387	98.304643
55263	愛睏	1	521388	98.304832
55264	愛爾蘭人	1	521389	98.305021
55265	愛爾蘭語	1	521390	98.305210
55266	愛德‧喬克尼威克茲	1	521391	98.305399
55267	愛德華‧魯賓遜	1	521392	98.305588
55268	愛德華一世	1	521393	98.305777
55269	愛德華二世	1	521394	98.305966
55270	愛德華四世	1	521395	98.306155
55271	愛德溫波特	1	521396	98.306344
55272	愛慾	1	521397	98.306533
55273	愛憐	1	521398	98.306722
55274	愛樂兒童合唱團	1	521399	98.306911
55275	愛蝶人	1	521400	98.307100
55276	愛默森	1	521401	98.307289
55277	愛麗絲	1	521402	98.307478
55278	惹人	1	521403	98.307667
55279	惹火	1	521404	98.307856
55280	惹事	1	521405	98.308045
55281	惹來	1	521406	98.308234
55282	愁眉以對	1	521407	98.308423
55283	愁苦	1	521408	98.308612
55284	愁雲	1	521409	98.308801
55285	愁緒	1	521410	98.308990
55286	愈大	1	521411	98.309179
55287	愈小	1	521412	98.309368
55288	愈少	1	521413	98.309557
55289	愈多	1	521414	98.309746
55290	愈好	1	521415	98.309935
55291	愈發	1	521416	98.310124
55292	慎用	1	521417	98.310313
55293	慎思	1	521418	98.310502
55294	慎終追遠	1	521419	98.310691
55295	慌亂地	1	521420	98.310880
55296	慍怒	1	521421	98.311069
55297	愧對	1	521422	98.311258
55298	愧歉	1	521423	98.311447
55299	戡亂	1	521424	98.311636
55300	搓洗	1	521425	98.311825
55301	搓湯圓	1	521426	98.312014
55302	搞不清	1	521427	98.312203
55303	搞丟	1	521428	98.312392
55304	搞怪	1	521429	98.312581
55305	搞飛機	1	521430	98.312770
55306	搞鬼	1	521431	98.312959
55307	搞懂	1	521432	98.313148
55308	搭便車	1	521433	98.313337
55309	搭架子	1	521434	98.313526
55310	搭背	1	521435	98.313715
55311	搭飛機	1	521436	98.313904
55312	搭理	1	521437	98.314093
55313	搭話	1	521438	98.314282
55314	搭橋	1	521439	98.314471
55315	搭營	1	521440	98.314660
55316	搭贈	1	521441	98.314849
55317	搬入	1	521442	98.315038
55318	搬出	1	521443	98.315227
55319	搬回	1	521444	98.315416
55320	搬弄是非	1	521445	98.315605
55321	搬走	1	521446	98.315794
55322	搬來	1	521447	98.315983
55323	搬風	1	521448	98.316172
55324	搬進	1	521449	98.316361
55325	搬運車	1	521450	98.316550
55326	搬離	1	521451	98.316739
55327	搏取	1	521452	98.316928
55328	搏命	1	521453	98.317117
55329	搏物館	1	521454	98.317306
55330	搏戲	1	521455	98.317495
55331	搏擊	1	521456	98.317684
55332	搜身	1	521457	98.317873
55333	搜到	1	521458	98.318062
55334	搜括	1	521459	98.318251
55335	搜捕	1	521460	98.318440
55336	搜索器	1	521461	98.318629
55337	搜尋者	1	521462	98.318818
55338	搜錄	1	521463	98.319007
55339	搜購	1	521464	98.319196
55340	搜羅	1	521465	98.319385
55341	搔癢	1	521466	98.319574
55342	損益平衡點	1	521467	98.319763
55343	損益表	1	521468	98.319952
55344	損耗率	1	521469	98.320141
55345	損壞	1	521470	98.320330
55346	搶人	1	521471	98.320519
55347	搶手貨	1	521472	98.320708
55348	搶功	1	521473	98.320897
55349	搶回	1	521474	98.321086
55350	搶攻	1	521475	98.321275
55351	搶來	1	521476	98.321464
55352	搶拍	1	521477	98.321653
55353	搶風頭	1	521478	98.321842
55354	搶得機先	1	521479	98.322031
55355	搶搭	1	521480	98.322220
55356	搶盡	1	521481	98.322409
55357	搶鏡頭	1	521482	98.322598
55358	搖手	1	521483	98.322787
55359	搖出	1	521484	98.322976
55360	搖曳	1	521485	98.323165
55361	搖曳生姿	1	521486	98.323354
55362	搖曳感	1	521487	98.323543
55363	搖馬郎	1	521488	98.323732
55364	搖控呼救裝置	1	521489	98.323921
55365	搖椅之歌	1	521490	98.324110
55366	搖搖手	1	521491	98.324299
55367	搖滾文化	1	521492	98.324488
55368	搖滾歌手	1	521493	98.324677
55369	搖錢樹	1	521494	98.324866
55370	搖頭晃腦	1	521495	98.325055
55371	搖籃死	1	521496	98.325244
55372	搗蛋	1	521497	98.325433
55373	搗蛋鬼	1	521498	98.325622
55374	敬老津貼	1	521499	98.325811
55375	敬老號	1	521500	98.326000
55376	敬告	1	521501	98.326189
55377	敬祖	1	521502	98.326378
55378	敬啟者	1	521503	98.326567
55379	敬賀	1	521504	98.326756
55380	敬獻	1	521505	98.326945
55381	新Ｋ連線	1	521506	98.327134
55382	新人秀	1	521507	98.327323
55383	新人獎	1	521508	98.327512
55384	新力公司	1	521509	98.327701
55385	新女性	1	521510	98.327890
55386	新工業	1	521511	98.328079
55387	新不了情	1	521512	98.328268
55388	新五路	1	521513	98.328457
55389	新仇舊恨	1	521514	98.328646
55390	新化鎮	1	521515	98.328835
55391	新巴比倫尼亞王朝	1	521516	98.329024
55392	新手法	1	521517	98.329213
55393	新文學	1	521518	98.329402
55394	新方	1	521519	98.329591
55395	新方位	1	521520	98.329780
55396	新月	1	521521	98.329969
55397	新出埃及記	1	521522	98.330158
55398	新加坡港	1	521523	98.330347
55399	新加坡集團	1	521524	98.330536
55400	新古典	1	521525	98.330725
55401	新古典風格	1	521526	98.330914
55402	新四軍歷史研究會	1	521527	98.331103
55403	新民	1	521528	98.331292
55404	新民國小	1	521529	98.331481
55405	新民叢報	1	521530	98.331670
55406	新生地	1	521531	98.331859
55407	新生兒期	1	521532	98.332048
55408	新生南路	1	521533	98.332237
55409	新生態	1	521534	98.332426
55410	新生鮮事多	1	521535	98.332615
55411	新甲	1	521536	98.332804
55412	新甲國小	1	521537	98.332993
55413	新石器時期文化	1	521538	98.333182
55414	新光	1	521539	98.333371
55415	新光三越	1	521540	98.333560
55416	新光三越百貨	1	521541	98.333749
55417	新光站前大樓	1	521542	98.333938
55418	新光紡織	1	521543	98.334127
55419	新光集團	1	521544	98.334316
55420	新光綜合醫院	1	521545	98.334505
55421	新光醫院	1	521546	98.334694
55422	新印象派	1	521547	98.334883
55423	新同盟會	1	521548	98.335072
55424	新式筆	1	521549	98.335261
55425	新竹六福村	1	521550	98.335450
55426	新竹市立相聲團	1	521551	98.335639
55427	新竹國小	1	521552	98.335828
55428	新材質	1	521553	98.336017
55429	新牡丹燈籠	1	521554	98.336206
55430	新狂熱主義	1	521555	98.336395
55431	新車發表會	1	521556	98.336584
55432	新里程	1	521557	98.336773
55433	新制度	1	521558	98.336962
55434	新協劇團	1	521559	98.337151
55435	新店客運	1	521560	98.337340
55436	新房	1	521561	98.337529
55437	新昌	1	521562	98.337718
55438	新東紡織	1	521563	98.337907
55439	新東紡織權證	1	521564	98.338096
55440	新物質時代	1	521565	98.338285
55441	新芽	1	521566	98.338474
55442	新花樣	1	521567	98.338663
55443	新保守主義	1	521568	98.338852
55444	新型態	1	521569	98.339041
55445	新城	1	521570	98.339230
55446	新契機	1	521571	98.339419
55447	新客	1	521572	98.339608
55448	新思想	1	521573	98.339797
55449	新思維	1	521574	98.339986
55450	新派	1	521575	98.340175
55451	新紅粉兵團	1	521576	98.340364
55452	新紀錄	1	521577	98.340553
55453	新英格蘭醫學雜誌	1	521578	98.340742
55454	新面目	1	521579	98.340931
55455	新埔鎮	1	521580	98.341120
55456	新娘面紗瀑布	1	521581	98.341309
55457	新娘與我	1	521582	98.341498
55458	新害	1	521583	98.341687
55459	新桃	1	521584	98.341876
55460	新浪潮聯誼會	1	521585	98.342065
55461	新紡	1	521586	98.342254
55462	新紡合織廠	1	521587	98.342443
55463	新能源暨產業技術綜合開發機構	1	521588	98.342632
55464	新高駐在所	1	521589	98.342821
55465	新高點	1	521590	98.343010
55466	新區	1	521591	98.343199
55467	新國語辭典	1	521592	98.343388
55468	新婚尿道炎	1	521593	98.343577
55469	新婚尿道綜合症	1	521594	98.343766
55470	新婚過敏症	1	521595	98.343955
55471	新婚燕爾	1	521596	98.344144
55472	新宿	1	521597	98.344333
55473	新康山	1	521598	98.344522
55474	新教徒	1	521599	98.344711
55475	新添	1	521600	98.344900
55476	新瓶舊酒	1	521601	98.345089
55477	新盛街	1	521602	98.345278
55478	新移民	1	521603	98.345467
55479	新船	1	521604	98.345656
55480	新莊市	1	521605	98.345845
55481	新規	1	521606	98.346034
55482	新貧階級	1	521607	98.346223
55483	新造型	1	521608	98.346412
55484	新雪	1	521609	98.346601
55485	新喀里多尼亞	1	521610	98.346790
55486	新殖民地主義	1	521611	98.346979
55487	新發明	1	521612	98.347168
55488	新發售	1	521613	98.347357
55489	新筍	1	521614	98.347546
55490	新郵	1	521615	98.347735
55491	新開	1	521616	98.347924
55492	新勢	1	521617	98.348113
55493	新嫁娘	1	521618	98.348302
55494	新感覺	1	521619	98.348491
55495	新新	1	521620	98.348680
55496	新新浪潮	1	521621	98.348869
55497	新經濟聯盟	1	521622	98.349058
55498	新電影運動	1	521623	98.349247
55499	新境界	1	521624	98.349436
55500	新演	1	521625	98.349625
55501	新聞人	1	521626	98.349814
55502	新聞工作者	1	521627	98.350003
55503	新聞出版署	1	521628	98.350192
55504	新聞局長	1	521629	98.350381
55505	新聞事業	1	521630	98.350570
55506	新聞性	1	521631	98.350759
55507	新聞性節目	1	521632	98.350948
55508	新聞社	1	521633	98.351137
55509	新聞報	1	521634	98.351326
55510	新聞集錦	1	521635	98.351515
55511	新聞廣播	1	521636	98.351704
55512	新聞獎	1	521637	98.351893
55513	新聞稿	1	521638	98.352082
55514	新聞線	1	521639	98.352271
55515	新臺灣重建委員會	1	521640	98.352460
55516	新閣	1	521641	98.352649
55517	新領域	1	521642	98.352838
55518	新寫實主義	1	521643	98.353027
55519	新寫實主義運動	1	521644	98.353216
55520	新寫實主義電影	1	521645	98.353405
55521	新模	1	521646	98.353594
55522	新樂園	1	521647	98.353783
55523	新潮流	1	521648	98.353972
55524	新鄭	1	521649	98.354161
55525	新鄭縣	1	521650	98.354350
55526	新學友	1	521651	98.354539
55527	新學友基金會	1	521652	98.354728
55528	新澤西州魯格斯大學	1	521653	98.354917
55529	新燕	1	521654	98.355106
55530	新興發展區	1	521655	98.355295
55531	新鴛鴦蝴蝶夢	1	521656	98.355484
55532	新龍爭虎鬥	1	521657	98.355673
55533	新翼魚	1	521658	98.355862
55534	新鮮屋	1	521659	98.356051
55535	新點子	1	521660	98.356240
55536	新藝城	1	521661	98.356429
55537	新霸權	1	521662	98.356618
55538	新權威主義	1	521663	98.356807
55539	暗化	1	521664	98.356996
55540	暗合	1	521665	98.357185
55541	暗灰色	1	521666	98.357374
55542	暗自竊喜	1	521667	98.357563
55543	暗沉	1	521668	98.357752
55544	暗房	1	521669	98.357941
55545	暗冠藍鴉	1	521670	98.358130
55546	暗室	1	521671	98.358319
55547	暗度陳倉	1	521672	98.358508
55548	暗香	1	521673	98.358697
55549	暗哨	1	521674	98.358886
55550	暗淡無光	1	521675	98.359075
55551	暗處	1	521676	98.359264
55552	暗訪	1	521677	98.359453
55553	暗號	1	521678	98.359642
55554	暗影	1	521679	98.359831
55555	暗潮	1	521680	98.360020
55556	暗戀	1	521681	98.360209
55557	暇時	1	521682	98.360398
55558	暇想	1	521683	98.360587
55559	暈車藥	1	521684	98.360776
55560	暈染法	1	521685	98.360965
55561	暈船	1	521686	98.361154
55562	暈厥	1	521687	98.361343
55563	暈黃	1	521688	98.361532
55564	暈機	1	521689	98.361721
55565	暈頭轉向	1	521690	98.361910
55566	暖身子	1	521691	98.362099
55567	暖洋洋	1	521692	98.362288
55568	暖風	1	521693	98.362477
55569	暖氣爐	1	521694	98.362666
55570	暖起來	1	521695	98.362855
55571	暖湯	1	521696	98.363044
55572	暖陽	1	521697	98.363233
55573	暖語	1	521698	98.363422
55574	暖調	1	521699	98.363611
55575	會前賽	1	521700	98.363800
55576	會客	1	521701	98.363989
55577	會客室	1	521702	98.364178
55578	會計人員	1	521703	98.364367
55579	會計長	1	521704	98.364556
55580	會計員	1	521705	98.364745
55581	會計師事務所	1	521706	98.364934
55582	會計部	1	521707	98.365123
55583	會首	1	521708	98.365312
55584	會員卡	1	521709	98.365501
55585	會員券	1	521710	98.365690
55586	會眾	1	521711	98.365879
55587	會陰	1	521712	98.366068
55588	會章	1	521713	98.366257
55589	會費	1	521714	98.366446
55590	會稽山	1	521715	98.366635
55591	會籍	1	521716	98.366824
55592	會議長	1	521717	98.367013
55593	業務主任	1	521718	98.367202
55594	業務助理	1	521719	98.367391
55595	業務協理	1	521720	98.367580
55596	業務室	1	521721	98.367769
55597	業務部門	1	521722	98.367958
55598	業務經理	1	521723	98.368147
55599	業務總經理	1	521724	98.368336
55600	業務總監	1	521725	98.368525
55601	業報	1	521726	98.368714
55602	業孽	1	521727	98.368903
55603	楚囚	1	521728	98.369092
55604	楚河	1	521729	98.369281
55605	楚河漢界	1	521730	98.369470
55606	楚昭王	1	521731	98.369659
55607	楚國	1	521732	98.369848
55608	楚莊王	1	521733	98.370037
55609	楚辭	1	521734	98.370226
55610	楠仔仙溪	1	521735	98.370415
55611	楠林帶	1	521736	98.370604
55612	楔尾鵰	1	521737	98.370793
55613	楔形板	1	521738	98.370982
55614	楔型	1	521739	98.371171
55615	極光活動	1	521740	98.371360
55616	極地沙漠	1	521741	98.371549
55617	極地恐龍	1	521742	98.371738
55618	極權	1	521743	98.371927
55619	極權主義	1	521744	98.372116
55620	椰子汁	1	521745	98.372305
55621	椰汁	1	521746	98.372494
55622	椰林大道	1	521747	98.372683
55623	椰樹	1	521748	98.372872
55624	概日性	1	521749	98.373061
55625	概日性睡眠調節	1	521750	98.373250
55626	概念車種	1	521751	98.373439
55627	概知	1	521752	98.373628
55628	概要	1	521753	98.373817
55629	概略	1	521754	98.374006
55630	概說	1	521755	98.374195
55631	概論	1	521756	98.374384
55632	楊乃武	1	521757	98.374573
55633	楊三郎	1	521758	98.374762
55634	楊子公司	1	521759	98.374951
55635	楊文華	1	521760	98.375140
55636	楊平世	1	521761	98.375329
55637	楊正聰	1	521762	98.375518
55638	楊吉平	1	521763	98.375707
55639	楊守全	1	521764	98.375896
55640	楊艾俐	1	521765	98.376085
55641	楊希閔	1	521766	98.376274
55642	楊志熙	1	521767	98.376463
55643	楊季章	1	521768	98.376652
55644	楊宗保	1	521769	98.376841
55645	楊宗憲	1	521770	98.377030
55646	楊延晉	1	521771	98.377219
55647	楊芳玫	1	521772	98.377408
55648	楊亭雲	1	521773	98.377597
55649	楊柳樹	1	521774	98.377786
55650	楊述	1	521775	98.377975
55651	楊家軍	1	521776	98.378164
55652	楊家埠	1	521777	98.378353
55653	楊恩生	1	521778	98.378542
55654	楊振明	1	521779	98.378731
55655	楊格	1	521780	98.378920
55656	楊烈	1	521781	98.379109
55657	楊祖珺	1	521782	98.379298
55658	楊國賜	1	521783	98.379487
55659	楊崇森	1	521784	98.379676
55660	楊得根	1	521785	98.379865
55661	楊梅工廠	1	521786	98.380054
55662	楊清漢	1	521787	98.380243
55663	楊翌平	1	521788	98.380432
55664	楊森	1	521789	98.380621
55665	楊渡	1	521790	98.380810
55666	楊週	1	521791	98.380999
55667	楊進益	1	521792	98.381188
55668	楊鈞霆	1	521793	98.381377
55669	楊開道	1	521794	98.381566
55670	楊業	1	521795	98.381755
55671	楊萬里	1	521796	98.381944
55672	楊嘉猷	1	521797	98.382133
55673	楊夢萊	1	521798	98.382322
55674	楊德昌	1	521799	98.382511
55675	楊樹	1	521800	98.382700
55676	楊懷玉	1	521801	98.382889
55677	楊識宏	1	521802	98.383078
55678	楊麗花	1	521803	98.383267
55679	楊麗萍	1	521804	98.383456
55680	楊燿宇	1	521805	98.383645
55681	楞楞地	1	521806	98.383834
55682	楞楞的	1	521807	98.384023
55683	楓林	1	521808	98.384212
55684	楓紅	1	521809	98.384401
55685	楹柱	1	521810	98.384590
55686	楹聯	1	521811	98.384779
55687	歇步	1	521812	98.384968
55688	歇宿處	1	521813	98.385157
55689	歇腳	1	521814	98.385346
55690	歲月如梭	1	521815	98.385535
55691	歲次	1	521816	98.385724
55692	歲俸銀	1	521817	98.385913
55693	歲修	1	521818	98.386102
55694	歲祝	1	521819	98.386291
55695	歲歲	1	521820	98.386480
55696	歲歲平安	1	521821	98.386669
55697	歲歲年年	1	521822	98.386858
55698	歲數	1	521823	98.387047
55699	歲暮	1	521824	98.387236
55700	毀容	1	521825	98.387425
55701	毀掉	1	521826	98.387614
55702	毀謗	1	521827	98.387803
55703	毀譽	1	521828	98.387992
55704	毀圮	1	521829	98.388181
55705	殿中省	1	521830	98.388370
55706	殿軍	1	521831	98.388559
55707	毽球隊	1	521832	98.388748
55708	溢洪道	1	521833	98.388937
55709	溯回	1	521834	98.389126
55710	溯自	1	521835	98.389315
55711	溯走	1	521836	98.389504
55712	溶血反應	1	521837	98.389693
55713	溶血性鍊球菌	1	521838	98.389882
55714	滂沱大雨	1	521839	98.390071
55715	源泉	1	521840	98.390260
55716	源流營	1	521841	98.390449
55717	源起	1	521842	98.390638
55718	溝口	1	521843	98.390827
55719	溝口健二	1	521844	98.391016
55720	溝中	1	521845	98.391205
55721	溝迴	1	521846	98.391394
55722	滇北	1	521847	98.391583
55723	滇池	1	521848	98.391772
55724	滇軍	1	521849	98.391961
55725	滅口	1	521850	98.392150
55726	滅火劑	1	521851	98.392339
55727	滅活	1	521852	98.392528
55728	滅跡	1	521853	98.392717
55729	滅鼠藥	1	521854	98.392906
55730	滅種	1	521855	98.393095
55731	溥儀	1	521856	98.393284
55732	溼布	1	521857	98.393473
55733	溼度	1	521858	98.393662
55734	溼疣	1	521859	98.393851
55735	溼氣	1	521860	98.394040
55736	溼淋淋	1	521861	98.394229
55737	溼黑	1	521862	98.394418
55738	溼意	1	521863	98.394607
55739	溼溼	1	521864	98.394796
55740	溼滑	1	521865	98.394985
55741	溼濡	1	521866	98.395174
55742	溺死者	1	521867	98.395363
55743	溫介清	1	521868	98.395552
55744	溫文爾雅	1	521869	98.395741
55745	溫文儒雅	1	521870	98.395930
55746	溫尼伯	1	521871	98.396119
55747	溫尼伯市	1	521872	98.396308
55748	溫存	1	521873	98.396497
55749	溫州人	1	521874	98.396686
55750	溫州街	1	521875	98.396875
55751	溫血	1	521876	98.397064
55752	溫厚	1	521877	98.397253
55753	溫室	1	521878	98.397442
55754	溫度休克法	1	521879	98.397631
55755	溫柔敦厚	1	521880	98.397820
55756	溫柏格	1	521881	98.398009
55757	溫泉水	1	521882	98.398198
55758	溫洲	1	521883	98.398387
55759	溫書	1	521884	98.398576
55760	溫茶	1	521885	98.398765
55761	溫婉	1	521886	98.398954
55762	溫帶	1	521887	98.399143
55763	溫排水	1	521888	98.399332
55764	溫梅桂	1	521889	98.399521
55765	溫開水	1	521890	98.399710
55766	溫飲	1	521891	98.399899
55767	溫經	1	521892	98.400088
55768	溫慶珠	1	521893	98.400277
55769	溫標	1	521894	98.400466
55770	溫潤如玉	1	521895	98.400655
55771	溫馨接送情	1	521896	98.400844
55772	滑水道	1	521897	98.401033
55773	滑動式	1	521898	98.401222
55774	滑雪人	1	521899	98.401411
55775	滑雪杖	1	521900	98.401600
55776	滑雪服	1	521901	98.401789
55777	滑雪隊	1	521902	98.401978
55778	滑雪道	1	521903	98.402167
55779	滑翔	1	521904	98.402356
55780	滑翔機	1	521905	98.402545
55781	滑翔翼	1	521906	98.402734
55782	滑進	1	521907	98.402923
55783	滑順	1	521908	98.403112
55784	滑勢	1	521909	98.403301
55785	滑溜	1	521910	98.403490
55786	滑嫩	1	521911	98.403679
55787	滑輪	1	521912	98.403868
55788	滑輪增壓器	1	521913	98.404057
55789	滑橇	1	521914	98.404246
55790	準有	1	521915	98.404435
55791	準老師	1	521916	98.404624
55792	準岳母	1	521917	98.404813
55793	準媽媽	1	521918	98.405002
55794	準確率	1	521919	98.405191
55795	準噶爾盆地	1	521920	98.405380
55796	準頭	1	521921	98.405569
55797	溜出	1	521922	98.405758
55798	溜到	1	521923	98.405947
55799	溜狗	1	521924	98.406136
55800	溜進	1	521925	98.406325
55801	溜滑板	1	521926	98.406514
55802	溜豬	1	521927	98.406703
55803	溜輪鞋	1	521928	98.406892
55804	溜籠	1	521929	98.407081
55805	滄海	1	521930	98.407270
55806	滄龍	1	521931	98.407459
55807	滔天	1	521932	98.407648
55808	滔滔雄辯	1	521933	98.407837
55809	溪口國小	1	521934	98.408026
55810	溪底	1	521935	98.408215
55811	溪泉	1	521936	98.408404
55812	溪洲國小	1	521937	98.408593
55813	溴化物	1	521938	98.408782
55814	煎炸	1	521939	98.408971
55815	煎蛋	1	521940	98.409160
55816	煎鍋	1	521941	98.409349
55817	煙斗	1	521942	98.409538
55818	煙水	1	521943	98.409727
55819	煙灰	1	521944	98.409916
55820	煙灰缸	1	521945	98.410105
55821	煙波	1	521946	98.410294
55822	煙毒法	1	521947	98.410483
55823	煙草香	1	521948	98.410672
55824	煙袋	1	521949	98.410861
55825	煙硝	1	521950	98.411050
55826	煙絲	1	521951	98.411239
55827	煙雲	1	521952	98.411428
55828	煙幕	1	521953	98.411617
55829	煙靄	1	521954	98.411806
55830	煙囟	1	521955	98.411995
55831	煩心	1	521956	98.412184
55832	煩苦	1	521957	98.412373
55833	煩絮	1	521958	98.412562
55834	煩愁	1	521959	98.412751
55835	煩熱	1	521960	98.412940
55836	煩請	1	521961	98.413129
55837	煩囂	1	521962	98.413318
55838	煤井	1	521963	98.413507
55839	煤油燈	1	521964	98.413696
55840	煤塊	1	521965	98.413885
55841	煤煙	1	521966	98.414074
55842	煤廠	1	521967	98.414263
55843	煉丹	1	521968	98.414452
55844	煉油中心	1	521969	98.414641
55845	煉油場	1	521970	98.414830
55846	煉油廠	1	521971	98.415019
55847	煉獄	1	521972	98.415208
55848	煉銅	1	521973	98.415397
55849	煉銅廠	1	521974	98.415586
55850	煉鋼電爐	1	521975	98.415775
55851	煉鋼爐	1	521976	98.415964
55852	煉礦廠	1	521977	98.416153
55853	照打	1	521978	98.416342
55854	照明設備	1	521979	98.416531
55855	照明燈	1	521980	98.416720
55856	照相簿	1	521981	98.416909
55857	照高	1	521982	98.417098
55858	照會	1	521983	98.417287
55859	照像	1	521984	98.417476
55860	照像館	1	521985	98.417665
55861	照說	1	521986	98.417854
55862	照舊	1	521987	98.418043
55863	照護	1	521988	98.418232
55864	煬帝	1	521989	98.418421
55865	煬帝紀	1	521990	98.418610
55866	煌煌	1	521991	98.418799
55867	煌輝	1	521992	98.418988
55868	煥取	1	521993	98.419177
55869	煞住	1	521994	98.419366
55870	煞車卡鉗	1	521995	98.419555
55871	煞車軸	1	521996	98.419744
55872	煞車碟	1	521997	98.419933
55873	煞風景	1	521998	98.420122
55874	煞氣	1	521999	98.420311
55875	獅子巴磚	1	522000	98.420500
55876	獅子門	1	522001	98.420689
55877	獅子門橋	1	522002	98.420878
55878	獅子魚	1	522003	98.421067
55879	獅子棺	1	522004	98.421256
55880	獅子鼻	1	522005	98.421445
55881	獅王爭霸	1	522006	98.421634
55882	獅王爭霸戰	1	522007	98.421823
55883	獅仔頭	1	522008	98.422012
55884	獅虎	1	522009	98.422201
55885	獅首	1	522010	98.422390
55886	獅湖	1	522011	98.422579
55887	獅隊	1	522012	98.422768
55888	獅頭	1	522013	98.422957
55889	獅頭座	1	522014	98.423146
55890	猿猴	1	522015	98.423335
55891	瑯琊王	1	522016	98.423524
55892	瑯璫入獄	1	522017	98.423713
55893	瑕不掩瑜	1	522018	98.423902
55894	瑕疵品	1	522019	98.424091
55895	瑞凡	1	522020	98.424280
55896	瑞凡費尼克斯	1	522021	98.424469
55897	瑞士國	1	522022	98.424658
55898	瑞竹	1	522023	98.424847
55899	瑞里	1	522024	98.425036
55900	瑞典文	1	522025	98.425225
55901	瑞典皇家科學院	1	522026	98.425414
55902	瑞典語	1	522027	98.425603
55903	瑞芳	1	522028	98.425792
55904	瑞秋	1	522029	98.425981
55905	瑞氣千條	1	522030	98.426170
55906	瑞琪	1	522031	98.426359
55907	瑞聯建設	1	522032	98.426548
55908	瑞獸	1	522033	98.426737
55909	瑜亮	1	522034	98.426926
55910	瑜珈	1	522035	98.427115
55911	當口	1	522036	98.427304
55912	當世	1	522037	98.427493
55913	當代人	1	522038	98.427682
55914	當令	1	522039	98.427871
55915	當局者	1	522040	98.428060
55916	當事者	1	522041	98.428249
55917	當夜	1	522042	98.428438
55918	當官	1	522043	98.428627
55919	當宜	1	522044	98.428816
55920	當泥格	1	522045	98.429005
55921	當空	1	522046	98.429194
55922	當急	1	522047	98.429383
55923	當為	1	522048	98.429572
55924	當皇	1	522049	98.429761
55925	當盆	1	522050	98.429950
55926	當真	1	522051	98.430139
55927	當務	1	522052	98.430328
55928	當街	1	522053	98.430517
55929	當鋪	1	522054	98.430706
55930	當歸	1	522055	98.430895
55931	畸月	1	522056	98.431084
55932	畸形人	1	522057	98.431273
55933	畸形兒	1	522058	98.431462
55934	畸況	1	522059	98.431651
55935	畸胎瘤	1	522060	98.431840
55936	畸零	1	522061	98.432029
55937	畸零股	1	522062	98.432218
55938	瘀青	1	522063	98.432407
55939	瘀傷	1	522064	98.432596
55940	痰液	1	522065	98.432785
55941	痲疹疫苗	1	522066	98.432974
55942	痲痺	1	522067	98.433163
55943	痴心	1	522068	98.433352
55944	痴呆症	1	522069	98.433541
55945	痴狂	1	522070	98.433730
55946	痴痴	1	522071	98.433919
55947	痴癖	1	522072	98.434108
55948	盟主	1	522073	98.434297
55949	盟約	1	522074	98.434486
55950	睫毛尖	1	522075	98.434675
55951	督軍	1	522076	98.434864
55952	督策	1	522077	98.435053
55953	督察	1	522078	98.435242
55954	督導員	1	522079	98.435431
55955	督辦	1	522080	98.435620
55956	睪丸酮	1	522081	98.435809
55957	睜大眼	1	522082	98.435998
55958	睢陽	1	522083	98.436187
55959	矮小症	1	522084	98.436376
55960	矮個	1	522085	98.436565
55961	矮個兒	1	522086	98.436754
55962	矮灌叢	1	522087	98.436943
55963	碎石坡	1	522088	98.437132
55964	碎石頭	1	522089	98.437321
55965	碎果仁	1	522090	98.437510
55966	碎物	1	522091	98.437699
55967	碎屑	1	522092	98.437888
55968	碎料	1	522093	98.438077
55969	碎紙	1	522094	98.438266
55970	碎紙屑	1	522095	98.438455
55971	碎釘子	1	522096	98.438644
55972	碎粒	1	522097	98.438833
55973	碎銀子	1	522098	98.439022
55974	碰見	1	522099	98.439211
55975	碰落	1	522100	98.439400
55976	碰壁	1	522101	98.439589
55977	碰錯冤家生錯娃	1	522102	98.439778
55978	碰頭	1	522103	98.439967
55979	碗公	1	522104	98.440156
55980	碗型	1	522105	98.440345
55981	碗筷	1	522106	98.440534
55982	碗粿	1	522107	98.440723
55983	碉房	1	522108	98.440912
55984	硼砂	1	522109	98.441101
55985	硼酸鹽	1	522110	98.441290
55986	碑座	1	522111	98.441479
55987	禁入	1	522112	98.441668
55988	禁入墳場二	1	522113	98.441857
55989	禁打	1	522114	98.442046
55990	禁吃	1	522115	98.442235
55991	禁行	1	522116	98.442424
55992	禁忌症	1	522117	98.442613
55993	禁足	1	522118	98.442802
55994	禁房	1	522119	98.442991
55995	禁果	1	522120	98.443180
55996	禁毒網	1	522121	98.443369
55997	禁書	1	522122	98.443558
55998	禁閉室	1	522123	98.443747
55999	禁菸區	1	522124	98.443936
56000	禁菸推動小組	1	522125	98.444125
56001	禁煙節	1	522126	98.444314
56002	禁境	1	522127	98.444503
56003	禁賣	1	522128	98.444692
56004	禁獵區	1	522129	98.444881
56005	禁藥管制小組	1	522130	98.445070
56006	萬丈	1	522131	98.445259
56007	萬丈光芒	1	522132	98.445448
56008	萬丈豪情	1	522133	98.445637
56009	萬不得已	1	522134	98.445826
56010	萬丹	1	522135	98.446015
56011	萬夫	1	522136	98.446204
56012	萬夫莫敵	1	522137	98.446393
56013	萬巴赫	1	522138	98.446582
56014	萬方	1	522139	98.446771
56015	萬水	1	522140	98.446960
56016	萬世	1	522141	98.447149
56017	萬世流芳	1	522142	98.447338
56018	萬世師表	1	522143	98.447527
56019	萬古流芳	1	522144	98.447716
56020	萬用	1	522145	98.447905
56021	萬字夾	1	522146	98.448094
56022	萬字錦	1	522147	98.448283
56023	萬安寺	1	522148	98.448472
56024	萬安演習	1	522149	98.448661
56025	萬年大樓	1	522150	98.448850
56026	萬年町	1	522151	98.449039
56027	萬有	1	522152	98.449228
56028	萬劫	1	522153	98.449417
56029	萬劫不復	1	522154	98.449606
56030	萬邦	1	522155	98.449795
56031	萬里長征	1	522156	98.449984
56032	萬里國小	1	522157	98.450173
56033	萬里鄉	1	522158	98.450362
56034	萬事如意	1	522159	98.450551
56035	萬事達卡	1	522160	98.450740
56036	萬卷書	1	522161	98.450929
56037	萬卷堂	1	522162	98.451118
56038	萬幸	1	522163	98.451307
56039	萬念俱灰	1	522164	98.451496
56040	萬法光明	1	522165	98.451685
56041	萬法唯心	1	522166	98.451874
56042	萬物之靈	1	522167	98.452063
56043	萬計	1	522168	98.452252
56044	萬重山	1	522169	98.452441
56045	萬家生佛	1	522170	98.452630
56046	萬般皆下品，唯有讀書高	1	522171	98.452819
56047	萬國通鑑	1	522172	98.453008
56048	萬國博覽會	1	522173	98.453197
56049	萬國戲院	1	522174	98.453386
56050	萬盛節	1	522175	98.453575
56051	萬眾歸心	1	522176	98.453764
56052	萬惡	1	522177	98.453953
56053	萬華車站	1	522178	98.454142
56054	萬華區公所	1	522179	98.454331
56055	萬象更新	1	522180	98.454520
56056	萬順寮	1	522181	98.454709
56057	萬萬不可	1	522182	98.454898
56058	萬萬歲	1	522183	98.455087
56059	萬聖節	1	522184	98.455276
56060	萬壽山動物園	1	522185	98.455465
56061	萬壽無疆	1	522186	98.455654
56062	萬壽菊	1	522187	98.455843
56063	萬福國小	1	522188	98.456032
56064	萬種風情	1	522189	98.456221
56065	萬德普爾‧戈姆利	1	522190	98.456410
56066	萬曆野獲編	1	522191	98.456599
56067	萬燈供佛法會	1	522192	98.456788
56068	萬蕊	1	522193	98.456977
56069	萬頭攢動	1	522194	98.457166
56070	萬難	1	522195	98.457355
56071	萬寶路	1	522196	98.457544
56072	萬寶路香煙	1	522197	98.457733
56073	萬巒	1	522198	98.457922
56074	萬變	1	522199	98.458111
56075	萬癱齊發	1	522200	98.458300
56076	萬靈藥	1	522201	98.458489
56077	稚子	1	522202	98.458678
56078	稚弱	1	522203	98.458867
56079	稚氣	1	522204	98.459056
56080	稚魚養殖場	1	522205	98.459245
56081	稠密	1	522206	98.459434
56082	稟報	1	522207	98.459623
56083	稟賦	1	522208	98.459812
56084	節子	1	522209	98.460001
56085	節令	1	522210	98.460190
56086	節衣縮食	1	522211	98.460379
56087	節奏感	1	522212	98.460568
56088	節椎體軟骨板	1	522213	98.460757
56089	節敬	1	522214	98.460946
56090	節義	1	522215	98.461135
56091	節慶島	1	522216	98.461324
56092	節樽	1	522217	98.461513
56093	節錦竹屏	1	522218	98.461702
56094	節譯本	1	522219	98.461891
56095	筮占	1	522220	98.462080
56096	筧橋	1	522221	98.462269
56097	粱二	1	522222	98.462458
56098	粵語	1	522223	98.462647
56099	粵語歌	1	522224	98.462836
56100	經世濟民	1	522225	98.463025
56101	經代公司	1	522226	98.463214
56102	經血	1	522227	98.463403
56103	經度	1	522228	98.463592
56104	經建計畫	1	522229	98.463781
56105	經研所	1	522230	98.463970
56106	經革	1	522231	98.464159
56107	經書	1	522232	98.464348
56108	經國	1	522233	98.464537
56109	經國號	1	522234	98.464726
56110	經國號戰機	1	522235	98.464915
56111	經國路	1	522236	98.465104
56112	經常	1	522237	98.465293
56113	經援	1	522238	98.465482
56114	經痛	1	522239	98.465671
56115	經量	1	522240	98.465860
56116	經管	1	522241	98.466049
56117	經銷店	1	522242	98.466238
56118	經辦人	1	522243	98.466427
56119	經濟中心	1	522244	98.466616
56120	經濟史	1	522245	98.466805
56121	經濟犯罪	1	522246	98.466994
56122	經濟共同體	1	522247	98.467183
56123	經濟危機	1	522248	98.467372
56124	經濟合作與發展組織	1	522249	98.467561
56125	經濟作物	1	522250	98.467750
56126	經濟利益	1	522251	98.467939
56127	經濟技術開發區	1	522252	98.468128
56128	經濟制度	1	522253	98.468317
56129	經濟制裁	1	522254	98.468506
56130	經濟所	1	522255	98.468695
56131	經濟型	1	522256	98.468884
56132	經濟客艙	1	522257	98.469073
56133	經濟建設	1	522258	98.469262
56134	經濟政策	1	522259	98.469451
56135	經濟研究處	1	522260	98.469640
56136	經濟振興方案	1	522261	98.469829
56137	經濟圈	1	522262	98.470018
56138	經濟理論	1	522263	98.470207
56139	經濟統計指標	1	522264	98.470396
56140	經濟處	1	522265	98.470585
56141	經濟部工業局	1	522266	98.470774
56142	經濟學人週刊	1	522267	98.470963
56143	經濟學人雜誌	1	522268	98.471152
56144	經濟整合	1	522269	98.471341
56145	經營方式	1	522270	98.471530
56146	經營法	1	522271	98.471719
56147	經籍	1	522272	98.471908
56148	經籍志	1	522273	98.472097
56149	經驗談	1	522274	98.472286
56150	綁在	1	522275	98.472475
56151	綁住	1	522276	98.472664
56152	綁匪	1	522277	98.472853
56153	綁起來	1	522278	98.473042
56154	綏靖	1	522279	98.473231
56155	置入	1	522280	98.473420
56156	置死地而後生	1	522281	98.473609
56157	置身度外	1	522282	98.473798
56158	置放	1	522283	98.473987
56159	置物格	1	522284	98.474176
56160	置物槽	1	522285	98.474365
56161	置換	1	522286	98.474554
56162	罩衣	1	522287	98.474743
56163	罩衫	1	522288	98.474932
56164	罪因	1	522289	98.475121
56165	罪案	1	522290	98.475310
56166	罪無可逭	1	522291	98.475499
56167	罪愆	1	522292	98.475688
56168	罪魁	1	522293	98.475877
56169	罪證	1	522294	98.476066
56170	罪證確鑿	1	522295	98.476255
56171	罪孽	1	522296	98.476444
56172	義大利人	1	522297	98.476633
56173	義大利人俱樂部	1	522298	98.476822
56174	義大利皮鞋	1	522299	98.477011
56175	義大利式	1	522300	98.477200
56176	義大利法西斯黨	1	522301	98.477389
56177	義大利領事館	1	522302	98.477578
56178	義大利餐	1	522303	98.477767
56179	義正辭婉	1	522304	98.477956
56180	義正嚴辭	1	522305	98.478145
56181	義民廟	1	522306	98.478334
56182	義勇兵	1	522307	98.478523
56183	義美	1	522308	98.478712
56184	義剪	1	522309	98.478901
56185	義無反顧	1	522310	98.479090
56186	義膽豪情	1	522311	98.479279
56187	義舉	1	522312	98.479468
56188	群系	1	522313	98.479657
56189	群居	1	522314	98.479846
56190	群星會	1	522315	98.480035
56191	群英	1	522316	98.480224
56192	群英爭妍	1	522317	98.480413
56193	群英圖	1	522318	98.480602
56194	群飛亂舞	1	522319	98.480791
56195	群峰	1	522320	98.480980
56196	群島	1	522321	98.481169
56197	群起	1	522322	98.481358
56198	群起攻之	1	522323	98.481547
56199	群馬縣	1	522324	98.481736
56200	群情激昂	1	522325	98.481925
56201	群翔	1	522326	98.482114
56202	群像	1	522327	98.482303
56203	群聚式	1	522328	98.482492
56204	群龍無首	1	522329	98.482681
56205	群體性	1	522330	98.482870
56206	聖一法師	1	522331	98.483059
56207	聖人瀑布	1	522332	98.483248
56208	聖大菲之門	1	522333	98.483437
56209	聖山	1	522334	98.483626
56210	聖手	1	522335	98.483815
56211	聖水	1	522336	98.484004
56212	聖火隊	1	522337	98.484193
56213	聖父母祠	1	522338	98.484382
56214	聖王	1	522339	98.484571
56215	聖主	1	522340	98.484760
56216	聖他馬爾塔山	1	522341	98.484949
56217	聖母領報教堂	1	522342	98.485138
56218	聖多明尼克	1	522343	98.485327
56219	聖多明哥	1	522344	98.485516
56220	聖安德魯斯大學	1	522345	98.485705
56221	聖佩勒格里諾	1	522346	98.485894
56222	聖彼得教堂	1	522347	98.486083
56223	聖彼德教堂	1	522348	98.486272
56224	聖物	1	522349	98.486461
56225	聖保羅	1	522350	98.486650
56226	聖品	1	522351	98.486839
56227	聖約翰河	1	522352	98.487028
56228	聖約翰堡	1	522353	98.487217
56229	聖哲	1	522354	98.487406
56230	聖徒	1	522355	98.487595
56231	聖烽演刻研究會	1	522356	98.487784
56232	聖傑若米	1	522357	98.487973
56233	聖勞倫斯教堂	1	522358	98.488162
56234	聖喬治禮拜堂	1	522359	98.488351
56235	聖雅各圓頂教堂	1	522360	98.488540
56236	聖雄	1	522361	98.488729
56237	聖雄法師	1	522362	98.488918
56238	聖解	1	522363	98.489107
56239	聖路易士	1	522364	98.489296
56240	聖歌	1	522365	98.489485
56241	聖瑪麗亞島	1	522366	98.489674
56242	聖瑪麗峰	1	522367	98.489863
56243	聖潘非鋸木廠	1	522368	98.490052
56244	聖誕卡	1	522369	98.490241
56245	聖誕音樂會	1	522370	98.490430
56246	聖誕園	1	522371	98.490619
56247	聖誕襪	1	522372	98.490808
56248	聖壇	1	522373	98.490997
56249	聖戰	1	522374	98.491186
56250	聖薩爾瓦多島	1	522375	98.491375
56251	聖蹟	1	522376	98.491564
56252	聖嚴法師	1	522377	98.491753
56253	聖嚴師父	1	522378	98.491942
56254	聘任權	1	522379	98.492131
56255	肆行	1	522380	98.492320
56256	肆忌	1	522381	98.492509
56257	肆無顧忌	1	522382	98.492698
56258	肆意	1	522383	98.492887
56259	肆意橫行	1	522384	98.493076
56260	肆應	1	522385	98.493265
56261	腰子	1	522386	98.493454
56262	腰身	1	522387	98.493643
56263	腰背部	1	522388	98.493832
56264	腰椎板	1	522389	98.494021
56265	腰椎間盤	1	522390	98.494210
56266	腰痛	1	522391	98.494399
56267	腰痠背痛	1	522392	98.494588
56268	腰間	1	522393	98.494777
56269	腰傷	1	522394	98.494966
56270	腰腿痛	1	522395	98.495155
56271	腰酸	1	522396	98.495344
56272	腰酸背痛	1	522397	98.495533
56273	腰靠	1	522398	98.495722
56274	腰靠駕駛座	1	522399	98.495911
56275	腸枯思竭	1	522400	98.496100
56276	腸胃學	1	522401	98.496289
56277	腸傷寒症	1	522402	98.496478
56278	腮腺炎	1	522403	98.496667
56279	腳丫	1	522404	98.496856
56280	腳目	1	522405	98.497045
56281	腳色	1	522406	98.497234
56282	腳步聲	1	522407	98.497423
56283	腳板	1	522408	98.497612
56284	腳勁	1	522409	98.497801
56285	腳架	1	522410	98.497990
56286	腳氣	1	522411	98.498179
56287	腳趾甲	1	522412	98.498368
56288	腳痛	1	522413	98.498557
56289	腳墊	1	522414	98.498746
56290	腳膝	1	522415	98.498935
56291	腳踏板	1	522416	98.499124
56292	腫物	1	522417	98.499313
56293	腫痛	1	522418	98.499502
56294	腫瘤細胞	1	522419	98.499691
56295	腫瘤醫院	1	522420	98.499880
56296	腹中	1	522421	98.500069
56297	腹水	1	522422	98.500258
56298	腹式呼吸	1	522423	98.500447
56299	腹式呼吸法	1	522424	98.500636
56300	腹肌	1	522425	98.500825
56301	腹足	1	522426	98.501014
56302	腹面	1	522427	98.501203
56303	腹紋白點河豚	1	522428	98.501392
56304	腹壁	1	522429	98.501581
56305	腺苷	1	522430	98.501770
56306	腺泡	1	522431	98.501959
56307	腦人	1	522432	98.502148
56308	腦力激盪	1	522433	98.502337
56309	腦下垂體	1	522434	98.502526
56310	腦中	1	522435	98.502715
56311	腦中毒	1	522436	98.502904
56312	腦中風	1	522437	98.503093
56313	腦中樞	1	522438	98.503282
56314	腦出血	1	522439	98.503471
56315	腦功能	1	522440	98.503660
56316	腦外傷	1	522441	98.503849
56317	腦血管栓塞	1	522442	98.504038
56318	腦性痲痺	1	522443	98.504227
56319	腦門	1	522444	98.504416
56320	腦挫傷	1	522445	98.504605
56321	腦病變	1	522446	98.504794
56322	腦神經衰弱	1	522447	98.504983
56323	腦神經細胞	1	522448	98.505172
56324	腦神精障礙	1	522449	98.505361
56325	腦缺氧	1	522450	98.505550
56326	腦脊髓	1	522451	98.505739
56327	腦動脈	1	522452	98.505928
56328	腦袋瓜	1	522453	98.506117
56329	腦部栓塞	1	522454	98.506306
56330	腦萎縮	1	522455	98.506495
56331	腦腫瘤	1	522456	98.506684
56332	腦際	1	522457	98.506873
56333	腦瘤	1	522458	98.507062
56334	腦膜	1	522459	98.507251
56335	腦鑄型化石	1	522460	98.507440
56336	舅父	1	522461	98.507629
56337	蒂芙尼鑽戒	1	522462	98.507818
56338	蒂羅爾	1	522463	98.508007
56339	蒂羅爾人	1	522464	98.508196
56340	葷菜	1	522465	98.508385
56341	落人口實	1	522466	98.508574
56342	落山風	1	522467	98.508763
56343	落月	1	522468	98.508952
56344	落水狗	1	522469	98.509141
56345	落地減速傘	1	522470	98.509330
56346	落地簽證	1	522471	98.509519
56347	落到	1	522472	98.509708
56348	落拓	1	522473	98.509897
56349	落花	1	522474	98.510086
56350	落花生	1	522475	98.510275
56351	落座	1	522476	98.510464
56352	落翅的海鷗	1	522477	98.510653
56353	落第	1	522478	98.510842
56354	落單	1	522479	98.511031
56355	落湯雞	1	522480	98.511220
56356	落腮鬍	1	522481	98.511409
56357	落葉歸根	1	522482	98.511598
56358	落塵量	1	522483	98.511787
56359	落槌	1	522484	98.511976
56360	落漠	1	522485	98.512165
56361	落潮	1	522486	98.512354
56362	落髮	1	522487	98.512543
56363	落燈	1	522488	98.512732
56364	落叢	1	522489	98.512921
56365	落難人	1	522490	98.513110
56366	葫東里	1	522491	98.513299
56367	葫蒜	1	522492	98.513488
56368	葫蘆絲	1	522493	98.513677
56369	葉子板	1	522494	98.513866
56370	葉子楣	1	522495	98.514055
56371	葉片彈簧	1	522496	98.514244
56372	葉王	1	522497	98.514433
56373	葉王交阯燒	1	522498	98.514622
56374	葉全真	1	522499	98.514811
56375	葉秀娟	1	522500	98.515000
56376	葉兒	1	522501	98.515189
56377	葉怡君	1	522502	98.515378
56378	葉面	1	522503	98.515567
56379	葉國一	1	522504	98.515756
56380	葉清海	1	522505	98.515945
56381	葉紹鈞	1	522506	98.516134
56382	葉富國	1	522507	98.516323
56383	葉菊蘭	1	522508	98.516512
56384	葉菜	1	522509	98.516701
56385	葉菜類	1	522510	98.516890
56386	葉軸	1	522511	98.517079
56387	葉萬安	1	522512	98.517268
56388	葉爾勤	1	522513	98.517457
56389	葉綠素	1	522514	98.517646
56390	葉蘊儀	1	522515	98.517835
56391	葉蘭	1	522516	98.518024
56392	葉顯純	1	522517	98.518213
56393	葬石	1	522518	98.518402
56394	葬身	1	522519	98.518591
56395	葬命	1	522520	98.518780
56396	葬俗	1	522521	98.518969
56397	葬品	1	522522	98.519158
56398	葛小寶	1	522523	98.519347
56399	葛尼托	1	522524	98.519536
56400	葛州壩	1	522525	98.519725
56401	葛香亭	1	522526	98.519914
56402	葛荷心	1	522527	98.520103
56403	葛萊	1	522528	98.520292
56404	葛瑞戈利‧謝勒科夫	1	522529	98.520481
56405	葛義才	1	522530	98.520670
56406	葛福鴻	1	522531	98.520859
56407	葛蕾絲	1	522532	98.521048
56408	葛羅‧帕盧	1	522533	98.521237
56409	葛羅莉亞‧史坦	1	522534	98.521426
56410	葛麗絲凱麗	1	522535	98.521615
56411	葡萄牙人	1	522536	98.521804
56412	葡萄牙文	1	522537	98.521993
56413	葡萄芽	1	522538	98.522182
56414	葡萄柚果膠	1	522539	98.522371
56415	葡萄酒色斑	1	522540	98.522560
56416	葡萄球菌	1	522541	98.522749
56417	葡萄園	1	522542	98.522938
56418	葡萄糖酸亞鐵	1	522543	98.523127
56419	董夫人	1	522544	98.523316
56420	董永	1	522545	98.523505
56421	董事局	1	522546	98.523694
56422	董事長制	1	522547	98.523883
56423	董事長室	1	522548	98.524072
56424	董事長會	1	522549	98.524261
56425	董浩雲	1	522550	98.524450
56426	葭莩之親	1	522551	98.524639
56427	葆貞觀	1	522552	98.524828
56428	虞策	1	522553	98.525017
56429	虜獲	1	522554	98.525206
56430	號子	1	522555	98.525395
56431	號叫	1	522556	98.525584
56432	號次	1	522557	98.525773
56433	蛹體	1	522558	98.525962
56434	蜀南	1	522559	98.526151
56435	蜀姬	1	522560	98.526340
56436	蜀國	1	522561	98.526529
56437	蜀檮杌	1	522562	98.526718
56438	蛾蠟蟬	1	522563	98.526907
56439	蜂巢狀	1	522564	98.527096
56440	蜂巢區	1	522565	98.527285
56441	蜂場	1	522566	98.527474
56442	蜂湧而入	1	522567	98.527663
56443	蜂湧而至	1	522568	98.527852
56444	蜂窩織炎	1	522569	98.528041
56445	衙署	1	522570	98.528230
56446	衙衛	1	522571	98.528419
56447	裙裝	1	522572	98.528608
56448	補丁	1	522573	98.528797
56449	補子	1	522574	98.528986
56450	補本	1	522575	98.529175
56451	補交	1	522576	98.529364
56452	補光	1	522577	98.529553
56453	補血	1	522578	98.529742
56454	補行	1	522579	98.529931
56455	補位	1	522580	98.530120
56456	補助金	1	522581	98.530309
56457	補助款	1	522582	98.530498
56458	補助費	1	522583	98.530687
56459	補妝	1	522584	98.530876
56460	補氣	1	522585	98.531065
56461	補氧整脊健康機	1	522586	98.531254
56462	補假	1	522587	98.531443
56463	補習街	1	522588	98.531632
56464	補稅運動	1	522589	98.531821
56465	補給站	1	522590	98.532010
56466	補腎	1	522591	98.532199
56467	補腦丸	1	522592	98.532388
56468	補課	1	522593	98.532577
56469	補獲	1	522594	98.532766
56470	補闕	1	522595	98.532955
56471	補藥	1	522596	98.533144
56472	裘伊貝魯姆	1	522597	98.533333
56473	裝入	1	522598	98.533522
56474	裝甲車	1	522599	98.533711
56475	裝作	1	522600	98.533900
56476	裝束	1	522601	98.534089
56477	裝配區	1	522602	98.534278
56478	裝配廠	1	522603	98.534467
56479	裝瓶	1	522604	98.534656
56480	裝瓶線	1	522605	98.534845
56481	裝設者	1	522606	98.535034
56482	裝貨	1	522607	98.535223
56483	裝腔作勢	1	522608	98.535412
56484	裝填	1	522609	98.535601
56485	裝飾花	1	522610	98.535790
56486	裝飾畫	1	522611	98.535979
56487	裝璜	1	522612	98.536168
56488	裝殮	1	522613	98.536357
56489	裡外如一	1	522614	98.536546
56490	裡海	1	522615	98.536735
56491	裡裡外外	1	522616	98.536924
56492	裡邊	1	522617	98.537113
56493	裕民國小	1	522618	98.537302
56494	裕廊	1	522619	98.537491
56495	裕隆汽車	1	522620	98.537680
56496	裕隆汽車工程中心	1	522621	98.537869
56497	裕隆汽車集團	1	522622	98.538058
56498	裕豐	1	522623	98.538247
56499	裕響公司	1	522624	98.538436
56500	解三醒	1	522625	98.538625
56501	解危	1	522626	98.538814
56502	解衣	1	522627	98.539003
56503	解困	1	522628	98.539192
56504	解放軍報	1	522629	98.539381
56505	解急	1	522630	98.539570
56506	解毒劑	1	522631	98.539759
56507	解組	1	522632	98.539948
56508	解部圖	1	522633	98.540137
56509	解圍	1	522634	98.540326
56510	解窘	1	522635	98.540515
56511	解說員	1	522636	98.540704
56512	解憂	1	522637	98.540893
56513	解調器	1	522638	98.541082
56514	解藥	1	522639	98.541271
56515	解癮	1	522640	98.541460
56516	該去	1	522641	98.541649
56517	詳列	1	522642	98.541838
56518	詳和	1	522643	98.542027
56519	詳述	1	522644	98.542216
56520	詳論	1	522645	98.542405
56521	詳讀	1	522646	98.542594
56522	試片	1	522647	98.542783
56523	試用期	1	522648	98.542972
56524	試投	1	522649	98.543161
56525	試車場	1	522650	98.543350
56526	試放	1	522651	98.543539
56527	試映會	1	522652	98.543728
56528	試乘會	1	522653	98.543917
56529	試做	1	522654	98.544106
56530	試程	1	522655	98.544295
56531	試飲	1	522656	98.544484
56532	試煉者	1	522657	98.544673
56533	試演會	1	522658	98.544862
56534	試種	1	522659	98.545051
56535	試算表	1	522660	98.545240
56536	試播	1	522661	98.545429
56537	試論	1	522662	98.545618
56538	試賣會	1	522663	98.545807
56539	試劑	1	522664	98.545996
56540	試戴	1	522665	98.546185
56541	試擬	1	522666	98.546374
56542	試膽	1	522667	98.546563
56543	試邀	1	522668	98.546752
56544	試鍊	1	522669	98.546941
56545	試驗性	1	522670	98.547130
56546	試驗場	1	522671	98.547319
56547	詩中	1	522672	98.547508
56548	詩中有畫	1	522673	98.547697
56549	詩卷	1	522674	98.547886
56550	詩社	1	522675	98.548075
56551	詩界	1	522676	98.548264
56552	詩章	1	522677	98.548453
56553	詩評家	1	522678	98.548642
56554	詩集	1	522679	98.548831
56555	詩會	1	522680	98.549020
56556	詩對	1	522681	98.549209
56557	詩筵	1	522682	98.549398
56558	詩語	1	522683	98.549587
56559	詩論	1	522684	98.549776
56560	詩體	1	522685	98.549965
56561	誇下海口	1	522686	98.550154
56562	誇大其詞	1	522687	98.550343
56563	誇飾	1	522688	98.550532
56564	誠品	1	522689	98.550721
56565	誠洲	1	522690	98.550910
56566	誠美國際證券	1	522691	98.551099
56567	誠齋樂府	1	522692	98.551288
56568	誠屬	1	522693	98.551477
56569	話不投機	1	522694	98.551666
56570	話本	1	522695	98.551855
56571	話家常	1	522696	98.552044
56572	話筒	1	522697	98.552233
56573	話緣錄	1	522698	98.552422
56574	話機	1	522699	98.552611
56575	話題性	1	522700	98.552800
56576	詭祕	1	522701	98.552989
56577	詭秘	1	522702	98.553178
56578	詭辯	1	522703	98.553367
56579	詢明	1	522704	98.553556
56580	詢問處	1	522705	98.553745
56581	詢價	1	522706	98.553934
56582	詮譯	1	522707	98.554123
56583	詹宏志	1	522708	98.554312
56584	詹事府	1	522709	98.554501
56585	詹姆斯‧賈克奈	1	522710	98.554690
56586	詹姆斯‧薛爾達	1	522711	98.554879
56587	詹姆斯史都華	1	522712	98.555068
56588	詹姆斯艾佛利	1	522713	98.555257
56589	詹姆斯錢尼	1	522714	98.555446
56590	詹姆斯龐德	1	522715	98.555635
56591	詹姆斯槙	1	522716	98.555824
56592	詹益政	1	522717	98.556013
56593	詹納	1	522718	98.556202
56594	詹森	1	522719	98.556391
56595	詹雅雯	1	522720	98.556580
56596	詹澈	1	522721	98.556769
56597	詹憲卿	1	522722	98.556958
56598	詹鏐淼	1	522723	98.557147
56599	賊探世家	1	522724	98.557336
56600	資本主	1	522725	98.557525
56601	資本主義社會	1	522726	98.557714
56602	資本技術密集型	1	522727	98.557903
56603	資本財	1	522728	98.558092
56604	資助人	1	522729	98.558281
56605	資治通鑑	1	522730	98.558470
56606	資金調度部	1	522731	98.558659
56607	資金調度部門	1	522732	98.558848
56608	資料表	1	522733	98.559037
56609	資訊工程系	1	522734	98.559226
56610	資訊中心	1	522735	98.559415
56611	資訊化	1	522736	98.559604
56612	資訊電子業	1	522737	98.559793
56613	資訊網路	1	522738	98.559982
56614	資訊說明會	1	522739	98.560171
56615	資訊學院	1	522740	98.560360
56616	資財	1	522741	98.560549
56617	資產股	1	522742	98.560738
56618	資產負債表	1	522743	98.560927
56619	資產階級	1	522744	98.561116
56620	資源回收車	1	522745	98.561305
56621	資源回收廠	1	522746	98.561494
56622	資源回收櫃	1	522747	98.561683
56623	資賦	1	522748	98.561872
56624	資賦優異	1	522749	98.562061
56625	賈先德	1	522750	98.562250
56626	賈克大地	1	522751	98.562439
56627	賈克布夏凡	1	522752	98.562628
56628	賈克杜瓦	1	522753	98.562817
56629	賈克貝內	1	522754	98.563006
56630	賈利古柏	1	522755	98.563195
56631	賈雨村	1	522756	98.563384
56632	賈景德	1	522757	98.563573
56633	賃居	1	522758	98.563762
56634	跟腱	1	522759	98.563951
56635	跟團式	1	522760	98.564140
56636	跟監	1	522761	98.564329
56637	跟隨者	1	522762	98.564518
56638	跟頭	1	522763	98.564707
56639	跨刀	1	522764	98.564896
56640	跨及	1	522765	98.565085
56641	跨年	1	522766	98.565274
56642	跨坐	1	522767	98.565463
56643	跨河	1	522768	98.565652
56644	跨頁	1	522769	98.565841
56645	跨時空	1	522770	98.566030
56646	跨國界	1	522771	98.566219
56647	跨部會	1	522772	98.566408
56648	跨進	1	522773	98.566597
56649	跨欄	1	522774	98.566786
56650	路中	1	522775	98.566975
56651	路易	1	522776	98.567164
56652	路易斯布紐爾	1	522777	98.567353
56653	路易斯維爾	1	522778	98.567542
56654	路客與刀客	1	522779	98.567731
56655	路軌	1	522780	98.567920
56656	路迢迢	1	522781	98.568109
56657	路崖	1	522782	98.568298
56658	路堤	1	522783	98.568487
56659	路牌	1	522784	98.568676
56660	路跑賽	1	522785	98.568865
56661	路滑	1	522786	98.569054
56662	路樹保護協會	1	522787	98.569243
56663	路蘆莎	1	522788	98.569432
56664	跳出	1	522789	98.569621
56665	跳豆	1	522790	98.569810
56666	跳河	1	522791	98.569999
56667	跳神	1	522792	98.570188
56668	跳馬	1	522793	98.570377
56669	跳接	1	522794	98.570566
56670	跳梁小丑	1	522795	98.570755
56671	跳羚	1	522796	98.570944
56672	跳傘員	1	522797	98.571133
56673	跳越	1	522798	98.571322
56674	跳進	1	522799	98.571511
56675	跳腳	1	522800	98.571700
56676	跳鼓隊	1	522801	98.571889
56677	跳樓者	1	522802	98.572078
56678	跳機	1	522803	98.572267
56679	跳離	1	522804	98.572456
56680	跳鏡	1	522805	98.572645
56681	跳躍式	1	522806	98.572834
56682	跺腳	1	522807	98.573023
56683	跺跺腳	1	522808	98.573212
56684	跪伏	1	522809	98.573401
56685	跪拜禮	1	522810	98.573590
56686	跪倒	1	522811	98.573779
56687	躲入	1	522812	98.573968
56688	躲在	1	522813	98.574157
56689	躲到	1	522814	98.574346
56690	躲雨	1	522815	98.574535
56691	躲迷藏	1	522816	98.574724
56692	躲掉	1	522817	98.574913
56693	躲進	1	522818	98.575102
56694	躲躲貓	1	522819	98.575291
56695	躲躲藏藏	1	522820	98.575480
56696	躲貓貓	1	522821	98.575669
56697	載人	1	522822	98.575858
56698	載入	1	522823	98.576047
56699	載具	1	522824	98.576236
56700	載明	1	522825	98.576425
56701	載物	1	522826	98.576614
56702	載玻片	1	522827	98.576803
56703	載送	1	522828	98.576992
56704	載酒	1	522829	98.577181
56705	載船	1	522830	98.577370
56706	載貨	1	522831	98.577559
56707	載貨量	1	522832	98.577748
56708	載熙國小	1	522833	98.577937
56709	載體生物學家	1	522834	98.578126
56710	辟走	1	522835	98.578315
56711	辟邪	1	522836	98.578504
56712	農工	1	522837	98.578693
56713	農日	1	522838	98.578882
56714	農民年金制度	1	522839	98.579071
56715	農民節	1	522840	98.579260
56716	農技	1	522841	98.579449
56717	農改場	1	522842	98.579638
56718	農村社會學	1	522843	98.579827
56719	農具	1	522844	98.580016
56720	農林水產省	1	522845	98.580205
56721	農林部	1	522846	98.580394
56722	農林課	1	522847	98.580583
56723	農家女	1	522848	98.580772
56724	農時	1	522849	98.580961
56725	農耕地	1	522850	98.581150
56726	農耕隊	1	522851	98.581339
56727	農教	1	522852	98.581528
56728	農園	1	522853	98.581717
56729	農暇	1	522854	98.581906
56730	農業病	1	522855	98.582095
56731	農業部	1	522856	98.582284
56732	農業部長	1	522857	98.582473
56733	農業發展條例	1	522858	98.582662
56734	農業稅	1	522859	98.582851
56735	農業學	1	522860	98.583040
56736	農試所	1	522861	98.583229
56737	農運	1	522862	98.583418
56738	農機	1	522863	98.583607
56739	農穫量	1	522864	98.583796
56740	農藝學	1	522865	98.583985
56741	農廳	1	522866	98.584174
56742	運出	1	522867	98.584363
56743	運功	1	522868	98.584552
56744	運抵	1	522869	98.584741
56745	運勁	1	522870	98.584930
56746	運動用品	1	522871	98.585119
56747	運動衣	1	522872	98.585308
56748	運動車	1	522873	98.585497
56749	運動性色彩	1	522874	98.585686
56750	運動服裝	1	522875	98.585875
56751	運動家	1	522876	98.586064
56752	運動畫刊	1	522877	98.586253
56753	運動器材店	1	522878	98.586442
56754	運球	1	522879	98.586631
56755	運通卡	1	522880	98.586820
56756	運鈔車	1	522881	98.587009
56757	運煤	1	522882	98.587198
56758	運載	1	522883	98.587387
56759	運算力	1	522884	98.587576
56760	運輪	1	522885	98.587765
56761	運輸大臣	1	522886	98.587954
56762	運輸系統	1	522887	98.588143
56763	運輸車	1	522888	98.588332
56764	運輸業	1	522889	98.588521
56765	運輸類股	1	522890	98.588710
56766	運營	1	522891	98.588899
56767	運鏡	1	522892	98.589088
56768	遊子吟	1	522893	98.589277
56769	遊山	1	522894	98.589466
56770	遊地	1	522895	98.589655
56771	遊哉	1	522896	98.589844
56772	遊宴	1	522897	98.590033
56773	遊移	1	522898	98.590222
56774	遊童	1	522899	98.590411
56775	遊街	1	522900	98.590600
56776	遊園	1	522901	98.590789
56777	遊煙	1	522902	98.590978
56778	遊說公關公司	1	522903	98.591167
56779	遊說管理法	1	522904	98.591356
56780	遊樂宮	1	522905	98.591545
56781	遊輪	1	522906	98.591734
56782	遊戲化教學	1	522907	98.591923
56783	遊戲架	1	522908	98.592112
56784	遊戲器	1	522909	98.592301
56785	遊點	1	522910	98.592490
56786	遊藝場	1	522911	98.592679
56787	道安委員會	1	522912	98.592868
56788	道志	1	522913	98.593057
56789	道來	1	522914	98.593246
56790	道奇隊	1	522915	98.593435
56791	道咸宦海見聞錄	1	522916	98.593624
56792	道格‧斯普里格	1	522917	98.593813
56793	道教	1	522918	98.594002
56794	道統	1	522919	98.594191
56795	道喜	1	522920	98.594380
56796	道路版	1	522921	98.594569
56797	道路版汽車	1	522922	98.594758
56798	道路網	1	522923	98.594947
56799	道道地地	1	522924	98.595136
56800	道盡	1	522925	98.595325
56801	道貌岸然	1	522926	98.595514
56802	道德重整協會	1	522927	98.595703
56803	道德規範	1	522928	98.595892
56804	道論與地論	1	522929	98.596081
56805	道觀	1	522930	98.596270
56806	遂有	1	522931	98.596459
56807	達文西	1	522932	98.596648
56808	達旦	1	522933	98.596837
56809	達伽瑪	1	522934	98.597026
56810	達利	1	522935	98.597215
56811	達希	1	522936	98.597404
56812	達官貴人	1	522937	98.597593
56813	達官顯要	1	522938	98.597782
56814	達官顯貴	1	522939	98.597971
56815	達拉斯	1	522940	98.598160
56816	達拉斯市	1	522941	98.598349
56817	達拉斯光能靜心中心	1	522942	98.598538
56818	達陣	1	522943	98.598727
56819	達莫頓島	1	522944	98.598916
56820	達達尼爾海峽	1	522945	98.599105
56821	達德商工	1	522946	98.599294
56822	達摩	1	522947	98.599483
56823	達磨王	1	522948	98.599672
56824	達觀山	1	522949	98.599861
56825	達斌宏	1	522950	98.600050
56826	達坂城	1	522951	98.600239
56827	逼人	1	522952	98.600428
56828	逼使	1	522953	98.600617
56829	逼和	1	522954	98.600806
56830	逼害	1	522955	98.600995
56831	逼退	1	522956	98.601184
56832	逼視	1	522957	98.601373
56833	違心之論	1	522958	98.601562
56834	違犯	1	522959	98.601751
56835	違法亂紀	1	522960	98.601940
56836	違約交割案	1	522961	98.602129
56837	違約案	1	522962	98.602318
56838	違禁品	1	522963	98.602507
56839	遇劫	1	522964	98.602696
56840	遇難	1	522965	98.602885
56841	遏抑	1	522966	98.603074
56842	遏制	1	522967	98.603263
56843	過大	1	522968	98.603452
56844	過化存神	1	522969	98.603641
56845	過去式	1	522970	98.603830
56846	過江	1	522971	98.604019
56847	過兩天	1	522972	98.604208
56848	過門	1	522973	98.604397
56849	過客	1	522974	98.604586
56850	過氧化氫	1	522975	98.604775
56851	過海	1	522976	98.604964
56852	過動兒	1	522977	98.605153
56853	過動症	1	522978	98.605342
56854	過敏反應	1	522979	98.605531
56855	過敏性皮炎	1	522980	98.605720
56856	過訪	1	522981	98.605909
56857	過渡性	1	522982	98.606098
56858	過短	1	522983	98.606287
56859	過街	1	522984	98.606476
56860	過街老鼠	1	522985	98.606665
56861	過路	1	522986	98.606854
56862	過路財神	1	522987	98.607043
56863	過漁	1	522988	98.607232
56864	過輕	1	522989	98.607421
56865	過膝	1	522990	98.607610
56866	過橋米線	1	522991	98.607799
56867	遍行	1	522992	98.607988
56868	遍植	1	522993	98.608177
56869	遍嘗	1	522994	98.608366
56870	遍覽	1	522995	98.608555
56871	遍體	1	522996	98.608744
56872	遍體鱗傷	1	522997	98.608933
56873	遁形	1	522998	98.609122
56874	遁逃	1	522999	98.609311
56875	鄒家華	1	523000	98.609500
56876	鄒魯	1	523001	98.609689
56877	酬神	1	523002	98.609878
56878	酬傭	1	523003	98.610067
56879	酬謝	1	523004	98.610256
56880	酩酊	1	523005	98.610445
56881	釉色	1	523006	98.610634
56882	釉料	1	523007	98.610823
56883	釉藥	1	523008	98.611012
56884	鉗制	1	523009	98.611201
56885	鉛中毒	1	523010	98.611390
56886	鉛字	1	523011	98.611579
56887	鉛字排版	1	523012	98.611768
56888	鉛色水鶇	1	523013	98.611957
56889	鉛框	1	523014	98.612146
56890	鉤子	1	523015	98.612335
56891	鉤心鬥角	1	523016	98.612524
56892	鉤射	1	523017	98.612713
56893	鉤起	1	523018	98.612902
56894	鉤蟲	1	523019	98.613091
56895	鈴木平光	1	523020	98.613280
56896	鈴木傳明	1	523021	98.613469
56897	鈴鼓	1	523022	98.613658
56898	鈴鼓手	1	523023	98.613847
56899	鈴鴨	1	523024	98.614036
56900	鈴響	1	523025	98.614225
56901	鉍片	1	523026	98.614414
56902	鉍療法	1	523027	98.614603
56903	鉅烈	1	523028	98.614792
56904	鉅款	1	523029	98.614981
56905	鉅著	1	523030	98.615170
56906	鉅債	1	523031	98.615359
56907	鉅構	1	523032	98.615548
56908	鉅製	1	523033	98.615737
56909	鉅變	1	523034	98.615926
56910	閘門	1	523035	98.616115
56911	隔代	1	523036	98.616304
56912	隔局	1	523037	98.616493
56913	隔岸	1	523038	98.616682
56914	隔室	1	523039	98.616871
56915	隔絲	1	523040	98.617060
56916	隔街	1	523041	98.617249
56917	隔週	1	523042	98.617438
56918	隔靴騷癢	1	523043	98.617627
56919	隔膜	1	523044	98.617816
56920	隔鞋騷癢	1	523045	98.618005
56921	隔牆有耳	1	523046	98.618194
56922	隔離式空氣濾清器	1	523047	98.618383
56923	隔離治療	1	523048	98.618572
56924	隔離綠帶	1	523049	98.618761
56925	隕落	1	523050	98.618950
56926	雍正朝東華錄	1	523051	98.619139
56927	雍和宮	1	523052	98.619328
56928	雋爽	1	523053	98.619517
56929	雉雞	1	523054	98.619706
56930	雷大同	1	523055	98.619895
56931	雷公公	1	523056	98.620084
56932	雷里耶夫	1	523057	98.620273
56933	雷雨交加	1	523058	98.620462
56934	雷音市	1	523059	98.620651
56935	雷哲	1	523060	98.620840
56936	雷家橋	1	523061	98.621029
56937	雷射刀	1	523062	98.621218
56938	雷射光	1	523063	98.621407
56939	雷射唱盤	1	523064	98.621596
56940	雷射影碟	1	523065	98.621785
56941	雷恩歐尼爾	1	523066	98.621974
56942	雷格‧斯普里格	1	523067	98.622163
56943	雷神	1	523068	98.622352
56944	雷納里德	1	523069	98.622541
56945	雷馬布斯	1	523070	98.622730
56946	雷高	1	523071	98.622919
56947	雷達站	1	523072	98.623108
56948	雷電	1	523073	98.623297
56949	雷瑪斯	1	523074	98.623486
56950	雷劈	1	523075	98.623675
56951	雷霆	1	523076	98.623864
56952	雷霆穿梭人	1	523077	98.624053
56953	雷諾	1	523078	98.624242
56954	雷諾車廠	1	523079	98.624431
56955	雷諾爾	1	523080	98.624620
56956	雷聲	1	523081	98.624809
56957	電力工程	1	523082	98.624998
56958	電力公司	1	523083	98.625187
56959	電力網	1	523084	98.625376
56960	電力轉換網	1	523085	98.625565
56961	電子工業研究所	1	523086	98.625754
56962	電子公司	1	523087	98.625943
56963	電子卡	1	523088	98.626132
56964	電子可變扭力分配差速系統	1	523089	98.626321
56965	電子四迴路	1	523090	98.626510
56966	電子四迴路四感應器	1	523091	98.626699
56967	電子四感應器三迴路	1	523092	98.626888
56968	電子多噴射供油系統	1	523093	98.627077
56969	電子多點噴射系統	1	523094	98.627266
56970	電子多點噴射供油系統	1	523095	98.627455
56971	電子字典	1	523096	98.627644
56972	電子年曆	1	523097	98.627833
56973	電子伺服轉向系統	1	523098	98.628022
56974	電子系統	1	523099	98.628211
56975	電子所	1	523100	98.628400
56976	電子油壓控制	1	523101	98.628589
56977	電子控制全時系統	1	523102	98.628778
56978	電子控制油壓多板離合器	1	523103	98.628967
56979	電子控制裝置	1	523104	98.629156
56980	電子控制雙行車模式	1	523105	98.629345
56981	電子控動力方向盤	1	523106	98.629534
56982	電子遊戲機中心	1	523107	98.629723
56983	電子電腦通信	1	523108	98.629912
56984	電子噴油式引擎	1	523109	98.630101
56985	電子衛星導航系統	1	523110	98.630290
56986	電子類股	1	523111	98.630479
56987	電化	1	523112	98.630668
56988	電召	1	523113	98.630857
56989	電台	1	523114	98.631046
56990	電母	1	523115	98.631235
56991	電光火石	1	523116	98.631424
56992	電刑	1	523117	98.631613
56993	電昌體	1	523118	98.631802
56994	電玩室	1	523119	98.631991
56995	電門	1	523120	98.632180
56996	電信法	1	523121	98.632369
56997	電信業	1	523122	98.632558
56998	電信電話公司	1	523123	98.632747
56999	電風扇	1	523124	98.632936
57000	電宰	1	523125	98.633125
57001	電宰廠	1	523126	98.633314
57002	電容	1	523127	98.633503
57003	電氣工學	1	523128	98.633692
57004	電氣用品	1	523129	98.633881
57005	電訊稿	1	523130	98.634070
57006	電動化	1	523131	98.634259
57007	電動手扶梯	1	523132	98.634448
57008	電動打氣機	1	523133	98.634637
57009	電動收藏式	1	523134	98.634826
57010	電動動力裝置	1	523135	98.635015
57011	電動椅	1	523136	98.635204
57012	電動彈珠臺	1	523137	98.635393
57013	電動箱	1	523138	98.635582
57014	電動機	1	523139	98.635771
57015	電動鎖	1	523140	98.635960
57016	電荷耦合裝置	1	523141	98.636149
57017	電荷耦合線性陣列感應器	1	523142	98.636338
57018	電通社	1	523143	98.636527
57019	電報報務員	1	523144	98.636716
57020	電報總局	1	523145	98.636905
57021	電掣	1	523146	98.637094
57022	電棒	1	523147	98.637283
57023	電視大學	1	523148	98.637472
57024	電視史	1	523149	98.637661
57025	電視連續劇	1	523150	98.637850
57026	電視遊樂器	1	523151	98.638039
57027	電視監視網	1	523152	98.638228
57028	電視製作實務	1	523153	98.638417
57029	電視遙控器	1	523154	98.638606
57030	電視廣告獎	1	523155	98.638795
57031	電視牆	1	523156	98.638984
57032	電賀	1	523157	98.639173
57033	電傳視訊	1	523158	98.639362
57034	電匯	1	523159	98.639551
57035	電源供應器	1	523160	98.639740
57036	電源線	1	523161	98.639929
57037	電腦公會	1	523162	98.640118
57038	電腦恆溫空調	1	523163	98.640307
57039	電腦界	1	523164	98.640496
57040	電腦計時系統	1	523165	98.640685
57041	電腦桌	1	523166	98.640874
57042	電腦班	1	523167	98.641063
57043	電腦動畫	1	523168	98.641252
57044	電腦控制系統	1	523169	98.641441
57045	電腦教學觀摩	1	523170	98.641630
57046	電腦晶片	1	523171	98.641819
57047	電腦感知器	1	523172	98.642008
57048	電腦電話機	1	523173	98.642197
57049	電腦語音處系統	1	523174	98.642386
57050	電腦輔助教學軟體	1	523175	98.642575
57051	電腦輔助設計	1	523176	98.642764
57052	電腦數據庫	1	523177	98.642953
57053	電腦學習機	1	523178	98.643142
57054	電腦學術網路	1	523179	98.643331
57055	電腦斷層攝影	1	523180	98.643520
57056	電腦辭典	1	523181	98.643709
57057	電裝	1	523182	98.643898
57058	電解質	1	523183	98.644087
57059	電話信用卡	1	523184	98.644276
57060	電話筒	1	523185	98.644465
57061	電話答錄機	1	523186	98.644654
57062	電話應答系統	1	523187	98.644843
57063	電路板	1	523188	98.645032
57064	電銅電爐	1	523189	98.645221
57065	電價	1	523190	98.645410
57066	電影人	1	523191	98.645599
57067	電影工作者	1	523192	98.645788
57068	電影工作室	1	523193	98.645977
57069	電影工業園區	1	523194	98.646166
57070	電影局	1	523195	98.646355
57071	電影放映機	1	523196	98.646544
57072	電影法	1	523197	98.646733
57073	電影社	1	523198	98.646922
57074	電影迷	1	523199	98.647111
57075	電影票	1	523200	98.647300
57076	電影博物館	1	523201	98.647489
57077	電影資料館	1	523202	98.647678
57078	電影學院	1	523203	98.647867
57079	電影學院獎	1	523204	98.648056
57080	電熨斗	1	523205	98.648245
57081	電線杆	1	523206	98.648434
57082	電震鈕	1	523207	98.648623
57083	電器工程人員	1	523208	98.648812
57084	電器城	1	523209	98.649001
57085	電器產品店	1	523210	98.649190
57086	電機工程	1	523211	98.649379
57087	電燈光	1	523212	98.649568
57088	電燈桿	1	523213	98.649757
57089	電檢制度	1	523214	98.649946
57090	電療者	1	523215	98.650135
57091	電鍍液	1	523216	98.650324
57092	電鍍槽	1	523217	98.650513
57093	電離子活水器	1	523218	98.650702
57094	電纜車	1	523219	98.650891
57095	電鯰魚	1	523220	98.651080
57096	零分	1	523221	98.651269
57097	零付款	1	523222	98.651458
57098	零包裝	1	523223	98.651647
57099	零用金	1	523224	98.651836
57100	零件廠	1	523225	98.652025
57101	零合競爭	1	523226	98.652214
57102	零存整付	1	523227	98.652403
57103	零成長	1	523228	98.652592
57104	零災害	1	523229	98.652781
57105	零事故	1	523230	98.652970
57106	零和競爭	1	523231	98.653159
57107	零保障	1	523232	98.653348
57108	零度	1	523233	98.653537
57109	零缺點	1	523234	98.653726
57110	零售店	1	523235	98.653915
57111	零售價	1	523236	98.654104
57112	零組件工業	1	523237	98.654293
57113	零意外	1	523238	98.654482
57114	零零散散	1	523239	98.654671
57115	零零落落	1	523240	98.654860
57116	零頭片	1	523241	98.655049
57117	零點	1	523242	98.655238
57118	靖海侯	1	523243	98.655427
57119	靖康	1	523244	98.655616
57120	靖難之變	1	523245	98.655805
57121	靴子	1	523246	98.655994
57122	靶子	1	523247	98.656183
57123	預卜	1	523248	98.656372
57124	預兆	1	523249	98.656561
57125	預行	1	523250	98.656750
57126	預防注射	1	523251	98.656939
57127	預防法	1	523252	98.657128
57128	預防重於治療	1	523253	98.657317
57129	預定站	1	523254	98.657506
57130	預科	1	523255	98.657695
57131	預科生	1	523256	98.657884
57132	預約掛號	1	523257	98.658073
57133	預售案	1	523258	98.658262
57134	預售票	1	523259	98.658451
57135	預習	1	523260	98.658640
57136	預報員	1	523261	98.658829
57137	預費	1	523262	98.659018
57138	預感	1	523263	98.659207
57139	預算法草案	1	523264	98.659396
57140	預繳	1	523265	98.659585
57141	預警系統	1	523266	98.659774
57142	頑皮豹	1	523267	98.659963
57143	頑皮鬼	1	523268	98.660152
57144	頑固性	1	523269	98.660341
57145	頓失	1	523270	98.660530
57146	頓重	1	523271	98.660719
57147	頓挫感	1	523272	98.660908
57148	頓號	1	523273	98.661097
57149	頒行	1	523274	98.661286
57150	頒獎日	1	523275	98.661475
57151	頌揚	1	523276	98.661664
57152	頌歌	1	523277	98.661853
57153	飽私囊	1	523278	98.662042
57154	飽足	1	523279	98.662231
57155	飽嘗	1	523280	98.662420
57156	飽學	1	523281	98.662609
57157	飽餐一頓	1	523282	98.662798
57158	飽嚐	1	523283	98.662987
57159	飽覽無遺	1	523284	98.663176
57160	飾身	1	523285	98.663365
57161	馳名	1	523286	98.663554
57162	馱運	1	523287	98.663743
57163	馴服	1	523288	98.663932
57164	馴獸	1	523289	98.664121
57165	鼎沸	1	523290	98.664310
57166	鼎新	1	523291	98.664499
57167	鼎鼎大名	1	523292	98.664688
57168	鼓式	1	523293	98.664877
57169	鼓面	1	523294	98.665066
57170	鼓風	1	523295	98.665255
57171	鼓起	1	523296	98.665444
57172	鼓條	1	523297	98.665633
57173	鼓椅	1	523298	98.665822
57174	鼓號	1	523299	98.666011
57175	鼓樓	1	523300	98.666200
57176	鼓樂隊	1	523301	98.666389
57177	鼓膜	1	523302	98.666578
57178	鼓噪	1	523303	98.666767
57179	鼓譟	1	523304	98.666956
57180	鼓響	1	523305	98.667145
57181	鼠李糖	1	523306	98.667334
57182	鼠姑	1	523307	98.667523
57183	鼠麴草	1	523308	98.667712
57184	鼠麴舅	1	523309	98.667901
57185	僧史	1	523310	98.668090
57186	僧衣	1	523311	98.668279
57187	僧房	1	523312	98.668468
57188	僧道服	1	523313	98.668657
57189	僧團	1	523314	98.668846
57190	僭伏	1	523315	98.669035
57191	僭號	1	523316	98.669224
57192	僚屬	1	523317	98.669413
57193	像話	1	523318	98.669602
57194	像樣	1	523319	98.669791
57195	僑居	1	523320	98.669980
57196	僑務	1	523321	98.670169
57197	僑商	1	523322	98.670358
57198	僑情	1	523323	98.670547
57199	僑教	1	523324	98.670736
57200	僑眷	1	523325	98.670925
57201	僑報	1	523326	98.671114
57202	劃去	1	523327	98.671303
57203	劃定區	1	523328	98.671492
57204	劃法	1	523329	98.671681
57205	劃破	1	523330	98.671870
57206	劃線	1	523331	98.672059
57207	厭油	1	523332	98.672248
57208	厭食	1	523333	98.672437
57209	厭食症	1	523334	98.672626
57210	厭氧菌	1	523335	98.672815
57211	厭氧菌孢子	1	523336	98.673004
57212	厭棄	1	523337	98.673193
57213	厭憎	1	523338	98.673382
57214	厭膩	1	523339	98.673571
57215	嘀咕	1	523340	98.673760
57216	嘗到	1	523341	98.673949
57217	嘔心吐血	1	523342	98.674138
57218	嘔心泣血	1	523343	98.674327
57219	嘔吐物	1	523344	98.674516
57220	嘔血	1	523345	98.674705
57221	嘔狀	1	523346	98.674894
57222	嘉禾	1	523347	98.675083
57223	嘉年會	1	523348	98.675272
57224	嘉南	1	523349	98.675461
57225	嘉南平原	1	523350	98.675650
57226	嘉美克清真寺	1	523351	98.675839
57227	嘉節	1	523352	98.676028
57228	嘉義農場	1	523353	98.676217
57229	嘉慶皇帝	1	523354	98.676406
57230	嘉獎	1	523355	98.676595
57231	嘉興	1	523356	98.676784
57232	嘉寶	1	523357	98.676973
57233	嘉寶國小	1	523358	98.677162
57234	嗷嗷待哺	1	523359	98.677351
57235	嘟噥	1	523360	98.677540
57236	嗶波龜	1	523361	98.677729
57237	團名	1	523362	98.677918
57238	團狀	1	523363	98.678107
57239	團派	1	523364	98.678296
57240	團隊員	1	523365	98.678485
57241	團管區	1	523366	98.678674
57242	團練	1	523367	98.678863
57243	團體保險	1	523368	98.679052
57244	團體活動中心	1	523369	98.679241
57245	團體戰	1	523370	98.679430
57246	圖示	1	523371	98.679619
57247	圖坦阿蒙室	1	523372	98.679808
57248	圖們江市	1	523373	98.679997
57249	圖書獎	1	523374	98.680186
57250	圖書館員	1	523375	98.680375
57251	圖書禮券	1	523376	98.680564
57252	圖牌	1	523377	98.680753
57253	圖畫紙	1	523378	98.680942
57254	圖畫釘	1	523379	98.681131
57255	圖管	1	523380	98.681320
57256	圖艦	1	523381	98.681509
57257	圖變	1	523382	98.681698
57258	塵肺症	1	523383	98.681887
57259	塵俗	1	523384	98.682076
57260	墓穴	1	523385	98.682265
57261	墓志	1	523386	98.682454
57262	墓場	1	523387	98.682643
57263	墓聯	1	523388	98.682832
57264	墊上運動	1	523389	98.683021
57265	墊支	1	523390	98.683210
57266	墊付	1	523391	98.683399
57267	墊背	1	523392	98.683588
57268	墊款	1	523393	98.683777
57269	墊層	1	523394	98.683966
57270	墊磚	1	523395	98.684155
57271	壽山動物園	1	523396	98.684344
57272	壽夭	1	523397	98.684533
57273	壽比南山	1	523398	98.684722
57274	壽考無疆	1	523399	98.684911
57275	壽皇殿	1	523400	98.685100
57276	壽酒	1	523401	98.685289
57277	壽康宮	1	523402	98.685478
57278	壽終正寢	1	523403	98.685667
57279	壽與天齊	1	523404	98.685856
57280	壽誕	1	523405	98.686045
57281	壽險業	1	523406	98.686234
57282	壽險顧問	1	523407	98.686423
57283	壽聯	1	523408	98.686612
57284	壽豐國小	1	523409	98.686801
57285	夥伴國	1	523410	98.686990
57286	夢中人	1	523411	98.687179
57287	夢中情人	1	523412	98.687368
57288	夢公園演唱會	1	523413	98.687557
57289	夢幻騎士	1	523414	98.687746
57290	夢事	1	523415	98.687935
57291	夢想成真	1	523416	98.688124
57292	夢想家	1	523417	98.688313
57293	夢話	1	523418	98.688502
57294	夢斷城西	1	523419	98.688691
57295	夢露	1	523420	98.688880
57296	夢囈	1	523421	98.689069
57297	奪命	1	523422	98.689258
57298	奪眶	1	523423	98.689447
57299	奪眶而出	1	523424	98.689636
57300	嫡母	1	523425	98.689825
57301	嫡長子	1	523426	98.690014
57302	嫦娥奔月	1	523427	98.690203
57303	嫩枝	1	523428	98.690392
57304	嫩苗	1	523429	98.690581
57305	嫩弱	1	523430	98.690770
57306	嫩黃	1	523431	98.690959
57307	嫩葉	1	523432	98.691148
57308	嫣紅	1	523433	98.691337
57309	嫣然一笑	1	523434	98.691526
57310	孵化	1	523435	98.691715
57311	孵育	1	523436	98.691904
57312	孵養	1	523437	98.692093
57313	寧宗	1	523438	98.692282
57314	寧謐	1	523439	98.692471
57315	寡佔式	1	523440	98.692660
57316	寡居	1	523441	98.692849
57317	寡婦	1	523442	98.693038
57318	寡廉鮮恥	1	523443	98.693227
57319	寡頭	1	523444	98.693416
57320	寥寥	1	523445	98.693605
57321	寥寥無幾	1	523446	98.693794
57322	寥寥落落	1	523447	98.693983
57323	實心	1	523448	98.694172
57324	實心碟	1	523449	98.694361
57325	實用車	1	523450	98.694550
57326	實用度	1	523451	98.694739
57327	實收股	1	523452	98.694928
57328	實有	1	523453	98.695117
57329	實行者	1	523454	98.695306
57330	實行家	1	523455	98.695495
57331	實事	1	523456	98.695684
57332	實事求是	1	523457	98.695873
57333	實拍	1	523458	98.696062
57334	實為	1	523459	98.696251
57335	實效性	1	523460	98.696440
57336	實測	1	523461	98.696629
57337	實無二致	1	523462	98.696818
57338	實虛	1	523463	98.697007
57339	實園苑	1	523464	98.697196
57340	實業有限公司	1	523465	98.697385
57341	實業家	1	523466	98.697574
57342	實話實說	1	523467	98.697763
57343	實際主義	1	523468	98.697952
57344	實領	1	523469	98.698141
57345	實數	1	523470	98.698330
57346	實踐者	1	523471	98.698519
57347	實據	1	523472	98.698708
57348	實錄	1	523473	98.698897
57349	實證主義	1	523474	98.699086
57350	實權	1	523475	98.699275
57351	實驗所	1	523476	98.699464
57352	實驗者	1	523477	98.699653
57353	實驗國民小學	1	523478	98.699842
57354	實驗場	1	523479	98.700031
57355	實驗衛星	1	523480	98.700220
57356	實驗課	1	523481	98.700409
57357	實驗艙	1	523482	98.700598
57358	寢門	1	523483	98.700787
57359	寢宮	1	523484	98.700976
57360	寢飾	1	523485	98.701165
57361	察出	1	523486	98.701354
57362	察看	1	523487	98.701543
57363	察納雅言	1	523488	98.701732
57364	對口	1	523489	98.701921
57365	對口相聲	1	523490	98.702110
57366	對句	1	523491	98.702299
57367	對位	1	523492	98.702488
57368	對坐	1	523493	98.702677
57369	對抗賽	1	523494	98.702866
57370	對臥	1	523495	98.703055
57371	對臥引擎	1	523496	98.703244
57372	對臥式	1	523497	98.703433
57373	對造	1	523498	98.703622
57374	對造人	1	523499	98.703811
57375	對焦	1	523500	98.704000
57376	對答如流	1	523501	98.704189
57377	對視	1	523502	98.704378
57378	對象物	1	523503	98.704567
57379	對開	1	523504	98.704756
57380	對飲	1	523505	98.704945
57381	對照表	1	523506	98.705134
57382	對照記	1	523507	98.705323
57383	對號	1	523508	98.705512
57384	對號快車	1	523509	98.705701
57385	對話聲	1	523510	98.705890
57386	對對看	1	523511	98.706079
57387	對對踫	1	523512	98.706268
57388	對歌	1	523513	98.706457
57389	對罵	1	523514	98.706646
57390	對談者	1	523515	98.706835
57391	對質	1	523516	98.707024
57392	對錯	1	523517	98.707213
57393	對頭	1	523518	98.707402
57394	對講機	1	523519	98.707591
57395	對簿	1	523520	98.707780
57396	對襟	1	523521	98.707969
57397	對證	1	523522	98.708158
57398	對戀	1	523523	98.708347
57399	屢仆屢起	1	523524	98.708536
57400	屢建奇功	1	523525	98.708725
57401	屢經	1	523526	98.708914
57402	屢勸不聽	1	523527	98.709103
57403	嶄露	1	523528	98.709292
57404	嶄露鋒芒	1	523529	98.709481
57405	幣別	1	523530	98.709670
57406	幣制	1	523531	98.709859
57407	幕府	1	523532	98.710048
57408	幕張	1	523533	98.710237
57409	廓清	1	523534	98.710426
57410	廖本榕	1	523535	98.710615
57411	廖星州	1	523536	98.710804
57412	廖述斌	1	523537	98.710993
57413	廖得雄	1	523538	98.711182
57414	廖敏雄	1	523539	98.711371
57415	廖添丁	1	523540	98.711560
57416	廖漢臣	1	523541	98.711749
57417	廖福本	1	523542	98.711938
57418	廖蒼松	1	523543	98.712127
57419	廖慶松	1	523544	98.712316
57420	廖麗雲	1	523545	98.712505
57421	廖繼均	1	523546	98.712694
57422	弊害	1	523547	98.712883
57423	彆扭	1	523548	98.713072
57424	彆扭兒	1	523549	98.713261
57425	彰化女中	1	523550	98.713450
57426	彰化海埔地	1	523551	98.713639
57427	彰化縣立體育場	1	523552	98.713828
57428	彰化縣立體育館	1	523553	98.714017
57429	彰化縣長	1	523554	98.714206
57430	彰銀	1	523555	98.714395
57431	徹夜	1	523556	98.714584
57432	徹夜未眠	1	523557	98.714773
57433	徹除	1	523558	98.714962
57434	徹骨	1	523559	98.715151
57435	慢工出細活	1	523560	98.715340
57436	慢火	1	523561	98.715529
57437	慢車道	1	523562	98.715718
57438	慢性大疱性皮膚粘膜病	1	523563	98.715907
57439	慢性心功能不全	1	523564	98.716096
57440	慢性扁桃炎	1	523565	98.716285
57441	慢性盆腔充血	1	523566	98.716474
57442	慢性胃腸炎	1	523567	98.716663
57443	慢性氣管炎	1	523568	98.716852
57444	慢性疲勞症候群	1	523569	98.717041
57445	慢性胰腺炎	1	523570	98.717230
57446	慢性酒精中毒	1	523571	98.717419
57447	慢性腎炎	1	523572	98.717608
57448	慢性鼻炎	1	523573	98.717797
57449	慢性潰瘍	1	523574	98.717986
57450	慢性膽囊炎	1	523575	98.718175
57451	慢性類囊炎	1	523576	98.718364
57452	慢性蕁麻疹	1	523577	98.718553
57453	慢郎中	1	523578	98.718742
57454	慢動作	1	523579	98.718931
57455	慢速壘球	1	523580	98.719120
57456	慢跑鞋	1	523581	98.719309
57457	慢慢的	1	523582	98.719498
57458	慢點	1	523583	98.719687
57459	慣用語	1	523584	98.719876
57460	慣食	1	523585	98.720065
57461	慟心	1	523586	98.720254
57462	慟哭	1	523587	98.720443
57463	慘不忍聞	1	523588	98.720632
57464	慘死	1	523589	98.720821
57465	慘狀	1	523590	98.721010
57466	慘絕人寰	1	523591	98.721199
57467	慘澹	1	523592	98.721388
57468	截形	1	523593	98.721577
57469	截角	1	523594	98.721766
57470	截函效應	1	523595	98.721955
57471	截流站	1	523596	98.722144
57472	截面圖	1	523597	98.722333
57473	截停	1	523598	98.722522
57474	截斷	1	523599	98.722711
57475	截彎取直	1	523600	98.722900
57476	摘冠	1	523601	98.723089
57477	摘星	1	523602	98.723278
57478	摘星夢	1	523603	98.723467
57479	摘星網球會	1	523604	98.723656
57480	摔打	1	523605	98.723845
57481	摔死	1	523606	98.724034
57482	摔破	1	523607	98.724223
57483	摔掉	1	523608	98.724412
57484	摔落	1	523609	98.724601
57485	摔跤	1	523610	98.724790
57486	摔斷	1	523611	98.724979
57487	撤守	1	523612	98.725168
57488	撤退	1	523613	98.725357
57489	撤戰	1	523614	98.725546
57490	摸不著頭腦	1	523615	98.725735
57491	摸骨	1	523616	98.725924
57492	摸清楚	1	523617	98.726113
57493	摸透	1	523618	98.726302
57494	摸魚	1	523619	98.726491
57495	摸摸族	1	523620	98.726680
57496	摺起	1	523621	98.726869
57497	摺起來	1	523622	98.727058
57498	摺篷	1	523623	98.727247
57499	摺疊式	1	523624	98.727436
57500	摧折	1	523625	98.727625
57501	摭異記	1	523626	98.727814
57502	敲入	1	523627	98.728003
57503	敲打聲	1	523628	98.728192
57504	敲門聲	1	523629	98.728381
57505	敲碎	1	523630	98.728570
57506	敲榨	1	523631	98.728759
57507	敲磚	1	523632	98.728948
57508	敲邊鼓	1	523633	98.729137
57509	敲鑼打鼓	1	523634	98.729326
57510	斡旋	1	523635	98.729515
57511	旗下	1	523636	98.729704
57512	旗主	1	523637	98.729893
57513	旗后	1	523638	98.730082
57514	旗杆	1	523639	98.730271
57515	旗門	1	523640	98.730460
57516	旗型	1	523641	98.730649
57517	旗隊	1	523642	98.730838
57518	旗語	1	523643	98.731027
57519	暢行	1	523644	98.731216
57520	暢通無阻	1	523645	98.731405
57521	暢順	1	523646	98.731594
57522	暢飲	1	523647	98.731783
57523	暢馳	1	523648	98.731972
57524	暢論	1	523649	98.732161
57525	暢銷車	1	523650	98.732350
57526	榜尾	1	523651	98.732539
57527	榮民總醫院	1	523652	98.732728
57528	榮民醫院	1	523653	98.732917
57529	榮昌	1	523654	98.733106
57530	榮星兒童合唱團	1	523655	98.733295
57531	榮座	1	523656	98.733484
57532	榮眷	1	523657	98.733673
57533	榮貴	1	523658	98.733862
57534	榮新江	1	523659	98.734051
57535	榮維爾	1	523660	98.734240
57536	榮慶	1	523661	98.734429
57537	榮譽心	1	523662	98.734618
57538	榮譽卡	1	523663	98.734807
57539	榮譽勛章	1	523664	98.734996
57540	榮譽榜	1	523665	98.735185
57541	槓子頭工作室	1	523666	98.735374
57542	構件	1	523667	98.735563
57543	構陷	1	523668	98.735752
57544	構樹	1	523669	98.735941
57545	榴彈	1	523670	98.736130
57546	槐花	1	523671	98.736319
57547	槍口	1	523672	98.736508
57548	槍毒	1	523673	98.736697
57549	槍械	1	523674	98.736886
57550	槍殺	1	523675	98.737075
57551	槍殺鋼琴師	1	523676	98.737264
57552	槍靶	1	523677	98.737453
57553	槍管	1	523678	98.737642
57554	槍彈	1	523679	98.737831
57555	槍戰	1	523680	98.738020
57556	槍擊要犯	1	523681	98.738209
57557	槌打	1	523682	98.738398
57558	槌聲	1	523683	98.738587
57559	歉收	1	523684	98.738776
57560	歌女紅牡丹	1	523685	98.738965
57561	歌友會	1	523686	98.739154
57562	歌妓	1	523687	98.739343
57563	歌兒	1	523688	98.739532
57564	歌林家電	1	523689	98.739721
57565	歌者	1	523690	98.739910
57566	歌衫	1	523691	98.740099
57567	歌唱片	1	523692	98.740288
57568	歌唱界	1	523693	98.740477
57569	歌唱家	1	523694	98.740666
57570	歌唱賽	1	523695	98.740855
57571	歌詠	1	523696	98.741044
57572	歌蒂韓	1	523697	98.741233
57573	歌頌聲	1	523698	98.741422
57574	歌舞脫口秀	1	523699	98.741611
57575	歌舞電影縱橫談	1	523700	98.741800
57576	歌舞團	1	523701	98.741989
57577	歌舞線上	1	523702	98.742178
57578	歌舞賽	1	523703	98.742367
57579	歌德式	1	523704	98.742556
57580	歌藝	1	523705	98.742745
57581	演化生物學	1	523706	98.742934
57582	演技派	1	523707	98.743123
57583	演奏者	1	523708	98.743312
57584	演炮圖說	1	523709	98.743501
57585	演炮圖說輯要	1	523710	98.743690
57586	演員工會	1	523711	98.743879
57587	演唱家	1	523712	98.744068
57588	演進史	1	523713	98.744257
57589	演算	1	523714	98.744446
57590	演講賽	1	523715	98.744635
57591	演藝界	1	523716	98.744824
57592	滾水	1	523717	98.745013
57593	滾瓜爛熟	1	523718	98.745202
57594	滾石唱片公司	1	523719	98.745391
57595	滾珠	1	523720	98.745580
57596	滾蛋	1	523721	98.745769
57597	滾筒式	1	523722	98.745958
57598	滾軸式	1	523723	98.746147
57599	滾開	1	523724	98.746336
57600	滴水	1	523725	98.746525
57601	滴水不漏	1	523726	98.746714
57602	滴水穿石	1	523727	98.746903
57603	滴水漏斗	1	523728	98.747092
57604	滴注管	1	523729	98.747281
57605	滴酒不沾	1	523730	98.747470
57606	滴滴答答	1	523731	98.747659
57607	漩渦形蚊香	1	523732	98.747848
57608	漩渦臂	1	523733	98.748037
57609	漾開	1	523734	98.748226
57610	漬斑	1	523735	98.748415
57611	漏入	1	523736	98.748604
57612	漏斗	1	523737	98.748793
57613	漏斗口	1	523738	98.748982
57614	漏斗型	1	523739	98.749171
57615	漏斗胸	1	523740	98.749360
57616	漏出	1	523741	98.749549
57617	漏失	1	523742	98.749738
57618	漏列	1	523743	98.749927
57619	漏洞百出	1	523744	98.750116
57620	漏財	1	523745	98.750305
57621	漏稅	1	523746	98.750494
57622	漏網	1	523747	98.750683
57623	漏網之魚	1	523748	98.750872
57624	漂白劑	1	523749	98.751061
57625	漂來	1	523750	98.751250
57626	漂到	1	523751	98.751439
57627	漂岩	1	523752	98.751628
57628	漂泊	1	523753	98.751817
57629	漂亮寶貝	1	523754	98.752006
57630	漂洗	1	523755	98.752195
57631	漂送	1	523756	98.752384
57632	漂移	1	523757	98.752573
57633	漂漂	1	523758	98.752762
57634	漂漂亮亮	1	523759	98.752951
57635	漂礫	1	523760	98.753140
57636	漢口	1	523761	98.753329
57637	漢口中西報	1	523762	98.753518
57638	漢口國中	1	523763	98.753707
57639	漢文化	1	523764	98.753896
57640	漢字的結構	1	523765	98.754085
57641	漢江風雲	1	523766	98.754274
57642	漢佩爾	1	523767	98.754463
57643	漢明帝	1	523768	98.754652
57644	漢俗	1	523769	98.754841
57645	漢室	1	523770	98.755030
57646	漢客	1	523771	98.755219
57647	漢唐	1	523772	98.755408
57648	漢家	1	523773	98.755597
57649	漢庭頓公園	1	523774	98.755786
57650	漢族文化	1	523775	98.755975
57651	漢堡包	1	523776	98.756164
57652	漢堡市	1	523777	98.756353
57653	漢堡專賣店	1	523778	98.756542
57654	漢斯‧諾德特	1	523779	98.756731
57655	漢墓	1	523780	98.756920
57656	漢儀	1	523781	98.757109
57657	漢學	1	523782	98.757298
57658	漢鍾離	1	523783	98.757487
57659	漢藏語系	1	523784	98.757676
57660	滿人	1	523785	98.757865
57661	滿山遍野	1	523786	98.758054
57662	滿天星	1	523787	98.758243
57663	滿天星手錶	1	523788	98.758432
57664	滿目瘡痍	1	523789	98.758621
57665	滿地紅	1	523790	98.758810
57666	滿汗王府	1	523791	98.758999
57667	滿坑滿谷	1	523792	98.759188
57668	滿足感	1	523793	98.759377
57669	滿身大汗	1	523794	98.759566
57670	滿杯	1	523795	98.759755
57671	滿門抄斬	1	523796	98.759944
57672	滿座	1	523797	98.760133
57673	滿堂	1	523798	98.760322
57674	滿堂采	1	523799	98.760511
57675	滿堂彩	1	523800	98.760700
57676	滿清政府	1	523801	98.760889
57677	滿球數	1	523802	98.761078
57678	滿場	1	523803	98.761267
57679	滿脹	1	523804	98.761456
57680	滿腹	1	523805	98.761645
57681	滿腹經綸	1	523806	98.761834
57682	滿腹詩書	1	523807	98.762023
57683	滿腦	1	523808	98.762212
57684	滿腦子	1	523809	98.762401
57685	滿綴	1	523810	98.762590
57686	滿膛	1	523811	98.762779
57687	滿樹	1	523812	98.762968
57688	滿頭	1	523813	98.763157
57689	滿頭大汗	1	523814	98.763346
57690	滿頭滿臉	1	523815	98.763535
57691	滿檔	1	523816	98.763724
57692	滿壘	1	523817	98.763913
57693	滯納金	1	523818	98.764102
57694	滯銷	1	523819	98.764291
57695	滯澀	1	523820	98.764480
57696	漆皮甲片	1	523821	98.764669
57697	漱口水	1	523822	98.764858
57698	漱口聲	1	523823	98.765047
57699	漸入	1	523824	98.765236
57700	漸失	1	523825	98.765425
57701	漸次	1	523826	98.765614
57702	漸低	1	523827	98.765803
57703	漸長	1	523828	98.765992
57704	漸消	1	523829	98.766181
57705	漸陡	1	523830	98.766370
57706	漸盛	1	523831	98.766559
57707	漸湧	1	523832	98.766748
57708	漸減	1	523833	98.766937
57709	漸進式	1	523834	98.767126
57710	漸漸地	1	523835	98.767315
57711	漸遠	1	523836	98.767504
57712	漸寬	1	523837	98.767693
57713	漸層紙	1	523838	98.767882
57714	漸熱	1	523839	98.768071
57715	漸變	1	523840	98.768260
57716	漲速	1	523841	98.768449
57717	漲價歸公	1	523842	98.768638
57718	漲潮點	1	523843	98.768827
57719	漲聲	1	523844	98.769016
57720	漕河	1	523845	98.769205
57721	漫天	1	523846	98.769394
57722	漫天叫價	1	523847	98.769583
57723	漫天飛舞	1	523848	98.769772
57724	漫坡	1	523849	98.769961
57725	漫流	1	523850	98.770150
57726	漫游	1	523851	98.770339
57727	漫無目的	1	523852	98.770528
57728	漫畫人物	1	523853	98.770717
57729	漫畫界	1	523854	98.770906
57730	漫進	1	523855	98.771095
57731	漫過	1	523856	98.771284
57732	漫漫	1	523857	98.771473
57733	漫漫長日	1	523858	98.771662
57734	漫罵	1	523859	98.771851
57735	漫藏	1	523860	98.772040
57736	澈澈底底	1	523861	98.772229
57737	漁光曲	1	523862	98.772418
57738	漁舟	1	523863	98.772607
57739	漁竿	1	523864	98.772796
57740	漁家傲	1	523865	98.772985
57741	漁產	1	523866	98.773174
57742	漁場	1	523867	98.773363
57743	漁歌	1	523868	98.773552
57744	漁樵	1	523869	98.773741
57745	滲水	1	523870	98.773930
57746	滲穴	1	523871	98.774119
57747	滲血	1	523872	98.774308
57748	滲混	1	523873	98.774497
57749	滲透力	1	523874	98.774686
57750	滲進	1	523875	98.774875
57751	滲漏	1	523876	98.775064
57752	滲膿	1	523877	98.775253
57753	滷味	1	523878	98.775442
57754	滷菜	1	523879	98.775631
57755	熔毀	1	523880	98.775820
57756	熔點	1	523881	98.776009
57757	熙宗紀	1	523882	98.776198
57758	熙攘	1	523883	98.776387
57759	煽風	1	523884	98.776576
57760	煽動家	1	523885	98.776765
57761	煽熄	1	523886	98.776954
57762	熊谷弘	1	523887	98.777143
57763	熊谷直亮	1	523888	98.777332
57764	熊谷真實	1	523889	98.777521
57765	熊青岳	1	523890	98.777710
57766	熊烈	1	523891	98.777899
57767	爾今	1	523892	98.778088
57768	爾冬陞	1	523893	98.778277
57769	獄方	1	523894	98.778466
57770	瑤池	1	523895	98.778655
57771	瑣尾	1	523896	98.778844
57772	瑣瑣碎碎	1	523897	98.779033
57773	瑣談	1	523898	98.779222
57774	瑪丹娜	1	523899	98.779411
57775	瑪丹娜褲	1	523900	98.779600
57776	瑪江汗	1	523901	98.779789
57777	瑪利諾	1	523902	98.779978
57778	瑪哈念	1	523903	98.780167
57779	瑪格麗杜哈斯	1	523904	98.780356
57780	瑪莉亞	1	523905	98.780545
57781	瑪莉亞都以耳	1	523906	98.780734
57782	瑪陵國小	1	523907	98.780923
57783	瑪瑙	1	523908	98.781112
57784	瑪嘉烈莉	1	523909	98.781301
57785	瑪歌芳婷	1	523910	98.781490
57786	瑪德蓮	1	523911	98.781679
57787	瑪黛琳歐吉瑞	1	523912	98.781868
57788	瑪麗‧都鐸	1	523913	98.782057
57789	瑪麗亞	1	523914	98.782246
57790	瑪麗亞卡莎瑞絲	1	523915	98.782435
57791	瑪麗亞凱莉	1	523916	98.782624
57792	瑪麗莎托梅	1	523917	98.782813
57793	瑪麗麥克唐奈爾	1	523918	98.783002
57794	瑪麗蓮夢露	1	523919	98.783191
57795	疑雲重重	1	523920	98.783380
57796	疑義	1	523921	98.783569
57797	疑難	1	523922	98.783758
57798	瘧原蟲動合子	1	523923	98.783947
57799	瘧蚊族	1	523924	98.784136
57800	瘋狗浪	1	523925	98.784325
57801	瘋狗馬子	1	523926	98.784514
57802	瘋馬	1	523927	98.784703
57803	瘋掉	1	523928	98.784892
57804	盡心力	1	523929	98.785081
57805	盡出	1	523930	98.785270
57806	盡可能	1	523931	98.785459
57807	盡全力	1	523932	98.785648
57808	盡其在我	1	523933	98.785837
57809	盡到	1	523934	98.786026
57810	盡忠職守	1	523935	98.786215
57811	盡消	1	523936	98.786404
57812	盡善盡美	1	523937	98.786593
57813	盡數	1	523938	98.786782
57814	盡窺堂奧	1	523939	98.786971
57815	盡歡	1	523940	98.787160
57816	盡攬	1	523941	98.787349
57817	監考	1	523942	98.787538
57818	監考人員	1	523943	98.787727
57819	監事	1	523944	98.787916
57820	監看	1	523945	98.788105
57821	監控室	1	523946	98.788294
57822	監理處	1	523947	98.788483
57823	監造	1	523948	98.788672
57824	監視人	1	523949	98.788861
57825	監視網	1	523950	98.789050
57826	監督者	1	523951	98.789239
57827	監督權	1	523952	98.789428
57828	監察人	1	523953	98.789617
57829	監察院長	1	523954	98.789806
57830	監管	1	523955	98.789995
57831	監製	1	523956	98.790184
57832	監標	1	523957	98.790373
57833	監標人	1	523958	98.790562
57834	監護權	1	523959	98.790751
57835	瞄準原型人	1	523960	98.790940
57836	睽違已久	1	523961	98.791129
57837	睡眠量	1	523962	98.791318
57838	睡墊	1	523963	98.791507
57839	睡夢中	1	523964	98.791696
57840	睡褲	1	523965	98.791885
57841	睡醒	1	523966	98.792074
57842	磁山文化	1	523967	98.792263
57843	磁石	1	523968	98.792452
57844	磁通路	1	523969	98.792641
57845	磁感知器	1	523970	98.792830
57846	磁極	1	523971	98.793019
57847	磁碟	1	523972	98.793208
57848	磁碟片	1	523973	98.793397
57849	磁磚貼畫	1	523974	98.793586
57850	磁鐵棒	1	523975	98.793775
57851	磁罐子	1	523976	98.793964
57852	碟式煞車	1	523977	98.794153
57853	碟式體溫計	1	523978	98.794342
57854	碟形體溫計	1	523979	98.794531
57855	碟煞	1	523980	98.794720
57856	碟磁片	1	523981	98.794909
57857	碟影機	1	523982	98.795098
57858	碧山岩	1	523983	98.795287
57859	碧水庵	1	523984	98.795476
57860	碧玉	1	523985	98.795665
57861	碧血黃花	1	523986	98.795854
57862	碧波	1	523987	98.796043
57863	碧湖	1	523988	98.796232
57864	碧雲寺	1	523989	98.796421
57865	碧落	1	523990	98.796610
57866	碧瑩瑩	1	523991	98.796799
57867	碧藍	1	523992	98.796988
57868	碳化合物	1	523993	98.797177
57869	碳稅	1	523994	98.797366
57870	碳酸鋅洗劑	1	523995	98.797555
57871	碩果	1	523996	98.797744
57872	碩彥	1	523997	98.797933
57873	福山	1	523998	98.798122
57874	福山瀑布	1	523999	98.798311
57875	福分	1	524000	98.798500
57876	福布斯	1	524001	98.798689
57877	福如東海	1	524002	98.798878
57878	福安國中	1	524003	98.799067
57879	福州路	1	524004	98.799256
57880	福利制度	1	524005	98.799445
57881	福利房	1	524006	98.799634
57882	福利社	1	524007	98.799823
57883	福利金	1	524008	98.800012
57884	福利圍牆	1	524009	98.800201
57885	福和市	1	524010	98.800390
57886	福昌紡織	1	524011	98.800579
57887	福林	1	524012	98.800768
57888	福城	1	524013	98.800957
57889	福建省	1	524014	98.801146
57890	福建船政大臣	1	524015	98.801335
57891	福星	1	524016	98.801524
57892	福音戒毒中心	1	524017	98.801713
57893	福音村	1	524018	98.801902
57894	福音音樂	1	524019	98.802091
57895	福島縣	1	524020	98.802280
57896	福特汽車	1	524021	98.802469
57897	福益	1	524022	98.802658
57898	福馬林	1	524023	98.802847
57899	福康國小	1	524024	98.803036
57900	福斯集團	1	524025	98.803225
57901	福斯電視網	1	524026	98.803414
57902	福斯轎車	1	524027	98.803603
57903	福華飯店	1	524028	98.803792
57904	福壽宮	1	524029	98.803981
57905	福爾摩斯	1	524030	98.804170
57906	福德	1	524031	98.804359
57907	福慧雙修	1	524032	98.804548
57908	福樓拜	1	524033	98.804737
57909	福樂	1	524034	98.804926
57910	禍不單行	1	524035	98.805115
57911	禍因	1	524036	98.805304
57912	禍事	1	524037	98.805493
57913	禍胎	1	524038	98.805682
57914	禍根	1	524039	98.805871
57915	禍國殃民	1	524040	98.806060
57916	禍從口出	1	524041	98.806249
57917	禍從天降	1	524042	98.806438
57918	禍福未卜	1	524043	98.806627
57919	種入	1	524044	98.806816
57920	種瓜	1	524045	98.807005
57921	種瓜得瓜	1	524046	98.807194
57922	種皮	1	524047	98.807383
57923	種豆	1	524048	98.807572
57924	種苗業	1	524049	98.807761
57925	種植地	1	524050	98.807950
57926	種稻	1	524051	98.808139
57927	種稻區	1	524052	98.808328
57928	種樹人	1	524053	98.808517
57929	稱快	1	524054	98.808706
57930	稱謂	1	524055	98.808895
57931	稱譽	1	524056	98.809084
57932	窩棚	1	524057	98.809273
57933	窩棚式	1	524058	98.809462
57934	窩窩頭	1	524059	98.809651
57935	窩鋪	1	524060	98.809840
57936	窩囊	1	524061	98.810029
57937	竭盡	1	524062	98.810218
57938	竭澤而漁	1	524063	98.810407
57939	端出	1	524064	98.810596
57940	端部	1	524065	98.810785
57941	端菜	1	524066	98.810974
57942	端雅	1	524067	98.811163
57943	管仲	1	524068	98.811352
57944	管見	1	524069	98.811541
57945	管事	1	524070	98.811730
57946	管制區	1	524071	98.811919
57947	管狀	1	524072	98.812108
57948	管家琪	1	524073	98.812297
57949	管訓	1	524074	98.812486
57950	管液	1	524075	98.812675
57951	管理室	1	524076	98.812864
57952	管理面	1	524077	98.813053
57953	管理組	1	524078	98.813242
57954	管理部	1	524079	98.813431
57955	管理學	1	524080	98.813620
57956	管理權	1	524081	98.813809
57957	管閒事	1	524082	98.813998
57958	管路	1	524083	98.814187
57959	管樂團	1	524084	98.814376
57960	管銷	1	524085	98.814565
57961	管壁	1	524086	98.814754
57962	管窺	1	524087	98.814943
57963	管鮑至交	1	524088	98.815132
57964	管轄權	1	524089	98.815321
57965	算式	1	524090	98.815510
57966	算命仙	1	524091	98.815699
57967	算起來	1	524092	98.815888
57968	箏曲	1	524093	98.816077
57969	粹取	1	524094	98.816266
57970	粽葉	1	524095	98.816455
57971	精力充沛	1	524096	98.816644
57972	精子向前衝	1	524097	98.816833
57973	精工石	1	524098	98.817022
57974	精舍	1	524099	98.817211
57975	精度	1	524100	98.817400
57976	精研	1	524101	98.817589
57977	精修	1	524102	98.817778
57978	精神分析學	1	524103	98.817967
57979	精神分裂	1	524104	98.818156
57980	精神可嘉	1	524105	98.818345
57981	精神治療系	1	524106	98.818534
57982	精神病患者	1	524107	98.818723
57983	精神病學	1	524108	98.818912
57984	精神病學家	1	524109	98.819101
57985	精神醫師	1	524110	98.819290
57986	精神醫學會	1	524111	98.819479
57987	精密工業	1	524112	98.819668
57988	精液胞漿素	1	524113	98.819857
57989	精液量	1	524114	98.820046
57990	精萃	1	524115	98.820235
57991	精微	1	524116	98.820424
57992	精準度	1	524117	98.820613
57993	精算部	1	524118	98.820802
57994	精瘦	1	524119	98.820991
57995	精確度	1	524120	98.821180
57996	精練	1	524121	98.821369
57997	精緻化	1	524122	98.821558
57998	精衛鳥	1	524123	98.821747
57999	精質	1	524124	98.821936
58000	精銳	1	524125	98.822125
58001	精鋼	1	524126	98.822314
58002	精錄	1	524127	98.822503
58003	精雕細刻	1	524128	98.822692
58004	精繪	1	524129	98.822881
58005	精囊	1	524130	98.823070
58006	綰轂	1	524131	98.823259
58007	綜合代理業	1	524132	98.823448
58008	綜合所得稅	1	524133	98.823637
58009	綜合計畫處	1	524134	98.823826
58010	綜合症	1	524135	98.824015
58011	綜合貿易法	1	524136	98.824204
58012	綜合機	1	524137	98.824393
58013	綜括	1	524138	98.824582
58014	綜理	1	524139	98.824771
58015	綜論	1	524140	98.824960
58016	綽號	1	524141	98.825149
58017	綠化年	1	524142	98.825338
58018	綠光	1	524143	98.825527
58019	綠州	1	524144	98.825716
58020	綠色和平	1	524145	98.825905
58021	綠色消費	1	524146	98.826094
58022	綠色消費者	1	524147	98.826283
58023	綠色能源車	1	524148	98.826472
58024	綠色粗皮鯛	1	524149	98.826661
58025	綠色運動	1	524150	98.826850
58026	綠豆湯	1	524151	98.827039
58027	綠林	1	524152	98.827228
58028	綠花	1	524153	98.827417
58029	綠洲路	1	524154	98.827606
58030	綠苑	1	524155	98.827795
58031	綠衫裙	1	524156	98.827984
58032	綠島小夜曲	1	524157	98.828173
58033	綠草坪	1	524158	98.828362
58034	綠蚜	1	524159	98.828551
58035	綠畦香粳米飯	1	524160	98.828740
58036	綠袍	1	524161	98.828929
58037	綠猴	1	524162	98.829118
58038	綠絨	1	524163	98.829307
58039	綠雲	1	524164	98.829496
58040	綠旗	1	524165	98.829685
58041	綠漆	1	524166	98.829874
58042	綠碧	1	524167	98.830063
58043	綠膿桿菌	1	524168	98.830252
58044	綠膿桿菌敗血症	1	524169	98.830441
58045	綠叢	1	524170	98.830630
58046	綠藻	1	524171	98.830819
58047	綠籬	1	524172	98.831008
58048	緊日子	1	524173	98.831197
58049	緊身	1	524174	98.831386
58050	緊身衣	1	524175	98.831575
58051	緊急救援系統	1	524176	98.831764
58052	緊急醫療站	1	524177	98.831953
58053	緊要	1	524178	98.832142
58054	緊迫盯人	1	524179	98.832331
58055	緊挨	1	524180	98.832520
58056	緊挨住	1	524181	98.832709
58057	緊記	1	524182	98.832898
58058	緊密性	1	524183	98.833087
58059	緊密星系	1	524184	98.833276
58060	緊張症	1	524185	98.833465
58061	緊絀	1	524186	98.833654
58062	緊湊度	1	524187	98.833843
58063	緊緻	1	524188	98.834032
58064	緊隨	1	524189	98.834221
58065	緊縮式	1	524190	98.834410
58066	緊縮器	1	524191	98.834599
58067	綴飾	1	524192	98.834788
58068	綴滿	1	524193	98.834977
58069	網中鳥	1	524194	98.835166
58070	網具	1	524195	98.835355
58071	網拍	1	524196	98.835544
58072	網狀紋	1	524197	98.835733
58073	網狀鋁合金輪圈	1	524198	98.835922
58074	網架	1	524199	98.836111
58075	網球場	1	524200	98.836300
58076	網球賽	1	524201	98.836489
58077	網魚	1	524202	98.836678
58078	網開一面	1	524203	98.836867
58079	網溪	1	524204	98.837056
58080	網壇	1	524205	98.837245
58081	網賽	1	524206	98.837434
58082	網鴿	1	524207	98.837623
58083	綱目	1	524208	98.837812
58084	綱絲	1	524209	98.838001
58085	綱舉目張	1	524210	98.838190
58086	綺想	1	524211	98.838379
58087	綺麗	1	524212	98.838568
58088	綢布莊	1	524213	98.838757
58089	綢緞	1	524214	98.838946
58090	綢緞店	1	524215	98.839135
58091	綿竹	1	524216	98.839324
58092	綿蚜蟲	1	524217	98.839513
58093	綿陽	1	524218	98.839702
58094	綿陽市	1	524219	98.839891
58095	綿陽縣	1	524220	98.840080
58096	綿陽縣誌	1	524221	98.840269
58097	維也納愛樂	1	524222	98.840458
58098	維生素戊	1	524223	98.840647
58099	維吉尼亞	1	524224	98.840836
58100	維吉尼亞大學	1	524225	98.841025
58101	維吉尼亞理工學院	1	524226	98.841214
58102	維多‧貝洛夫	1	524227	98.841403
58103	維多利亞女王	1	524228	98.841592
58104	維多利亞時代	1	524229	98.841781
58105	維多利亞海港	1	524230	98.841970
58106	維西	1	524231	98.842159
58107	維克多‧Ｅ‧福蘭克	1	524232	98.842348
58108	維吾爾語	1	524233	98.842537
58109	維希	1	524234	98.842726
58110	維希公司	1	524235	98.842915
58111	維京人	1	524236	98.843104
58112	維坦尼	1	524237	98.843293
58113	維持量	1	524238	98.843482
58114	維修員	1	524239	98.843671
58115	維修費	1	524240	98.843860
58116	維納斯雕像	1	524241	98.844049
58117	維基尼亞大學	1	524242	98.844238
58118	維新思想	1	524243	98.844427
58119	維爾托夫	1	524244	98.844616
58120	維摩居士	1	524245	98.844805
58121	維諾號	1	524246	98.844994
58122	維艱	1	524247	98.845183
58123	維羅那	1	524248	98.845372
58124	罰金	1	524249	98.845561
58125	罰跪	1	524250	98.845750
58126	翠竹	1	524251	98.845939
58127	翠羽	1	524252	98.846128
58128	翠谷	1	524253	98.846317
58129	翠微	1	524254	98.846506
58130	翠樓	1	524255	98.846695
58131	翠薇	1	524256	98.846884
58132	翡冷翠	1	524257	98.847073
58133	翡翠日光鳥	1	524258	98.847262
58134	翡翠水庫	1	524259	98.847451
58135	翡翠湖山莊	1	524260	98.847640
58136	翡翠嶺社區	1	524261	98.847829
58137	聞一多	1	524262	98.848018
58138	聞名中外	1	524263	98.848207
58139	聞名世界	1	524264	98.848396
58140	聞江龍	1	524265	98.848585
58141	聞見前錄	1	524266	98.848774
58142	聞言	1	524267	98.848963
58143	聞所未聞	1	524268	98.849152
58144	聞知	1	524269	98.849341
58145	聞問	1	524270	98.849530
58146	聚才	1	524271	98.849719
58147	聚少離多	1	524272	98.849908
58148	聚光燈	1	524273	98.850097
58149	聚居	1	524274	98.850286
58150	聚眾	1	524275	98.850475
58151	聚魚燈	1	524276	98.850664
58152	聚氯乙烯	1	524277	98.850853
58153	聚集區	1	524278	98.851042
58154	聚集處	1	524279	98.851231
58155	聚餐	1	524280	98.851420
58156	聚點	1	524281	98.851609
58157	聚酯尼龍絲	1	524282	98.851798
58158	聚酯長纖	1	524283	98.851987
58159	聚酯棉	1	524284	98.852176
58160	肇建	1	524285	98.852365
58161	肇慶	1	524286	98.852554
58162	腐拜	1	524287	98.852743
58163	腐食	1	524288	98.852932
58164	腐蝕作用	1	524289	98.853121
58165	腐蝕劑	1	524290	98.853310
58166	膀子	1	524291	98.853499
58167	膀胱癌	1	524292	98.853688
58168	膏腴之地	1	524293	98.853877
58169	膈膜	1	524294	98.854066
58170	腿骨	1	524295	98.854255
58171	臺大工管系	1	524296	98.854444
58172	臺大社會系	1	524297	98.854633
58173	臺大商學院	1	524298	98.854822
58174	臺大國際公司	1	524299	98.855011
58175	臺大森林系	1	524300	98.855200
58176	臺大植病系	1	524301	98.855389
58177	臺大圖書館	1	524302	98.855578
58178	臺大實驗林地	1	524303	98.855767
58179	臺大機械系	1	524304	98.855956
58180	臺中公園	1	524305	98.856145
58181	臺中車站	1	524306	98.856334
58182	臺中客運	1	524307	98.856523
58183	臺中師院實小	1	524308	98.856712
58184	臺中師範學院	1	524309	98.856901
58185	臺中圖書館	1	524310	98.857090
58186	臺五線	1	524311	98.857279
58187	臺五線聯絡道	1	524312	98.857468
58188	臺斤	1	524313	98.857657
58189	臺北世貿	1	524314	98.857846
58190	臺北市工務局	1	524315	98.858035
58191	臺北市社子島	1	524316	98.858224
58192	臺北民族舞團	1	524317	98.858413
58193	臺北地方法院	1	524318	98.858602
58194	臺北老爺酒店	1	524319	98.858791
58195	臺北青年會	1	524320	98.858980
58196	臺北音樂會	1	524321	98.859169
58197	臺北商業中心	1	524322	98.859358
58198	臺北國際汽車大展	1	524323	98.859547
58199	臺北國際車展	1	524324	98.859736
58200	臺北凱悅飯店	1	524325	98.859925
58201	臺北貿易中心	1	524326	98.860114
58202	臺北愛樂	1	524327	98.860303
58203	臺北愛樂管弦樂團	1	524328	98.860492
58204	臺北新聞文化中心	1	524329	98.860681
58205	臺北電臺	1	524330	98.860870
58206	臺北演劇集團	1	524331	98.861059
58207	臺北劇場	1	524332	98.861248
58208	臺生	1	524333	98.861437
58209	臺吉	1	524334	98.861626
58210	臺奸	1	524335	98.861815
58211	臺州牧	1	524336	98.862004
58212	臺汽	1	524337	98.862193
58213	臺拓地	1	524338	98.862382
58214	臺東知本老爺大酒店	1	524339	98.862571
58215	臺東泰源監獄	1	524340	98.862760
58216	臺東實小	1	524341	98.862949
58217	臺東醫院	1	524342	98.863138
58218	臺南人	1	524343	98.863327
58219	臺南府城	1	524344	98.863516
58220	臺南師院	1	524345	98.863705
58221	臺南縣市	1	524346	98.863894
58222	臺南縣長	1	524347	98.864083
58223	臺城	1	524348	98.864272
58224	臺建	1	524349	98.864461
58225	臺省工委會	1	524350	98.864650
58226	臺美	1	524351	98.864839
58227	臺美投資開發	1	524352	98.865028
58228	臺胞證	1	524353	98.865217
58229	臺苯	1	524354	98.865406
58230	臺島	1	524355	98.865595
58231	臺時	1	524356	98.865784
58232	臺商聯誼會	1	524357	98.865973
58233	臺翔投資案	1	524358	98.866162
58234	臺翔英航案	1	524359	98.866351
58235	臺菜	1	524360	98.866540
58236	臺視公司	1	524361	98.866729
58237	臺視新聞部	1	524362	98.866918
58238	臺塑公司	1	524363	98.867107
58239	臺塑重工公司	1	524364	98.867296
58240	臺經院	1	524365	98.867485
58241	臺達	1	524366	98.867674
58242	臺達化工	1	524367	98.867863
58243	臺閩	1	524368	98.868052
58244	臺影文化城	1	524369	98.868241
58245	臺獨之父	1	524370	98.868430
58246	臺獨聯盟	1	524371	98.868619
58247	臺蕉	1	524372	98.868808
58248	臺聯	1	524373	98.868997
58249	臺灣人壽公司	1	524374	98.869186
58250	臺灣人權促進會	1	524375	98.869375
58251	臺灣山地文化園區	1	524376	98.869564
58252	臺灣山地文物館	1	524377	98.869753
58253	臺灣分公司	1	524378	98.869942
58254	臺灣文化協會	1	524379	98.870131
58255	臺灣日立	1	524380	98.870320
58256	臺灣日立事務所	1	524381	98.870509
58257	臺灣日立家電	1	524382	98.870698
58258	臺灣日立家電公司	1	524383	98.870887
58259	臺灣水泥	1	524384	98.871076
58260	臺灣史話	1	524385	98.871265
58261	臺灣民報	1	524386	98.871454
58262	臺灣生態中心	1	524387	98.871643
58263	臺灣共和國	1	524388	98.871832
58264	臺灣官場現形檔案	1	524389	98.872021
58265	臺灣官煤廠	1	524390	98.872210
58266	臺灣松下	1	524391	98.872399
58267	臺灣金銅礦務局	1	524392	98.872588
58268	臺灣金屬礦業股份有限公司	1	524393	98.872777
58269	臺灣客	1	524394	98.872966
58270	臺灣省主席	1	524395	98.873155
58271	臺灣省政府新聞處	1	524396	98.873344
58272	臺灣科學教育館	1	524397	98.873533
58273	臺灣科學教育廳	1	524398	98.873722
58274	臺灣科學館	1	524399	98.873911
58275	臺灣原住民族樂舞	1	524400	98.874100
58276	臺灣原住民舞蹈	1	524401	98.874289
58277	臺灣時報	1	524402	98.874478
58278	臺灣書店	1	524403	98.874667
58279	臺灣消費者	1	524404	98.874856
58280	臺灣區運動會	1	524405	98.875045
58281	臺灣區運會	1	524406	98.875234
58282	臺灣國語	1	524407	98.875423
58283	臺灣現代舞蹈發展	1	524408	98.875612
58284	臺灣新劇發展史	1	524409	98.875801
58285	臺灣經濟研究所	1	524410	98.875990
58286	臺灣經濟發展政策	1	524411	98.876179
58287	臺灣經濟策論	1	524412	98.876368
58288	臺灣道	1	524413	98.876557
58289	臺灣鄒族的風土神話	1	524414	98.876746
58290	臺灣電力公司	1	524415	98.876935
58291	臺灣電臺	1	524416	98.877124
58292	臺灣電影戲劇史	1	524417	98.877313
58293	臺灣銀行	1	524418	98.877502
58294	臺灣影像工作室	1	524419	98.877691
58295	臺灣獨立宣言	1	524420	98.877880
58296	臺灣糖業公司	1	524421	98.878069
58297	臺灣戲劇館	1	524422	98.878258
58298	與人無爭	1	524423	98.878447
58299	舔吮	1	524424	98.878636
58300	舔拭	1	524425	98.878825
58301	舔舐	1	524426	98.879014
58302	舞文弄墨	1	524427	98.879203
58303	舞王	1	524428	98.879392
58304	舞弄	1	524429	98.879581
58305	舞林	1	524430	98.879770
58306	舞宴	1	524431	98.879959
58307	舞旋	1	524432	98.880148
58308	舞臺工作者	1	524433	98.880337
58309	舞臺戲	1	524434	98.880526
58310	舞臺藝術	1	524435	98.880715
58311	舞蹈系	1	524436	98.880904
58312	舞蹈界	1	524437	98.881093
58313	舞蹈組	1	524438	98.881282
58314	舞孃	1	524439	98.881471
58315	舞伎	1	524440	98.881660
58316	蓉園餐廳	1	524441	98.881849
58317	蓉寧紙廠	1	524442	98.882038
58318	蓆子	1	524443	98.882227
58319	蓄水	1	524444	98.882416
58320	蓄水池	1	524445	98.882605
58321	蓄婢	1	524446	98.882794
58322	蓄勢	1	524447	98.882983
58323	蓄電池	1	524448	98.883172
58324	蓄積性作用	1	524449	98.883361
58325	蒙古斑	1	524450	98.883550
58326	蒙住	1	524451	98.883739
58327	蒙利	1	524452	98.883928
58328	蒙昧	1	524453	98.884117
58329	蒙面盜	1	524454	98.884306
58330	蒙冤	1	524455	98.884495
58331	蒙娜麗莎下樓梯	1	524456	98.884684
58332	蒙恩	1	524457	98.884873
58333	蒙特利爾	1	524458	98.885062
58334	蒙特婁協定	1	524459	98.885251
58335	蒙混	1	524460	98.885440
58336	蒙塵	1	524461	98.885629
58337	蒙藏	1	524462	98.885818
58338	蒙藏文化	1	524463	98.886007
58339	蒙難	1	524464	98.886196
58340	蒙騙	1	524465	98.886385
58341	蒲公英劇團	1	524466	98.886574
58342	蒲團	1	524467	98.886763
58343	蒜頭	1	524468	98.886952
58344	蓋手印	1	524469	98.887141
58345	蓋世	1	524470	98.887330
58346	蓋世太保	1	524471	98.887519
58347	蓋仙	1	524472	98.887708
58348	蓋屋	1	524473	98.887897
58349	蓋洛普民意調查	1	524474	98.888086
58350	蓋勒格	1	524475	98.888275
58351	蓋被	1	524476	98.888464
58352	蓋斯頓	1	524477	98.888653
58353	蓋棺論定	1	524478	98.888842
58354	蓋瑞塔斯達爾	1	524479	98.889031
58355	蓋瑞漢伯林	1	524480	98.889220
58356	蓋緊	1	524481	98.889409
58357	蒸汽	1	524482	98.889598
58358	蒸汽火車	1	524483	98.889787
58359	蒸汽蒸餾法	1	524484	98.889976
58360	蒸汽機	1	524485	98.890165
58361	蒸氣	1	524486	98.890354
58362	蒸氣鐘	1	524487	98.890543
58363	蒸熟	1	524488	98.890732
58364	蒸餾水	1	524489	98.890921
58365	蒸騰	1	524490	98.891110
58366	蒸籠	1	524491	98.891299
58367	蓓蕾	1	524492	98.891488
58368	蒐方	1	524493	98.891677
58369	蒐求	1	524494	98.891866
58370	蒐巡	1	524495	98.892055
58371	蒐證	1	524496	98.892244
58372	蒼天	1	524497	98.892433
58373	蒼南縣	1	524498	98.892622
58374	蒼涼	1	524499	98.892811
58375	蒼蒼	1	524500	98.893000
58376	蓊鬱	1	524501	98.893189
58377	蜿蜒崎嶇	1	524502	98.893378
58378	蜜月之旅	1	524503	98.893567
58379	蜜月期	1	524504	98.893756
58380	蜜雪兒波克	1	524505	98.893945
58381	蜜雪兒菲佛	1	524506	98.894134
58382	蜜糖	1	524507	98.894323
58383	蜜蠟色	1	524508	98.894512
58384	蜘蛛女俠	1	524509	98.894701
58385	蜘蛛山	1	524510	98.894890
58386	蜘蛛形	1	524511	98.895079
58387	蜘蛛猴	1	524512	98.895268
58388	蜘蛛絲	1	524513	98.895457
58389	蜘蛛腿	1	524514	98.895646
58390	蝕本	1	524515	98.895835
58391	蝕蛀	1	524516	98.896024
58392	蜷伏	1	524517	98.896213
58393	蜷曲	1	524518	98.896402
58394	裴豔玲	1	524519	98.896591
58395	裹腹	1	524520	98.896780
58396	裸子植物	1	524521	98.896969
58397	裸身	1	524522	98.897158
58398	裸胸魨	1	524523	98.897347
58399	裸體像	1	524524	98.897536
58400	製片費	1	524525	98.897725
58401	製片業	1	524526	98.897914
58402	製冰機	1	524527	98.898103
58403	製作企劃書	1	524528	98.898292
58404	製作所	1	524529	98.898481
58405	製作部	1	524530	98.898670
58406	製表	1	524531	98.898859
58407	製訂	1	524532	98.899048
58408	製革	1	524533	98.899237
58409	製紙	1	524534	98.899426
58410	製茶	1	524535	98.899615
58411	製造汙染稅	1	524536	98.899804
58412	製造者	1	524537	98.899993
58413	製造部	1	524538	98.900182
58414	製陶業	1	524539	98.900371
58415	製圖員	1	524540	98.900560
58416	製管	1	524541	98.900749
58417	製鞋	1	524542	98.900938
58418	製糖法	1	524543	98.901127
58419	製藥廠	1	524544	98.901316
58420	製鐵業	1	524545	98.901505
58421	裨益	1	524546	98.901694
58422	誦經	1	524547	98.901883
58423	誦讀	1	524548	98.902072
58424	誌慶	1	524549	98.902261
58425	語文學	1	524550	98.902450
58426	語出	1	524551	98.902639
58427	語言卡	1	524552	98.902828
58428	語言家	1	524553	98.903017
58429	語言處理器	1	524554	98.903206
58430	語重深長	1	524555	98.903395
58431	語族	1	524556	98.903584
58432	語意	1	524557	98.903773
58433	語源	1	524558	98.903962
58434	語錄	1	524559	98.904151
58435	誣人	1	524560	98.904340
58436	誣告	1	524561	98.904529
58437	認列	1	524562	98.904718
58438	認同卡	1	524563	98.904907
58439	認同感	1	524564	98.905096
58440	認作	1	524565	98.905285
58441	認清楚	1	524566	98.905474
58442	認罪	1	524567	98.905663
58443	認輔	1	524568	98.905852
58444	認養人	1	524569	98.906041
58445	認購	1	524570	98.906230
58446	誡命	1	524571	98.906419
58447	誓必	1	524572	98.906608
58448	誤列	1	524573	98.906797
58449	誤放	1	524574	98.906986
58450	誤區	1	524575	98.907175
58451	誤國	1	524576	98.907364
58452	誤觸	1	524577	98.907553
58453	說及	1	524578	98.907742
58454	說天畫地	1	524579	98.907931
58455	說天道地	1	524580	98.908120
58456	說文解字	1	524581	98.908309
58457	說定	1	524582	98.908498
58458	說明文	1	524583	98.908687
58459	說服性	1	524584	98.908876
58460	說亮話	1	524585	98.909065
58461	說客	1	524586	98.909254
58462	說書	1	524587	98.909443
58463	說書人	1	524588	98.909632
58464	說起	1	524589	98.909821
58465	說退	1	524590	98.910010
58466	說唱藝術	1	524591	98.910199
58467	說情	1	524592	98.910388
58468	說理	1	524593	98.910577
58469	說話課	1	524594	98.910766
58470	說說	1	524595	98.910955
58471	誨淫	1	524596	98.911144
58472	誨盜	1	524597	98.911333
58473	誘引	1	524598	98.911522
58474	誘餌	1	524599	98.911711
58475	誘導劑	1	524600	98.911900
58476	豪色	1	524601	98.912089
58477	豪快	1	524602	98.912278
58478	豪門巨室	1	524603	98.912467
58479	豪雨特報	1	524604	98.912656
58480	豪家	1	524605	98.912845
58481	豪奢	1	524606	98.913034
58482	豪情四海	1	524607	98.913223
58483	豪情萬丈	1	524608	98.913412
58484	豪華主管型直升機	1	524609	98.913601
58485	豪華車	1	524610	98.913790
58486	豪奪	1	524611	98.913979
58487	貌合神離	1	524612	98.914168
58488	貌似	1	524613	98.914357
58489	賓夕法尼亞州	1	524614	98.914546
58490	賓主盡歡	1	524615	98.914735
58491	賓州大學	1	524616	98.914924
58492	賓靜蓀	1	524617	98.915113
58493	賑災	1	524618	98.915302
58494	賑濟	1	524619	98.915491
58495	賒借	1	524620	98.915680
58496	賒賬	1	524621	98.915869
58497	赫卡特	1	524622	98.916058
58498	赫瓦爾	1	524623	98.916247
58499	赫瓦爾島	1	524624	98.916436
58500	赫伯里德	1	524625	98.916625
58501	赫伯常數	1	524626	98.916814
58502	赫曼‧李文	1	524627	98.917003
58503	赫斯特	1	524628	98.917192
58504	赫爾斯特	1	524629	98.917381
58505	赫德森灣	1	524630	98.917570
58506	趙子昂	1	524631	98.917759
58507	趙丹	1	524632	98.917948
58508	趙匡胤	1	524633	98.918137
58509	趙如光	1	524634	98.918326
58510	趙廷箴	1	524635	98.918515
58511	趙皇后	1	524636	98.918704
58512	趙敏	1	524637	98.918893
58513	趙淑敏	1	524638	98.919082
58514	趙陵山	1	524639	98.919271
58515	趙復芬	1	524640	98.919460
58516	趙雷	1	524641	98.919649
58517	趙輝	1	524642	98.919838
58518	趙寶溝類型	1	524643	98.920027
58519	趕公車	1	524644	98.920216
58520	趕考	1	524645	98.920405
58521	趕活	1	524646	98.920594
58522	趕場子	1	524647	98.920783
58523	輔化宣行	1	524648	98.920972
58524	輔助方向盤	1	524649	98.921161
58525	輔助形	1	524650	98.921350
58526	輔育院	1	524651	98.921539
58527	輔政	1	524652	98.921728
58528	輔導級	1	524653	98.921917
58529	輔導團	1	524654	98.922106
58530	輕中度	1	524655	98.922295
58531	輕叩	1	524656	98.922484
58532	輕吹	1	524657	98.922673
58533	輕吟	1	524658	98.922862
58534	輕快感	1	524659	98.923051
58535	輕言	1	524660	98.923240
58536	輕佻	1	524661	98.923429
58537	輕呼	1	524662	98.923618
58538	輕拍	1	524663	98.923807
58539	輕油	1	524664	98.923996
58540	輕者	1	524665	98.924185
58541	輕便車	1	524666	98.924374
58542	輕型車	1	524667	98.924563
58543	輕型商用車	1	524668	98.924752
58544	輕度颱風	1	524669	98.924941
58545	輕盈盈	1	524670	98.925130
58546	輕重緩急	1	524671	98.925319
58547	輕笑	1	524672	98.925508
58548	輕爽	1	524673	98.925697
58549	輕喟	1	524674	98.925886
58550	輕量	1	524675	98.926075
58551	輕量化科技	1	524676	98.926264
58552	輕傷	1	524677	98.926453
58553	輕裝	1	524678	98.926642
58554	輕歌	1	524679	98.926831
58555	輕磅	1	524680	98.927020
58556	輕蔑	1	524681	98.927209
58557	輕賤	1	524682	98.927398
58558	輕聲字	1	524683	98.927587
58559	輕飄飄	1	524684	98.927776
58560	輕靈	1	524685	98.927965
58561	輓聯	1	524686	98.928154
58562	輓額	1	524687	98.928343
58563	辣手美人心	1	524688	98.928532
58564	辣味	1	524689	98.928721
58565	遠天	1	524690	98.928910
58566	遠在	1	524691	98.929099
58567	遠走	1	524692	98.929288
58568	遠東紡織	1	524693	98.929477
58569	遠東賽	1	524694	98.929666
58570	遠流	1	524695	98.929855
58571	遠看	1	524696	98.930044
58572	遠射	1	524697	98.930233
58573	遠涉重洋	1	524698	98.930422
58574	遠航	1	524699	98.930611
58575	遠族	1	524700	98.930800
58576	遠渡	1	524701	98.930989
58577	遠溯	1	524702	98.931178
58578	遠遠地	1	524703	98.931367
58579	遠邁	1	524704	98.931556
58580	遠離家園	1	524705	98.931745
58581	遠觀	1	524706	98.931934
58582	遜斃了	1	524707	98.932123
58583	遣往	1	524708	98.932312
58584	遣散	1	524709	98.932501
58585	遣詞用字	1	524710	98.932690
58586	遙寄	1	524711	98.932879
58587	遙控中央門鎖	1	524712	98.933068
58588	遙控汽車	1	524713	98.933257
58589	遙控車	1	524714	98.933446
58590	遙望	1	524715	98.933635
58591	遙遠的落日	1	524716	98.933824
58592	遙憶	1	524717	98.934013
58593	遞回	1	524718	98.934202
58594	遞送	1	524719	98.934391
58595	遞移	1	524720	98.934580
58596	遞減法	1	524721	98.934769
58597	遞嬗	1	524722	98.934958
58598	遛狗	1	524723	98.935147
58599	酸心銲接劑	1	524724	98.935336
58600	酸血症	1	524725	98.935525
58601	酸豆角	1	524726	98.935714
58602	酸乳酪	1	524727	98.935903
58603	酸度	1	524728	98.936092
58604	酸臭氣	1	524729	98.936281
58605	酸敗	1	524730	98.936470
58606	酸麻	1	524731	98.936659
58607	酸菜	1	524732	98.936848
58608	酸溜溜	1	524733	98.937037
58609	酸葡萄	1	524734	98.937226
58610	酸腐味	1	524735	98.937415
58611	酸鹼平衡	1	524736	98.937604
58612	酸鹼性	1	524737	98.937793
58613	酸鹼測定值	1	524738	98.937982
58614	酷小子	1	524739	98.938171
58615	酷呆了	1	524740	98.938360
58616	酷男	1	524741	98.938549
58617	酷肖	1	524742	98.938738
58618	酷烈	1	524743	98.938927
58619	酷寒	1	524744	98.939116
58620	酷暑	1	524745	98.939305
58621	酷愛	1	524746	98.939494
58622	酷熱期	1	524747	98.939683
58623	銀元寶	1	524748	98.939872
58624	銀水	1	524749	98.940061
58625	銀白色	1	524750	98.940250
58626	銀光	1	524751	98.940439
58627	銀匠	1	524752	98.940628
58628	銀灰色	1	524753	98.940817
58629	銀行界	1	524754	98.941006
58630	銀行經理	1	524755	98.941195
58631	銀杏	1	524756	98.941384
58632	銀河號	1	524757	98.941573
58633	銀河團	1	524758	98.941762
58634	銀紅	1	524759	98.941951
58635	銀晃晃	1	524760	98.942140
58636	銀根	1	524761	98.942329
58637	銀梳子	1	524762	98.942518
58638	銀海	1	524763	98.942707
58639	銀貨兩訖	1	524764	98.942896
58640	銀湯匙	1	524765	98.943085
58641	銀暈	1	524766	98.943274
58642	銀獅獎	1	524767	98.943463
58643	銀飾	1	524768	98.943652
58644	銀幣	1	524769	98.943841
58645	銀熊獎	1	524770	98.944030
58646	銀彈	1	524771	98.944219
58647	銀髮人	1	524772	98.944408
58648	銀錠橋	1	524773	98.944597
58649	銀錢	1	524774	98.944786
58650	銀翼殺手	1	524775	98.944975
58651	銀雞	1	524776	98.945164
58652	銀礦	1	524777	98.945353
58653	銅水	1	524778	98.945542
58654	銅版	1	524779	98.945731
58655	銅鈴	1	524780	98.945920
58656	銅鼓聲	1	524781	98.946109
58657	銅綠	1	524782	98.946298
58658	銅製	1	524783	98.946487
58659	銅廠河	1	524784	98.946676
58660	銅獎	1	524785	98.946865
58661	銅質	1	524786	98.947054
58662	銅鋅版	1	524787	98.947243
58663	銅雕	1	524788	98.947432
58664	銅鍊	1	524789	98.947621
58665	銅羅	1	524790	98.947810
58666	銅礦	1	524791	98.947999
58667	銅鑰	1	524792	98.948188
58668	銅鑼灣	1	524793	98.948377
58669	銅鑼灣區	1	524794	98.948566
58670	銘刻	1	524795	98.948755
58671	銘記	1	524796	98.948944
58672	銘傳國小	1	524797	98.949133
58673	銘傳管理學院	1	524798	98.949322
58674	銘謝	1	524799	98.949511
58675	鉻合金	1	524800	98.949700
58676	鉻酸	1	524801	98.949889
58677	鉻酸霧	1	524802	98.950078
58678	閩浙水師	1	524803	98.950267
58679	閩越	1	524804	98.950456
58680	閣式	1	524805	98.950645
58681	閥門	1	524806	98.950834
58682	隙縫	1	524807	98.951023
58683	障帷	1	524808	98.951212
58684	障眼	1	524809	98.951401
58685	障壁	1	524810	98.951590
58686	雌鳥	1	524811	98.951779
58687	雌雄	1	524812	98.951968
58688	雌雄大盜	1	524813	98.952157
58689	雌蜂鳥	1	524814	98.952346
58690	雌獸	1	524815	98.952535
58691	需水量	1	524816	98.952724
58692	需有	1	524817	98.952913
58693	需求者	1	524818	98.953102
58694	需求期	1	524819	98.953291
58695	需知	1	524820	98.953480
58696	需索	1	524821	98.953669
58697	韶光	1	524822	98.953858
58698	韶華	1	524823	98.954047
58699	頗佳	1	524824	98.954236
58700	頗能	1	524825	98.954425
58701	頗高	1	524826	98.954614
58702	頗富	1	524827	98.954803
58703	領口	1	524828	98.954992
58704	領主	1	524829	98.955181
58705	領先群雄	1	524830	98.955370
58706	領回	1	524831	98.955559
58707	領到	1	524832	98.955748
58708	領空	1	524833	98.955937
58709	領型	1	524834	98.956126
58710	領航天外天	1	524835	98.956315
58711	領唱	1	524836	98.956504
58712	領圈	1	524837	98.956693
58713	領獎人	1	524838	98.956882
58714	領賞	1	524839	98.957071
58715	領導力	1	524840	98.957260
58716	領導層	1	524841	98.957449
58717	颱風天	1	524842	98.957638
58718	餅干盒	1	524843	98.957827
58719	餅乾罐	1	524844	98.958016
58720	餌鳥	1	524845	98.958205
58721	駁斥	1	524846	98.958394
58722	駁雜	1	524847	98.958583
58723	骰子	1	524848	98.958772
58724	魂不守舍	1	524849	98.958961
58725	魂飛魄散	1	524850	98.959150
58726	魂斷藍橋	1	524851	98.959339
58727	鳴沙山	1	524852	98.959528
58728	鳴唱	1	524853	98.959717
58729	鳴啼	1	524854	98.959906
58730	鳴機夜課圖記	1	524855	98.960095
58731	鳴鑼	1	524856	98.960284
58732	鳳爪	1	524857	98.960473
58733	鳳仙花	1	524858	98.960662
58734	鳳西國小	1	524859	98.960851
58735	鳳求凰	1	524860	98.961040
58736	鳳姐兒	1	524861	98.961229
58737	鳳飛飛	1	524862	98.961418
58738	鳳凰木	1	524863	98.961607
58739	鳳凰谷	1	524864	98.961796
58740	鳳凰花開	1	524865	98.961985
58741	鳳凰峰	1	524866	98.962174
58742	鳳凰旅遊	1	524867	98.962363
58743	鳳翔	1	524868	98.962552
58744	鳳陽三花	1	524869	98.962741
58745	鳳陽古今	1	524870	98.962930
58746	鳳陽府	1	524871	98.963119
58747	鳳陽風土誌	1	524872	98.963308
58748	鳳陽歌	1	524873	98.963497
58749	鳳蝶	1	524874	98.963686
58750	鳳頭蒼鷹	1	524875	98.963875
58751	鼻中隔	1	524876	98.964064
58752	鼻中隔偏曲	1	524877	98.964253
58753	鼻如懸膽	1	524878	98.964442
58754	鼻屎	1	524879	98.964631
58755	鼻音	1	524880	98.964820
58756	鼻根部	1	524881	98.965009
58757	鼻病	1	524882	98.965198
58758	鼻淚道吻合術	1	524883	98.965387
58759	鼻淚管	1	524884	98.965576
58760	鼻酸	1	524885	98.965765
58761	鼻袓	1	524886	98.965954
58762	齊瓦哥醫生	1	524887	98.966143
58763	齊耳	1	524888	98.966332
58764	齊步	1	524889	98.966521
58765	齊步跑	1	524890	98.966710
58766	齊放	1	524891	98.966899
58767	齊柏林飛船	1	524892	98.967088
58768	齊飛	1	524893	98.967277
58769	齊泰	1	524894	98.967466
58770	齊高	1	524895	98.967655
58771	齊唱	1	524896	98.967844
58772	齊景公	1	524897	98.968033
58773	齊集	1	524898	98.968222
58774	齊聚	1	524899	98.968411
58775	齊齊整整	1	524900	98.968600
58776	齊膝	1	524901	98.968789
58777	齊頭式	1	524902	98.968978
58778	齊藤晴彥	1	524903	98.969167
58779	齊藤讓	1	524904	98.969356
58780	億元	1	524905	98.969545
58781	億萬	1	524906	98.969734
58782	儀行父	1	524907	98.969923
58783	儀杖隊	1	524908	98.970112
58784	儀典	1	524909	98.970301
58785	儀表	1	524910	98.970490
58786	儀表板	1	524911	98.970679
58787	儀門	1	524912	98.970868
58788	儀範	1	524913	98.971057
58789	僻處	1	524914	98.971246
58790	僻野	1	524915	98.971435
58791	僻遠	1	524916	98.971624
58792	僵住	1	524917	98.971813
58793	僵冷	1	524918	98.972002
58794	僵固	1	524919	98.972191
58795	僵屍	1	524920	98.972380
58796	價目表	1	524921	98.972569
58797	價昂	1	524922	98.972758
58798	價值不菲	1	524923	98.972947
58799	價值鏈	1	524924	98.973136
58800	價格面	1	524925	98.973325
58801	價格帶	1	524926	98.973514
58802	價格戰	1	524927	98.973703
58803	價款	1	524928	98.973892
58804	價量	1	524929	98.974081
58805	價量雙軌計稅	1	524930	98.974270
58806	價廉	1	524931	98.974459
58807	價錢牌	1	524932	98.974648
58808	儉省	1	524933	98.974837
58809	儉約	1	524934	98.975026
58810	凜冽	1	524935	98.975215
58811	劇中人	1	524936	98.975404
58812	劇曲	1	524937	98.975593
58813	劇毒	1	524938	98.975782
58814	劇降	1	524939	98.975971
58815	劇情式	1	524940	98.976160
58816	劇終	1	524941	98.976349
58817	劇減	1	524942	98.976538
58818	劇痛	1	524943	98.976727
58819	劇跌	1	524944	98.976916
58820	劇集	1	524945	98.977105
58821	劇增	1	524946	98.977294
58822	劈入	1	524947	98.977483
58823	劈面	1	524948	98.977672
58824	劈柴	1	524949	98.977861
58825	劈頭	1	524950	98.978050
58826	劉中興	1	524951	98.978239
58827	劉世勳	1	524952	98.978428
58828	劉可強	1	524953	98.978617
58829	劉永	1	524954	98.978806
58830	劉永華	1	524955	98.978995
58831	劉用炤	1	524956	98.979184
58832	劉兆祐	1	524957	98.979373
58833	劉安	1	524958	98.979562
58834	劉汝強	1	524959	98.979751
58835	劉克襄	1	524960	98.979940
58836	劉其偉	1	524961	98.980129
58837	劉昌崙	1	524962	98.980318
58838	劉明新	1	524963	98.980507
58839	劉武雄	1	524964	98.980696
58840	劉芳	1	524965	98.980885
58841	劉金標	1	524966	98.981074
58842	劉俊	1	524967	98.981263
58843	劉俊宏	1	524968	98.981452
58844	劉春堂	1	524969	98.981641
58845	劉為	1	524970	98.981830
58846	劉禹錫	1	524971	98.982019
58847	劉紅綢	1	524972	98.982208
58848	劉貞祥	1	524973	98.982397
58849	劉國基	1	524974	98.982586
58850	劉基	1	524975	98.982775
58851	劉勝	1	524976	98.982964
58852	劉博文	1	524977	98.983153
58853	劉棠瑞	1	524978	98.983342
58854	劉華清	1	524979	98.983531
58855	劉會梁	1	524980	98.983720
58856	劉源俊	1	524981	98.983909
58857	劉瑞堂	1	524982	98.984098
58858	劉詩復	1	524983	98.984287
58859	劉嘉玲	1	524984	98.984476
58860	劉震寰	1	524985	98.984665
58861	劉曉慶	1	524986	98.984854
58862	劉墉	1	524987	98.985043
58863	劉璈	1	524988	98.985232
58864	劍身	1	524989	98.985421
58865	劍河	1	524990	98.985610
58866	劍客	1	524991	98.985799
58867	劍術	1	524992	98.985988
58868	劍戟	1	524993	98.986177
58869	劍湖山世界	1	524994	98.986366
58870	劍潭國小	1	524995	98.986555
58871	劍齒虎	1	524996	98.986744
58872	劍齒象	1	524997	98.986933
58873	劍器	1	524998	98.987122
58874	劍龍	1	524999	98.987311
58875	劊子手	1	525000	98.987500
58876	厲行	1	525001	98.987689
58877	厲鬼	1	525002	98.987878
58878	嘻皮笑臉	1	525003	98.988067
58879	嘻鬧聲	1	525004	98.988256
58880	嘴皮	1	525005	98.988445
58881	嘴尖	1	525006	98.988634
58882	嘴吻	1	525007	98.988823
58883	嘴型	1	525008	98.989012
58884	嘴硬	1	525009	98.989201
58885	嘴對嘴的戰爭	1	525010	98.989390
58886	嘩！英雄	1	525011	98.989579
58887	噓走	1	525012	98.989768
58888	噓寒問暖	1	525013	98.989957
58889	噓聲	1	525014	98.990146
58890	噗通	1	525015	98.990335
58891	噗哧	1	525016	98.990524
58892	噴水龍	1	525017	98.990713
58893	噴火恐龍	1	525018	98.990902
58894	噴字	1	525019	98.991091
58895	噴泡沫器	1	525020	98.991280
58896	噴砂機	1	525021	98.991469
58897	噴射引擎	1	525022	98.991658
58898	噴射系統	1	525023	98.991847
58899	噴射電子綜合控制方式	1	525024	98.992036
58900	噴射戰機	1	525025	98.992225
58901	噴射機	1	525026	98.992414
58902	噴氣流	1	525027	98.992603
58903	噴漆	1	525028	98.992792
58904	噴嘴	1	525029	98.992981
58905	噴墨式	1	525030	98.993170
58906	噴墨技術	1	525031	98.993359
58907	噴嚏	1	525032	98.993548
58908	噴藥	1	525033	98.993737
58909	嘶力	1	525034	98.993926
58910	嘶啞	1	525035	98.994115
58911	嘶聲	1	525036	98.994304
58912	嘶聲力竭	1	525037	98.994493
58913	嘰嘰喳喳	1	525038	98.994682
58914	增加率	1	525039	98.994871
58915	增加數	1	525040	98.995060
58916	增生	1	525041	98.995249
58917	增收	1	525042	98.995438
58918	增快	1	525043	98.995627
58919	增長率	1	525044	98.995816
58920	增重	1	525045	98.996005
58921	增班	1	525046	98.996194
58922	增財	1	525047	98.996383
58923	增援	1	525048	98.996572
58924	增智	1	525049	98.996761
58925	增殖腺	1	525050	98.996950
58926	增進型	1	525051	98.997139
58927	增資效益	1	525052	98.997328
58928	增壓引擎	1	525053	98.997517
58929	增壓器	1	525054	98.997706
58930	增濕機	1	525055	98.997895
58931	墳山	1	525056	98.998084
58932	墳墓山	1	525057	98.998273
58933	墜子	1	525058	98.998462
58934	嬉笑	1	525059	98.998651
58935	嬉笑打鬧	1	525060	98.998840
58936	嬉遊	1	525061	98.999029
58937	嬉鬧	1	525062	98.999218
58938	嫻靜	1	525063	98.999407
58939	嫵媚	1	525064	98.999596
58940	嬌小	1	525065	98.999785
58941	嬌生	1	525066	98.999974
58942	嬌生慣養	1	525067	99.000163
58943	嬌兒	1	525068	99.000352
58944	嬌妾	1	525069	99.000541
58945	嬌妻	1	525070	99.000730
58946	嬌弱	1	525071	99.000919
58947	嬌笑	1	525072	99.001108
58948	嬌啼	1	525073	99.001297
58949	嬌媚	1	525074	99.001486
58950	嬌貴	1	525075	99.001675
58951	嬌陽	1	525076	99.001864
58952	嬌慣	1	525077	99.002053
58953	嬌寶	1	525078	99.002242
58954	嬌嗔	1	525079	99.002431
58955	嬌嗲	1	525080	99.002620
58956	寬仁親王	1	525081	99.002809
58957	寬衣	1	525082	99.002998
58958	寬宏	1	525083	99.003187
58959	寬處	1	525084	99.003376
58960	寬幅	1	525085	99.003565
58961	寬腳褲	1	525086	99.003754
58962	寬裕	1	525087	99.003943
58963	寬銀幕	1	525088	99.004132
58964	寬慰	1	525089	99.004321
58965	寬邊帽	1	525090	99.004510
58966	審判官	1	525091	99.004699
58967	審判椅	1	525092	99.004888
58968	審批	1	525093	99.005077
58969	審思	1	525094	99.005266
58970	審查員特別獎	1	525095	99.005455
58971	審查員獎	1	525096	99.005644
58972	審標	1	525097	99.005833
58973	審議會	1	525098	99.006022
58974	寫生賽	1	525099	99.006211
58975	寫好	1	525100	99.006400
58976	寫景	1	525101	99.006589
58977	寫實片	1	525102	99.006778
58978	寫實主義	1	525103	99.006967
58979	層層疊疊	1	525104	99.007156
58980	履見不鮮	1	525105	99.007345
58981	履帶	1	525106	99.007534
58982	履歷表	1	525107	99.007723
58983	幡然	1	525108	99.007912
58984	幡然改觀	1	525109	99.008101
58985	廢土車	1	525110	99.008290
58986	廢土場	1	525111	99.008479
58987	廢五金	1	525112	99.008668
58988	廢水池	1	525113	99.008857
58989	廢水處理	1	525114	99.009046
58990	廢水處理廠	1	525115	99.009235
58991	廢言	1	525116	99.009424
58992	廢車	1	525117	99.009613
58993	廢車場	1	525118	99.009802
58994	廢物利用	1	525119	99.009991
58995	廢容器	1	525120	99.010180
58996	廢料	1	525121	99.010369
58997	廢氣排放標準	1	525122	99.010558
58998	廢氣排放濃度	1	525123	99.010747
58999	廢紙盤	1	525124	99.010936
59000	廢船	1	525125	99.011125
59001	廢話	1	525126	99.011314
59002	廢電池	1	525127	99.011503
59003	廢黜	1	525128	99.011692
59004	廢爐渣	1	525129	99.011881
59005	廚師、大盜、他的太太和她的情人	1	525130	99.012070
59006	廚師帽	1	525131	99.012259
59007	廚藝	1	525132	99.012448
59008	廟口	1	525133	99.012637
59009	廟中	1	525134	99.012826
59010	廟堂	1	525135	99.013015
59011	廟頂	1	525136	99.013204
59012	廟慶	1	525137	99.013393
59013	廝纏	1	525138	99.013582
59014	廣及	1	525139	99.013771
59015	廣西省	1	525140	99.013960
59016	廣告化	1	525141	99.014149
59017	廣告心理學	1	525142	99.014338
59018	廣告的科學	1	525143	99.014527
59019	廣告品	1	525144	99.014716
59020	廣告客戶協會	1	525145	99.014905
59021	廣告員	1	525146	99.015094
59022	廣告商會	1	525147	99.015283
59023	廣告商業同業公會	1	525148	99.015472
59024	廣告部	1	525149	99.015661
59025	廣告牌	1	525150	99.015850
59026	廣告量	1	525151	99.016039
59027	廣告節目化	1	525152	99.016228
59028	廣告稿	1	525153	99.016417
59029	廣告學系	1	525154	99.016606
59030	廣角鏡	1	525155	99.016795
59031	廣府語	1	525156	99.016984
59032	廣東飛虎軍	1	525157	99.017173
59033	廣東菜	1	525158	99.017362
59034	廣東路	1	525159	99.017551
59035	廣津和郎	1	525160	99.017740
59036	廣為人知	1	525161	99.017929
59037	廣島縣	1	525162	99.018118
59038	廣效	1	525163	99.018307
59039	廣益	1	525164	99.018496
59040	廣敞	1	525165	99.018685
59041	廣廈	1	525166	99.018874
59042	廣慈博愛院婦女職業輔導所	1	525167	99.019063
59043	廣達	1	525168	99.019252
59044	廣電系	1	525169	99.019441
59045	廣電法	1	525170	99.019630
59046	廣福	1	525171	99.019819
59047	廣遠	1	525172	99.020008
59048	廣播音樂節	1	525173	99.020197
59049	廣播員	1	525174	99.020386
59050	廣播電視法	1	525175	99.020575
59051	廣播臺	1	525176	99.020764
59052	廣播劇	1	525177	99.020953
59053	廣袤	1	525178	99.021142
59054	廠址	1	525179	99.021331
59055	廠齡	1	525180	99.021520
59056	彈力	1	525181	99.021709
59057	彈丸小島	1	525182	99.021898
59058	彈丸之地	1	525183	99.022087
59059	彈弓	1	525184	99.022276
59060	彈升	1	525185	99.022465
59061	彈出	1	525186	99.022654
59062	彈吉它	1	525187	99.022843
59063	彈向	1	525188	99.023032
59064	彈和	1	525189	99.023221
59065	彈性化	1	525190	99.023410
59066	彈性制	1	525191	99.023599
59067	彈性測力傳感環	1	525192	99.023788
59068	彈動	1	525193	99.023977
59069	彈掉	1	525194	99.024166
59070	彈詞	1	525195	99.024355
59071	彈塗魚	1	525196	99.024544
59072	彈盡援絕	1	525197	99.024733
59073	彈腿營	1	525198	99.024922
59074	彈簧腿	1	525199	99.025111
59075	影友會	1	525200	99.025300
59076	影史	1	525201	99.025489
59077	影本	1	525202	99.025678
59078	影印本	1	525203	99.025867
59079	影兒	1	525204	99.026056
59080	影城	1	525205	99.026245
59081	影帝	1	525206	99.026434
59082	影映	1	525207	99.026623
59083	影評人週	1	525208	99.026812
59084	影評人獎	1	525209	99.027001
59085	影業	1	525210	99.027190
59086	影痴	1	525211	99.027379
59087	影像卡	1	525212	99.027568
59088	影像電話	1	525213	99.027757
59089	影碟片	1	525214	99.027946
59090	影碟交換中心	1	525215	99.028135
59091	影劇院	1	525216	99.028324
59092	影影幢幢	1	525217	99.028513
59093	影壁	1	525218	99.028702
59094	影藝	1	525219	99.028891
59095	影藝協會	1	525220	99.029080
59096	影藝界	1	525221	99.029269
59097	影響雜誌	1	525222	99.029458
59098	德人	1	525223	99.029647
59099	德山宣鑑	1	525224	99.029836
59100	德川家康	1	525225	99.030025
59101	德才兼備	1	525226	99.030214
59102	德化窯	1	525227	99.030403
59103	德目	1	525228	99.030592
59104	德先生	1	525229	99.030781
59105	德安生活百貨	1	525230	99.030970
59106	德育	1	525231	99.031159
59107	德制	1	525232	99.031348
59108	德宗	1	525233	99.031537
59109	德昌建設	1	525234	99.031726
59110	德東	1	525235	99.031915
59111	德股	1	525236	99.032104
59112	德品	1	525237	99.032293
59113	德政	1	525238	99.032482
59114	德皇	1	525239	99.032671
59115	德科西科	1	525240	99.032860
59116	德音國小	1	525241	99.033049
59117	德國裔	1	525242	99.033238
59118	德國種	1	525243	99.033427
59119	德智體群	1	525244	99.033616
59120	德智體群美	1	525245	99.033805
59121	德陽殿	1	525246	99.033994
59122	德慎和尚	1	525247	99.034183
59123	德業	1	525248	99.034372
59124	德雷夫亞人	1	525249	99.034561
59125	德魯峰	1	525250	99.034750
59126	德蕾莎	1	525251	99.034939
59127	徵召令	1	525252	99.035128
59128	徵句	1	525253	99.035317
59129	徵狀	1	525254	99.035506
59130	徵信社	1	525255	99.035695
59131	徵信新聞報	1	525256	99.035884
59132	徵稅	1	525257	99.036073
59133	徵舒	1	525258	99.036262
59134	徵象	1	525259	99.036451
59135	慶子	1	525260	99.036640
59136	慶功	1	525261	99.036829
59137	慶新年	1	525262	99.037018
59138	慶餘	1	525263	99.037207
59139	慶親王	1	525264	99.037396
59140	慧眼	1	525265	99.037585
59141	慧眼獨具	1	525266	99.037774
59142	慧智案	1	525267	99.037963
59143	慧劍	1	525268	99.038152
59144	慧黠	1	525269	99.038341
59145	慕迪	1	525270	99.038530
59146	慕滅	1	525271	99.038719
59147	慕戀	1	525272	99.038908
59148	憂心如焚	1	525273	99.039097
59149	憂國憂民	1	525274	99.039286
59150	憂患意識	1	525275	99.039475
59151	憂愁	1	525276	99.039664
59152	憂憤	1	525277	99.039853
59153	憂懷	1	525278	99.040042
59154	憂懼	1	525279	99.040231
59155	憂鬱症	1	525280	99.040420
59156	慰勉	1	525281	99.040609
59157	慰問信	1	525282	99.040798
59158	慾念	1	525283	99.040987
59159	慾界	1	525284	99.041176
59160	慾海橫流	1	525285	99.041365
59161	慾望之翼	1	525286	99.041554
59162	憫農詩	1	525287	99.041743
59163	憤然	1	525288	99.041932
59164	憤憤地	1	525289	99.042121
59165	摩天	1	525290	99.042310
59166	摩天大廈	1	525291	99.042499
59167	摩天樓	1	525292	99.042688
59168	摩托羅拉集團	1	525293	99.042877
59169	摩里亞岬	1	525294	99.043066
59170	摩里森	1	525295	99.043255
59171	摩拖車	1	525296	99.043444
59172	摩門教	1	525297	99.043633
59173	摩陀嶺	1	525298	99.043822
59174	摩洛哥	1	525299	99.044011
59175	摩娑	1	525300	99.044200
59176	摩根	1	525301	99.044389
59177	摩根史坦利世界指數	1	525302	99.044578
59178	摩根銀行	1	525303	99.044767
59179	摩納哥王子	1	525304	99.044956
59180	摩崖石刻	1	525305	99.045145
59181	摩鹿加群島	1	525306	99.045334
59182	摩斯街	1	525307	99.045523
59183	摩登伽經	1	525308	99.045712
59184	摩登武聖	1	525309	99.045901
59185	摩登保姆	1	525310	99.046090
59186	摯情	1	525311	99.046279
59187	摯愛	1	525312	99.046468
59188	摯誠	1	525313	99.046657
59189	摹倣	1	525314	99.046846
59190	撞死	1	525315	99.047035
59191	撞見	1	525316	99.047224
59192	撞車	1	525317	99.047413
59193	撞倒	1	525318	99.047602
59194	撞破	1	525319	99.047791
59195	撞桿	1	525320	99.047980
59196	撞球桌	1	525321	99.048169
59197	撞球檯	1	525322	99.048358
59198	撞傷	1	525323	99.048547
59199	撞擊力	1	525324	99.048736
59200	撞擊安全性	1	525325	99.048925
59201	撞擊吸收結構	1	525326	99.049114
59202	撞擊緩衝區	1	525327	99.049303
59203	撞牆	1	525328	99.049492
59204	撞壞	1	525329	99.049681
59205	撲向	1	525330	99.049870
59206	撲來	1	525331	99.050059
59207	撲擊	1	525332	99.050248
59208	撈一票	1	525333	99.050437
59209	撈捕	1	525334	99.050626
59210	撈起來	1	525335	99.050815
59211	撈魚	1	525336	99.051004
59212	撈錢	1	525337	99.051193
59213	撐竿跳	1	525338	99.051382
59214	撐起	1	525339	99.051571
59215	撐場面	1	525340	99.051760
59216	撐開	1	525341	99.051949
59217	撰稿員	1	525342	99.052138
59218	撥叫	1	525343	99.052327
59219	撥作	1	525344	99.052516
59220	撥空	1	525345	99.052705
59221	撥雲見日	1	525346	99.052894
59222	撥落	1	525347	99.053083
59223	撕破臉	1	525348	99.053272
59224	撕爛	1	525349	99.053461
59225	撩落	1	525350	99.053650
59226	撒手	1	525351	99.053839
59227	撒手人寰	1	525352	99.054028
59228	撒旦詩篇	1	525353	99.054217
59229	撒尿	1	525354	99.054406
59230	撒哈拉	1	525355	99.054595
59231	撒哈拉沙漠	1	525356	99.054784
59232	撒該	1	525357	99.054973
59233	撒嬌	1	525358	99.055162
59234	撒錢	1	525359	99.055351
59235	撒謊	1	525360	99.055540
59236	播放站	1	525361	99.055729
59237	播音室	1	525362	99.055918
59238	播音器	1	525363	99.056107
59239	播揚	1	525364	99.056296
59240	播散	1	525365	99.056485
59241	撫今追昔	1	525366	99.056674
59242	撫育	1	525367	99.056863
59243	撫卹金	1	525368	99.057052
59244	撫孤	1	525369	99.057241
59245	撫掌	1	525370	99.057430
59246	撫遠街大慘案	1	525371	99.057619
59247	撢子	1	525372	99.057808
59248	敵手	1	525373	99.057997
59249	敵方	1	525374	99.058186
59250	敵我	1	525375	99.058375
59251	敵我意識	1	525376	99.058564
59252	敵後方	1	525377	99.058753
59253	敵視	1	525378	99.058942
59254	敵樓	1	525379	99.059131
59255	敵襲	1	525380	99.059320
59256	敷衍了事	1	525381	99.059509
59257	敷榮	1	525382	99.059698
59258	數人	1	525383	99.059887
59259	數日	1	525384	99.060076
59260	數以千計	1	525385	99.060265
59261	數目字	1	525386	99.060454
59262	數年來	1	525387	99.060643
59263	數百人	1	525388	99.060832
59264	數百家	1	525389	99.061021
59265	數位化儲存	1	525390	99.061210
59266	數位立體音響效果	1	525391	99.061399
59267	數位式速度錶	1	525392	99.061588
59268	數位板	1	525393	99.061777
59269	數位剪接	1	525394	99.061966
59270	數位畫面	1	525395	99.062155
59271	數位網路	1	525396	99.062344
59272	數位錄音	1	525397	99.062533
59273	數來寶	1	525398	99.062722
59274	數典忘祖	1	525399	99.062911
59275	數倍	1	525400	99.063100
59276	數家	1	525401	99.063289
59277	數級	1	525402	99.063478
59278	數週	1	525403	99.063667
59279	數種	1	525404	99.063856
59280	數際	1	525405	99.064045
59281	數數兒	1	525406	99.064234
59282	數學科	1	525407	99.064423
59283	數學推理班	1	525408	99.064612
59284	數學資優班	1	525409	99.064801
59285	數據庫	1	525410	99.064990
59286	數據機	1	525411	99.065179
59287	暮鼓晨鐘	1	525412	99.065368
59288	暮歸	1	525413	99.065557
59289	暮靄	1	525414	99.065746
59290	暫列	1	525415	99.065935
59291	暫時性	1	525416	99.066124
59292	暫留	1	525417	99.066313
59293	暫歇	1	525418	99.066502
59294	暫稱	1	525419	99.066691
59295	暫離	1	525420	99.066880
59296	暴雨期	1	525421	99.067069
59297	暴怒	1	525422	99.067258
59298	暴政	1	525423	99.067447
59299	暴風	1	525424	99.067636
59300	暴風雪	1	525425	99.067825
59301	暴脹	1	525426	99.068014
59302	暴跌	1	525427	99.068203
59303	暴跳如雷	1	525428	99.068392
59304	暴彈	1	525429	99.068581
59305	暴龍	1	525430	99.068770
59306	暴斃	1	525431	99.068959
59307	暴露狂	1	525432	99.069148
59308	暴靈	1	525433	99.069337
59309	暱愛	1	525434	99.069526
59310	樟油	1	525435	99.069715
59311	樟腳	1	525436	99.069904
59312	樟腦丸	1	525437	99.070093
59313	樟腦油	1	525438	99.070282
59314	樁柱	1	525439	99.070471
59315	樞王	1	525440	99.070660
59316	樞府	1	525441	99.070849
59317	樞密直學士	1	525442	99.071038
59318	樞鈕	1	525443	99.071227
59319	樞機	1	525444	99.071416
59320	標本箱	1	525445	99.071605
59321	標示牌	1	525446	99.071794
59322	標杆	1	525447	99.071983
59323	標借	1	525448	99.072172
59324	標案	1	525449	99.072361
59325	標單	1	525450	99.072550
59326	標註	1	525451	99.072739
59327	標準型	1	525452	99.072928
59328	標準桿	1	525453	99.073117
59329	標靶	1	525454	99.073306
59330	標緻	1	525455	99.073495
59331	標緻汽車	1	525456	99.073684
59332	標緻集團	1	525457	99.073873
59333	標舉	1	525458	99.074062
59334	標購	1	525459	99.074251
59335	標識牌	1	525460	99.074440
59336	槽座	1	525461	99.074629
59337	槽邊吸風罩	1	525462	99.074818
59338	模式型	1	525463	99.075007
59339	模板	1	525464	99.075196
59340	模型狗	1	525465	99.075385
59341	模造紙	1	525466	99.075574
59342	模稜兩可	1	525467	99.075763
59343	模管式	1	525468	99.075952
59344	模模糊糊	1	525469	99.076141
59345	模擬戰	1	525470	99.076330
59346	模鑄多連桿	1	525471	99.076519
59347	模棱兩可	1	525472	99.076708
59348	樓板	1	525473	99.076897
59349	樓船	1	525474	99.077086
59350	樓臺	1	525475	99.077275
59351	樊須	1	525476	99.077464
59352	樊樓	1	525477	99.077653
59353	樊籠	1	525478	99.077842
59354	樂工	1	525479	99.078031
59355	樂不思蜀	1	525480	99.078220
59356	樂天知命	1	525481	99.078409
59357	樂天派	1	525482	99.078598
59358	樂戶	1	525483	99.078787
59359	樂自心中來	1	525484	99.078976
59360	樂利	1	525485	99.079165
59361	樂見	1	525486	99.079354
59362	樂思	1	525487	99.079543
59363	樂風	1	525488	99.079732
59364	樂展	1	525489	99.079921
59365	樂書	1	525490	99.080110
59366	樂高玩具	1	525491	99.080299
59367	樂巢	1	525492	99.080488
59368	樂巢公司	1	525493	99.080677
59369	樂理	1	525494	99.080866
59370	樂透了	1	525495	99.081055
59371	樂部	1	525496	99.081244
59372	樂評人	1	525497	99.081433
59373	樂義書院	1	525498	99.081622
59374	樂群	1	525499	99.081811
59375	樂道	1	525500	99.082000
59376	樂歌	1	525501	99.082189
59377	樂舞	1	525502	99.082378
59378	樂儀隊	1	525503	99.082567
59379	樂器手	1	525504	99.082756
59380	樂器店	1	525505	99.082945
59381	樂融融	1	525506	99.083134
59382	樂譜	1	525507	99.083323
59383	樂觀主義	1	525508	99.083512
59384	樂觀者	1	525509	99.083701
59385	歐人	1	525510	99.083890
59386	歐士林	1	525511	99.084079
59387	歐公	1	525512	99.084268
59388	歐巴桑	1	525513	99.084457
59389	歐氏管	1	525514	99.084646
59390	歐尼爾	1	525515	99.084835
59391	歐市貨幣	1	525516	99.085024
59392	歐弗斯	1	525517	99.085213
59393	歐吉桑	1	525518	99.085402
59394	歐多‧迪克斯	1	525519	99.085591
59395	歐式自助餐	1	525520	99.085780
59396	歐式花園	1	525521	99.085969
59397	歐亞大陸橋	1	525522	99.086158
59398	歐亞鶲	1	525523	99.086347
59399	歐制	1	525524	99.086536
59400	歐阿呼島	1	525525	99.086725
59401	歐娜斯	1	525526	99.086914
59402	歐振安	1	525527	99.087103
59403	歐馬	1	525528	99.087292
59404	歐馬颱風	1	525529	99.087481
59405	歐陽永叔	1	525530	99.087670
59406	歐陽寺	1	525531	99.087859
59407	歐陽書院	1	525532	99.088048
59408	歐陽珮珊	1	525533	99.088237
59409	歐陽景賢	1	525534	99.088426
59410	歐陽開儀	1	525535	99.088615
59411	歐陽曄	1	525536	99.088804
59412	歐陽觀	1	525537	99.088993
59413	歐幣	1	525538	99.089182
59414	歐翼式車門	1	525539	99.089371
59415	歐羅巴人	1	525540	99.089560
59416	歐體會員國	1	525541	99.089749
59417	歎聲	1	525542	99.089938
59418	漿汁	1	525543	99.090127
59419	澄淨	1	525544	99.090316
59420	澄澈	1	525545	99.090505
59421	澄藍	1	525546	99.090694
59422	潑猴	1	525547	99.090883
59423	潔牙	1	525548	99.091072
59424	潔身自愛	1	525549	99.091261
59425	潔癖	1	525550	99.091450
59426	潔黴素	1	525551	99.091639
59427	澆漓	1	525552	99.091828
59428	澆熄	1	525553	99.092017
59429	潭子加工區	1	525554	99.092206
59430	潭美國小	1	525555	99.092395
59431	潛力股	1	525556	99.092584
59432	潛水表	1	525557	99.092773
59433	潛伏性	1	525558	99.092962
59434	潛思	1	525559	99.093151
59435	潛航	1	525560	99.093340
59436	潛移默化	1	525561	99.093529
59437	潛游	1	525562	99.093718
59438	潛進	1	525563	99.093907
59439	潛艇反應堆	1	525564	99.094096
59440	潛葉蠅	1	525565	99.094285
59441	潛遊	1	525566	99.094474
59442	潸然淚下	1	525567	99.094663
59443	潮州怒漢	1	525568	99.094852
59444	潮紅	1	525569	99.095041
59445	潮浪王子	1	525570	99.095230
59446	潮間	1	525571	99.095419
59447	潮間帶	1	525572	99.095608
59448	潮溪	1	525573	99.095797
59449	澎湖群島	1	525574	99.095986
59450	澎澎	1	525575	99.096175
59451	澎縣	1	525576	99.096364
59452	潺潺流水	1	525577	99.096553
59453	潰不成軍	1	525578	99.096742
59454	潰決	1	525579	99.096931
59455	潰破	1	525580	99.097120
59456	潰敗	1	525581	99.097309
59457	潰散	1	525582	99.097498
59458	潰亂	1	525583	99.097687
59459	潰瘍狀	1	525584	99.097876
59460	潰縮式	1	525585	99.098065
59461	潰縮區	1	525586	99.098254
59462	潤州	1	525587	99.098443
59463	潤肺	1	525588	99.098632
59464	潤泰紡織	1	525589	99.098821
59465	潤喉	1	525590	99.099010
59466	潤筆	1	525591	99.099199
59467	潤絲精	1	525592	99.099388
59468	潤滑費	1	525593	99.099577
59469	潤福	1	525594	99.099766
59470	潤福生活事業股份有限公司	1	525595	99.099955
59471	潤福俱樂部	1	525596	99.100144
59472	潤餅	1	525597	99.100333
59473	潤膚油	1	525598	99.100522
59474	潤濕	1	525599	99.100711
59475	潘巧雲	1	525600	99.100900
59476	潘旭晃	1	525601	99.101089
59477	潘思亮	1	525602	99.101278
59478	潘新汽車	1	525603	99.101467
59479	潘遇莘	1	525604	99.101656
59480	潘福斯	1	525605	99.101845
59481	潘銘燊	1	525606	99.102034
59482	潘禮門	1	525607	99.102223
59483	滕進賢	1	525608	99.102412
59484	潟湖	1	525609	99.102601
59485	熟年	1	525610	99.102790
59486	熟面孔	1	525611	99.102979
59487	熟食	1	525612	99.103168
59488	熟悉感	1	525613	99.103357
59489	熟習	1	525614	99.103546
59490	熟絡	1	525615	99.103735
59491	熟視	1	525616	99.103924
59492	熟諳	1	525617	99.104113
59493	熟讀	1	525618	99.104302
59494	熬出頭	1	525619	99.104491
59495	熬的住	1	525620	99.104680
59496	熬煮	1	525621	99.104869
59497	熬粥	1	525622	99.105058
59498	熬藥	1	525623	99.105247
59499	熱力四射	1	525624	99.105436
59500	熱力學	1	525625	99.105625
59501	熱天	1	525626	99.105814
59502	熱毛巾	1	525627	99.106003
59503	熱火	1	525628	99.106192
59504	熱瓦克古塔	1	525629	99.106381
59505	熱瓦克佛	1	525630	99.106570
59506	熱瓦克佛寺	1	525631	99.106759
59507	熱合	1	525632	99.106948
59508	熱血	1	525633	99.107137
59509	熱吻	1	525634	99.107326
59510	熱身運動	1	525635	99.107515
59511	熱身操	1	525636	99.107704
59512	熱身賽	1	525637	99.107893
59513	熱咖啡	1	525638	99.108082
59514	熱昏頭	1	525639	99.108271
59515	熱河省	1	525640	99.108460
59516	熱軋鋼捲	1	525641	99.108649
59517	熱門音樂	1	525642	99.108838
59518	熱門話題	1	525643	99.109027
59519	熱風	1	525644	99.109216
59520	熱食	1	525645	99.109405
59521	熱海	1	525646	99.109594
59522	熱能網	1	525647	99.109783
59523	熱帶地方	1	525648	99.109972
59524	熱帶氣候	1	525649	99.110161
59525	熱帶病計畫	1	525650	99.110350
59526	熱帶草原	1	525651	99.110539
59527	熱帶乾草原	1	525652	99.110728
59528	熱帶區	1	525653	99.110917
59529	熱帶森林	1	525654	99.111106
59530	熱帶植物	1	525655	99.111295
59531	熱帶稀樹草原	1	525656	99.111484
59532	熱帶雙尾蝶	1	525657	99.111673
59533	熱情洋溢	1	525658	99.111862
59534	熱望	1	525659	99.112051
59535	熱淚盈眶	1	525660	99.112240
59536	熱湯	1	525661	99.112429
59537	熱脹冷縮	1	525662	99.112618
59538	熱量表	1	525663	99.112807
59539	熱感式電子相紙	1	525664	99.112996
59540	熱源	1	525665	99.113185
59541	熱敷	1	525666	99.113374
59542	熱熱	1	525667	99.113563
59543	熱膜感應器	1	525668	99.113752
59544	熱銷	1	525669	99.113941
59545	熱銷話	1	525670	99.114130
59546	熱戰方酣	1	525671	99.114319
59547	熱褲	1	525672	99.114508
59548	熱遼	1	525673	99.114697
59549	熱薄膜空氣感知器	1	525674	99.114886
59550	獎外獎	1	525675	99.115075
59551	獎別	1	525676	99.115264
59552	獎杯	1	525677	99.115453
59553	獎勉	1	525678	99.115642
59554	獎勵卡	1	525679	99.115831
59555	獎懲	1	525680	99.116020
59556	瑩瑩	1	525681	99.116209
59557	瘠地	1	525682	99.116398
59558	瘦女人	1	525683	99.116587
59559	瘦皮猴	1	525684	99.116776
59560	瘦皮龜	1	525685	99.116965
59561	瘦骨如柴	1	525686	99.117154
59562	瘦骨嶙峋	1	525687	99.117343
59563	瘦稜	1	525688	99.117532
59564	瘦瘦的	1	525689	99.117721
59565	瘡痍	1	525690	99.117910
59566	皚皚	1	525691	99.118099
59567	皺巴巴	1	525692	99.118288
59568	皺裂	1	525693	99.118477
59569	皺襞	1	525694	99.118666
59570	盤中	1	525695	99.118855
59571	盤古	1	525696	99.119044
59572	盤尼西林	1	525697	99.119233
59573	盤住	1	525698	99.119422
59574	盤卷	1	525699	99.119611
59575	盤狀	1	525700	99.119800
59576	盤根交錯	1	525701	99.119989
59577	盤根錯節	1	525702	99.120178
59578	盤腿	1	525703	99.120367
59579	盤領	1	525704	99.120556
59580	盤價	1	525705	99.120745
59581	盤踞	1	525706	99.120934
59582	盤據	1	525707	99.121123
59583	盤繞	1	525708	99.121312
59584	瞎眼	1	525709	99.121501
59585	瞎懵	1	525710	99.121690
59586	瞇眼	1	525711	99.121879
59587	磅礴	1	525712	99.122068
59588	確定性	1	525713	99.122257
59589	確然	1	525714	99.122446
59590	碾進	1	525715	99.122635
59591	稿債	1	525716	99.122824
59592	稿酬	1	525717	99.123013
59593	稿頭	1	525718	99.123202
59594	穀子	1	525719	99.123391
59595	穀豆	1	525720	99.123580
59596	穀神	1	525721	99.123769
59597	穀梁傳	1	525722	99.123958
59598	穀圍	1	525723	99.124147
59599	穀糧	1	525724	99.124336
59600	稽考	1	525725	99.124525
59601	稽核室	1	525726	99.124714
59602	稻苗	1	525727	99.124903
59603	稻浪	1	525728	99.125092
59604	稻農	1	525729	99.125281
59605	窯子	1	525730	99.125470
59606	窯烤	1	525731	99.125659
59607	窯業	1	525732	99.125848
59608	窯廠	1	525733	99.126037
59609	窯爐	1	525734	99.126226
59610	窮凶	1	525735	99.126415
59611	窮凶極惡	1	525736	99.126604
59612	窮兵	1	525737	99.126793
59613	窮苦	1	525738	99.126982
59614	窮追不捨	1	525739	99.127171
59615	窮途末路	1	525740	99.127360
59616	窮途潦倒	1	525741	99.127549
59617	窮境	1	525742	99.127738
59618	窮漢	1	525743	99.127927
59619	窮緊張	1	525744	99.128116
59620	窮酸	1	525745	99.128305
59621	窮潦	1	525746	99.128494
59622	窮髮	1	525747	99.128683
59623	窮學生	1	525748	99.128872
59624	窮親戚	1	525749	99.129061
59625	箭石	1	525750	99.129250
59626	箭在弦上	1	525751	99.129439
59627	箭袖	1	525752	99.129628
59628	箭袋	1	525753	99.129817
59629	箭靶子	1	525754	99.130006
59630	箭頭狀	1	525755	99.130195
59631	箱型	1	525756	99.130384
59632	箱型車	1	525757	99.130573
59633	箱型盤整	1	525758	99.130762
59634	箱蓋	1	525759	99.130951
59635	範文	1	525760	99.131140
59636	篆文	1	525761	99.131329
59637	篆刻	1	525762	99.131518
59638	篇名	1	525763	99.131707
59639	篇篇	1	525764	99.131896
59640	糊口	1	525765	99.132085
59641	糊里糊塗	1	525766	99.132274
59642	糊紙	1	525767	99.132463
59643	締約	1	525768	99.132652
59644	締造者	1	525769	99.132841
59645	練功	1	525770	99.133030
59646	練字	1	525771	99.133219
59647	練氣功	1	525772	99.133408
59648	練球場	1	525773	99.133597
59649	練習場	1	525774	99.133786
59650	練習題	1	525775	99.133975
59651	練跑	1	525776	99.134164
59652	練達	1	525777	99.134353
59653	緯線	1	525778	99.134542
59654	緻密骨	1	525779	99.134731
59655	緬北	1	525780	99.134920
59656	緬籍	1	525781	99.135109
59657	緝查	1	525782	99.135298
59658	緝拿	1	525783	99.135487
59659	緝捕	1	525784	99.135676
59660	編戶	1	525785	99.135865
59661	編刊物	1	525786	99.136054
59662	編年史	1	525787	99.136243
59663	編委會	1	525788	99.136432
59664	編故事	1	525789	99.136621
59665	編修	1	525790	99.136810
59666	編紙	1	525791	99.136999
59667	編造	1	525792	99.137188
59668	編舞者	1	525793	99.137377
59669	編舞家	1	525794	99.137566
59670	編劇家	1	525795	99.137755
59671	編導演	1	525796	99.137944
59672	編輯獎	1	525797	99.138133
59673	編織帶	1	525798	99.138322
59674	編譯	1	525799	99.138511
59675	編譯館	1	525800	99.138700
59676	編鐘	1	525801	99.138889
59677	緣於	1	525802	99.139078
59678	線人	1	525803	99.139267
59679	線形	1	525804	99.139456
59680	線材	1	525805	99.139645
59681	線性規劃	1	525806	99.139834
59682	線性電車	1	525807	99.140023
59683	線圈電切術	1	525808	99.140212
59684	線描	1	525809	99.140401
59685	線軸車	1	525810	99.140590
59686	線腳	1	525811	99.140779
59687	線頭	1	525812	99.140968
59688	線蟲類	1	525813	99.141157
59689	緩刑	1	525814	99.141346
59690	緩行	1	525815	99.141535
59691	緩身	1	525816	99.141724
59692	緩症鏈球菌	1	525817	99.141913
59693	緩解期	1	525818	99.142102
59694	緩衝區	1	525819	99.142291
59695	緩議	1	525820	99.142480
59696	緙絲	1	525821	99.142669
59697	罷官	1	525822	99.142858
59698	罷教	1	525823	99.143047
59699	罷教權	1	525824	99.143236
59700	罷課	1	525825	99.143425
59701	罷駛	1	525826	99.143614
59702	翩翩	1	525827	99.143803
59703	翩翩風度	1	525828	99.143992
59704	翩翩起舞	1	525829	99.144181
59705	膜部	1	525830	99.144370
59706	膝上型電腦	1	525831	99.144559
59707	膝蓋骨	1	525832	99.144748
59708	膝關節	1	525833	99.144937
59709	膠卷	1	525834	99.145126
59710	膠東	1	525835	99.145315
59711	膠狀	1	525836	99.145504
59712	膠凍狀	1	525837	99.145693
59713	膠紙	1	525838	99.145882
59714	膠帶盒	1	525839	99.146071
59715	膠著	1	525840	99.146260
59716	膠態鉍片	1	525841	99.146449
59717	膠漿	1	525842	99.146638
59718	蔗糖	1	525843	99.146827
59719	蔽帚自珍	1	525844	99.147016
59720	蔚成	1	525845	99.147205
59721	蔚藍海岸	1	525846	99.147394
59722	蓮子	1	525847	99.147583
59723	蓮池大師	1	525848	99.147772
59724	蓮池潭	1	525849	99.147961
59725	蓮花池陂	1	525850	99.148150
59726	蓮花峰	1	525851	99.148339
59727	蓮花落	1	525852	99.148528
59728	蓮座	1	525853	99.148717
59729	蓮燈	1	525854	99.148906
59730	蔬菜專業區	1	525855	99.149095
59731	蔬菜園	1	525856	99.149284
59732	蔬菜類	1	525857	99.149473
59733	蔓生	1	525858	99.149662
59734	蔓藤	1	525859	99.149851
59735	蔣公紀念館	1	525860	99.150040
59736	蔣仲苓	1	525861	99.150229
59737	蔣光超	1	525862	99.150418
59738	蔣孝勇	1	525863	99.150607
59739	蔣故總統經國先生	1	525864	99.150796
59740	蔣廉儒	1	525865	99.150985
59741	蔣碩傑	1	525866	99.151174
59742	蔡元培	1	525867	99.151363
59743	蔡孔雄	1	525868	99.151552
59744	蔡少芬	1	525869	99.151741
59745	蔡旭峰	1	525870	99.151930
59746	蔡志忠	1	525871	99.152119
59747	蔡佩怡	1	525872	99.152308
59748	蔡幸娟	1	525873	99.152497
59749	蔡明亮	1	525874	99.152686
59750	蔡明彰	1	525875	99.152875
59751	蔡明毅	1	525876	99.153064
59752	蔡明憲	1	525877	99.153253
59753	蔡河灣	1	525878	99.153442
59754	蔡啟煌	1	525879	99.153631
59755	蔡進順	1	525880	99.153820
59756	蔡楚生	1	525881	99.154009
59757	蔡源賢	1	525882	99.154198
59758	蔡詩萍	1	525883	99.154387
59759	蔡慧卿	1	525884	99.154576
59760	蔡質	1	525885	99.154765
59761	蔡繁卿	1	525886	99.154954
59762	蔡鴻文	1	525887	99.155143
59763	蔡歆	1	525888	99.155332
59764	蓬來米	1	525889	99.155521
59765	蓬首垢面	1	525890	99.155710
59766	蓬萊蕉	1	525891	99.155899
59767	蓬頭	1	525892	99.156088
59768	蝴蝶蘭	1	525893	99.156277
59769	蝶形閥	1	525894	99.156466
59770	蝶蛹	1	525895	99.156655
59771	蝶道	1	525896	99.156844
59772	蝶燈蛾	1	525897	99.157033
59773	蝶竇	1	525898	99.157222
59774	蝶戀花	1	525899	99.157411
59775	蝦丸雞皮湯	1	525900	99.157600
59776	蝦仁焿	1	525901	99.157789
59777	蝦先生	1	525902	99.157978
59778	蝦兵蟹將	1	525903	99.158167
59779	蝦花	1	525904	99.158356
59780	蝦猴	1	525905	99.158545
59781	蝦餅	1	525906	99.158734
59782	蝸居	1	525907	99.158923
59783	蝸紋	1	525908	99.159112
59784	蝙蝠洞	1	525909	99.159301
59785	蝗災	1	525910	99.159490
59786	蝗蟲	1	525911	99.159679
59787	衛士	1	525912	99.159868
59788	衛水	1	525913	99.160057
59789	衛生科	1	525914	99.160246
59790	衛生員	1	525915	99.160435
59791	衛生部長	1	525916	99.160624
59792	衛生署長	1	525917	99.160813
59793	衛生檢驗所	1	525918	99.161002
59794	衛星城	1	525919	99.161191
59795	衛星接收器	1	525920	99.161380
59796	衛星通信	1	525921	99.161569
59797	衛星通信中心	1	525922	99.161758
59798	衛星雲圖	1	525923	99.161947
59799	衛星電視法	1	525924	99.162136
59800	衛星電視頻道	1	525925	99.162325
59801	衛星導航系統	1	525926	99.162514
59802	衛教	1	525927	99.162703
59803	衛教系	1	525928	99.162892
59804	衛斯理傳奇之老貓	1	525929	99.163081
59805	衛道人士	1	525930	99.163270
59806	衛爾康財團	1	525931	99.163459
59807	衛靈公	1	525932	99.163648
59808	衝口	1	525933	99.163837
59809	衝向天外天	1	525934	99.164026
59810	衝倒	1	525935	99.164215
59811	衝程	1	525936	99.164404
59812	衝鋒	1	525937	99.164593
59813	衝激	1	525938	99.164782
59814	褐陶	1	525939	99.164971
59815	褐斑病	1	525940	99.165160
59816	褐斑鬣狗	1	525941	99.165349
59817	複方薄荷油	1	525942	99.165538
59818	複印機	1	525943	99.165727
59819	複合多連桿式	1	525944	99.165916
59820	複合體	1	525945	99.166105
59821	複式	1	525946	99.166294
59822	複式外匯匯率	1	525947	99.166483
59823	複式型引擎	1	525948	99.166672
59824	複式教學	1	525949	99.166861
59825	複式匯率	1	525950	99.167050
59826	複吸率	1	525951	99.167239
59827	複葉	1	525952	99.167428
59828	複道	1	525953	99.167617
59829	複製人	1	525954	99.167806
59830	複製品	1	525955	99.167995
59831	複選	1	525956	99.168184
59832	複雜度	1	525957	99.168373
59833	褒獎	1	525958	99.168562
59834	褓姆	1	525959	99.168751
59835	褓抱提攜	1	525960	99.168940
59836	誼光組織	1	525961	99.169129
59837	談吐	1	525962	99.169318
59838	談好	1	525963	99.169507
59839	談判力	1	525964	99.169696
59840	談虎色變	1	525965	99.169885
59841	談琴	1	525966	99.170074
59842	談話會	1	525967	99.170263
59843	談話聲	1	525968	99.170452
59844	諄諄	1	525969	99.170641
59845	誕生地	1	525970	99.170830
59846	誕辰記念日	1	525971	99.171019
59847	請示	1	525972	99.171208
59848	請帖	1	525973	99.171397
59849	請便	1	525974	99.171586
59850	請柬	1	525975	99.171775
59851	請洽	1	525976	99.171964
59852	請益	1	525977	99.172153
59853	請款	1	525978	99.172342
59854	請罪	1	525979	99.172531
59855	請賑	1	525980	99.172720
59856	請領	1	525981	99.172909
59857	諸人	1	525982	99.173098
59858	諸子	1	525983	99.173287
59859	諸子百家	1	525984	99.173476
59860	諸公	1	525985	99.173665
59861	諸方鎮表	1	525986	99.173854
59862	諸州	1	525987	99.174043
59863	諸番	1	525988	99.174232
59864	諸羅	1	525989	99.174421
59865	課外書	1	525990	99.174610
59866	課本費	1	525991	99.174799
59867	課後輔導	1	525992	99.174988
59868	課員	1	525993	99.175177
59869	課桌	1	525994	99.175366
59870	課繳	1	525995	99.175555
59871	調入	1	525996	99.175744
59872	調勻	1	525997	99.175933
59873	調包	1	525998	99.176122
59874	調回	1	525999	99.176311
59875	調走	1	526000	99.176500
59876	調味料	1	526001	99.176689
59877	調味醬	1	526002	99.176878
59878	調性	1	526003	99.177067
59879	調治	1	526004	99.177256
59880	調虎離山	1	526005	99.177445
59881	調度室	1	526006	99.177634
59882	調度站	1	526007	99.177823
59883	調查局長	1	526008	99.178012
59884	調查員	1	526009	99.178201
59885	調查船	1	526010	99.178390
59886	調查費	1	526011	99.178579
59887	調借	1	526012	99.178768
59888	調理板	1	526013	99.178957
59889	調處	1	526014	99.179146
59890	調換	1	526015	99.179335
59891	調景嶺教育文化基金會	1	526016	99.179524
59892	調節器	1	526017	99.179713
59893	調經	1	526018	99.179902
59894	調製	1	526019	99.180091
59895	調價	1	526020	99.180280
59896	調價案	1	526021	99.180469
59897	調撥車道	1	526022	99.180658
59898	調緩	1	526023	99.180847
59899	調駐	1	526024	99.181036
59900	調諧器	1	526025	99.181225
59901	調輻	1	526026	99.181414
59902	調離	1	526027	99.181603
59903	調攝	1	526028	99.181792
59904	調變解調器	1	526029	99.181981
59905	誰人甲我比	1	526030	99.182170
59906	誰知	1	526031	99.182359
59907	論及婚嫁	1	526032	99.182548
59908	論孟	1	526033	99.182737
59909	論爭	1	526034	99.182926
59910	論者	1	526035	99.183115
59911	論政	1	526036	99.183304
59912	論處	1	526037	99.183493
59913	論著	1	526038	99.183682
59914	論評	1	526039	99.183871
59915	論戰	1	526040	99.184060
59916	論斷	1	526041	99.184249
59917	論題	1	526042	99.184438
59918	論證	1	526043	99.184627
59919	論辯	1	526044	99.184816
59920	諍友	1	526045	99.185005
59921	誹聞	1	526046	99.185194
59922	誹謗案	1	526047	99.185383
59923	豎直	1	526048	99.185572
59924	豎逆	1	526049	99.185761
59925	豎碑	1	526050	99.185950
59926	豬刀	1	526051	99.186139
59927	豬毛	1	526052	99.186328
59928	豬耳朵	1	526053	99.186517
59929	豬尾猴	1	526054	99.186706
59930	豬肚	1	526055	99.186895
59931	豬舍	1	526056	99.187084
59932	豬哥亮	1	526057	99.187273
59933	豬展	1	526058	99.187462
59934	豬胰島細胞	1	526059	99.187651
59935	豬隻	1	526060	99.187840
59936	豬頭	1	526061	99.188029
59937	豬糞尿	1	526062	99.188218
59938	豬籠草	1	526063	99.188407
59939	豬獼	1	526064	99.188596
59940	賠錢貨	1	526065	99.188785
59941	賞光	1	526066	99.188974
59942	賞物	1	526067	99.189163
59943	賞罰	1	526068	99.189352
59944	賞罰分明	1	526069	99.189541
59945	賦役	1	526070	99.189730
59946	賦閑	1	526071	99.189919
59947	賦體	1	526072	99.190108
59948	賤役	1	526073	99.190297
59949	賤視	1	526074	99.190486
59950	賭王鬥千王	1	526075	99.190675
59951	賭局	1	526076	99.190864
59952	賭咒	1	526077	99.191053
59953	賭城大亨新哥傳奇	1	526078	99.191242
59954	賭勝	1	526079	99.191431
59955	賭聖	1	526080	99.191620
59956	賭資	1	526081	99.191809
59957	賭運	1	526082	99.191998
59958	賭錢	1	526083	99.192187
59959	賢女婿	1	526084	99.192376
59960	賢內助	1	526085	99.192565
59961	賢良	1	526086	99.192754
59962	賢妻	1	526087	99.192943
59963	賢明	1	526088	99.193132
59964	賢能	1	526089	99.193321
59965	賢淑	1	526090	99.193510
59966	賢婿	1	526091	99.193699
59967	賢德	1	526092	99.193888
59968	賣力氣	1	526093	99.194077
59969	賣方	1	526094	99.194266
59970	賣主	1	526095	99.194455
59971	賣官鬻爵	1	526096	99.194644
59972	賣物會	1	526097	99.194833
59973	賣屋	1	526098	99.195022
59974	賣春女	1	526099	99.195211
59975	賣價	1	526100	99.195400
59976	賣檳榔	1	526101	99.195589
59977	賣藝	1	526102	99.195778
59978	賣藝人	1	526103	99.195967
59979	賣麵	1	526104	99.196156
59980	賜令	1	526105	99.196345
59981	賜死	1	526106	99.196534
59982	賜福	1	526107	99.196723
59983	質子	1	526108	99.196912
59984	質劣	1	526109	99.197101
59985	質性	1	526110	99.197290
59986	質押	1	526111	99.197479
59987	質量驅動器	1	526112	99.197668
59988	質詢稿	1	526113	99.197857
59989	質輕	1	526114	99.198046
59990	質數	1	526115	99.198235
59991	質權	1	526116	99.198424
59992	赭色	1	526117	99.198613
59993	趣味化	1	526118	99.198802
59994	趣味橫生	1	526119	99.198991
59995	趣話	1	526120	99.199180
59996	趣點	1	526121	99.199369
59997	踫面	1	526122	99.199558
59998	踐約	1	526123	99.199747
59999	踝骨	1	526124	99.199936
60000	踢皮球	1	526125	99.200125
60001	踢倒	1	526126	99.200314
60002	踢動	1	526127	99.200503
60003	踢踏舞步聲	1	526128	99.200692
60004	踢翻	1	526129	99.200881
60005	踏步器	1	526130	99.201070
60006	踏到	1	526131	99.201259
60007	踏查	1	526132	99.201448
60008	踏破	1	526133	99.201637
60009	踏勘	1	526134	99.201826
60010	踏腳石	1	526135	99.202015
60011	踏腳褲	1	526136	99.202204
60012	踏遍	1	526137	99.202393
60013	踏歌圖	1	526138	99.202582
60014	踩在	1	526139	99.202771
60015	踩傷	1	526140	99.202960
60016	踩輪	1	526141	99.203149
60017	踟躕	1	526142	99.203338
60018	踟躕不前	1	526143	99.203527
60019	躺平	1	526144	99.203716
60020	輝照	1	526145	99.203905
60021	輛數	1	526146	99.204094
60022	輟學生	1	526147	99.204283
60023	輟學率	1	526148	99.204472
60024	輪休	1	526149	99.204661
60025	輪到	1	526150	99.204850
60026	輪狀	1	526151	99.205039
60027	輪狀病毒	1	526152	99.205228
60028	輪政	1	526153	99.205417
60029	輪候	1	526154	99.205606
60030	輪送	1	526155	99.205795
60031	輪圈蓋	1	526156	99.205984
60032	輪渡	1	526157	99.206173
60033	輪番	1	526158	99.206362
60034	輪距	1	526159	99.206551
60035	輪暴	1	526160	99.206740
60036	輪機室	1	526161	99.206929
60037	輪轉石印機	1	526162	99.207118
60038	適用性	1	526163	99.207307
60039	適材	1	526164	99.207496
60040	適值	1	526165	99.207685
60041	適婚	1	526166	99.207874
60042	適得其所	1	526167	99.208063
60043	適從	1	526168	99.208252
60044	適期	1	526169	99.208441
60045	適機	1	526170	99.208630
60046	適應性	1	526171	99.208819
60047	適應症	1	526172	99.209008
60048	適應期	1	526173	99.209197
60049	遮好	1	526174	99.209386
60050	遮屏	1	526175	99.209575
60051	遮風擋雨	1	526176	99.209764
60052	遮羞費	1	526177	99.209953
60053	遮蓋法	1	526178	99.210142
60054	遮蔽	1	526179	99.210331
60055	遮遮掩掩	1	526180	99.210520
60056	遮擋	1	526181	99.210709
60057	遮斷	1	526182	99.210898
60058	遮鏡	1	526183	99.211087
60059	遭人	1	526184	99.211276
60060	遭致	1	526185	99.211465
60061	遷戶口	1	526186	99.211654
60062	遷來	1	526187	99.211843
60063	遷建	1	526188	99.212032
60064	遷都	1	526189	99.212221
60065	遷進	1	526190	99.212410
60066	遷置	1	526191	99.212599
60067	遷廠	1	526192	99.212788
60068	遷離	1	526193	99.212977
60069	遷籍	1	526194	99.213166
60070	鄰長	1	526195	99.213355
60071	鄰城	1	526196	99.213544
60072	鄰家女孩	1	526197	99.213733
60073	鄰家少年殺人事件	1	526198	99.213922
60074	鄭三元	1	526199	99.214111
60075	鄭石岩	1	526200	99.214300
60076	鄭仲夔	1	526201	99.214489
60077	鄭百勝	1	526202	99.214678
60078	鄭君昭	1	526203	99.214867
60079	鄭明月	1	526204	99.215056
60080	鄭板橋書法集	1	526205	99.215245
60081	鄭板橋集	1	526206	99.215434
60082	鄭板橋集註釋	1	526207	99.215623
60083	鄭芝龍	1	526208	99.215812
60084	鄭貞銘	1	526209	99.216001
60085	鄭重其事	1	526210	99.216190
60086	鄭智泳	1	526211	99.216379
60087	鄭廉	1	526212	99.216568
60088	鄭愁予	1	526213	99.216757
60089	鄭樵	1	526214	99.216946
60090	鄧力群	1	526215	99.217135
60091	鄧小平式改革	1	526216	99.217324
60092	鄧之誠	1	526217	99.217513
60093	鄧文儀	1	526218	99.217702
60094	鄧有立	1	526219	99.217891
60095	鄧志鴻	1	526220	99.218080
60096	鄧肯	1	526221	99.218269
60097	鄧雨賢	1	526222	99.218458
60098	鄧鴻源	1	526223	99.218647
60099	醇和	1	526224	99.218836
60100	醇郁	1	526225	99.219025
60101	醇親王	1	526226	99.219214
60102	醉人	1	526227	99.219403
60103	醉生夢死	1	526228	99.219592
60104	醉客	1	526229	99.219781
60105	醉倒	1	526230	99.219970
60106	醉拳	1	526231	99.220159
60107	醉翁	1	526232	99.220348
60108	醉翁亭記碑	1	526233	99.220537
60109	醉茫茫	1	526234	99.220726
60110	醉態	1	526235	99.220915
60111	醉蝦	1	526236	99.221104
60112	醉蟹	1	526237	99.221293
60113	醋海燃酸	1	526238	99.221482
60114	醋酸	1	526239	99.221671
60115	醃魚	1	526240	99.221860
60116	銷假	1	526241	99.222049
60117	銷售力	1	526242	99.222238
60118	銷售者	1	526243	99.222427
60119	銷售網	1	526244	99.222616
60120	銷售權	1	526245	99.222805
60121	銷產	1	526246	99.222994
60122	銷貨	1	526247	99.223183
60123	銷魂蝕骨	1	526248	99.223372
60124	鋪面	1	526249	99.223561
60125	鋪晒	1	526250	99.223750
60126	鋪滿	1	526251	99.223939
60127	鋪蓋	1	526252	99.224128
60128	鋪線	1	526253	99.224317
60129	銬住	1	526254	99.224506
60130	鋤頭	1	526255	99.224695
60131	鋁材	1	526256	99.224884
60132	鋁板	1	526257	99.225073
60133	鋁門窗	1	526258	99.225262
60134	鋁圈	1	526259	99.225451
60135	鋁箔	1	526260	99.225640
60136	鋁箔包	1	526261	99.225829
60137	銳不可當	1	526262	99.226018
60138	銳突	1	526263	99.226207
60139	銳跑	1	526264	99.226396
60140	銳跑星球	1	526265	99.226585
60141	銳器	1	526266	99.226774
60142	鋒刃	1	526267	99.226963
60143	鋒利	1	526268	99.227152
60144	銲線機	1	526269	99.227341
60145	閭丘徹	1	526270	99.227530
60146	閱世	1	526271	99.227719
60147	閱兵典禮	1	526272	99.227908
60148	閱卷	1	526273	99.228097
60149	閱畢	1	526274	99.228286
60150	閱覽	1	526275	99.228475
60151	閱聽人	1	526276	99.228664
60152	閱讀燈	1	526277	99.228853
60153	震央	1	526278	99.229042
60154	震旦行	1	526279	99.229231
60155	震耳欲聾	1	526280	99.229420
60156	震度	1	526281	99.229609
60157	震倒	1	526282	99.229798
60158	震陷	1	526283	99.229987
60159	震愕	1	526284	99.230176
60160	震源	1	526285	99.230365
60161	震落	1	526286	99.230554
60162	霉味	1	526287	99.230743
60163	霉運	1	526288	99.230932
60164	霉漬	1	526289	99.231121
60165	靠山	1	526290	99.231310
60166	靠在	1	526291	99.231499
60167	靠岸	1	526292	99.231688
60168	靠枕	1	526293	99.231877
60169	靠背椅	1	526294	99.232066
60170	靠牆	1	526295	99.232255
60171	鞍部	1	526296	99.232444
60172	鞋底	1	526297	99.232633
60173	鞋面	1	526298	99.232822
60174	鞋釦	1	526299	99.233011
60175	鞋墊子	1	526300	99.233200
60176	鞋製品	1	526301	99.233389
60177	颳落	1	526302	99.233578
60178	養大	1	526303	99.233767
60179	養子	1	526304	99.233956
60180	養才	1	526305	99.234145
60181	養心	1	526306	99.234334
60182	養母	1	526307	99.234523
60183	養生主	1	526308	99.234712
60184	養老虎	1	526309	99.234901
60185	養身	1	526310	99.235090
60186	養兒育女	1	526311	99.235279
60187	養到	1	526312	99.235468
60188	養狗場	1	526313	99.235657
60189	養花	1	526314	99.235846
60190	養陰	1	526315	99.236035
60191	養魚經	1	526316	99.236224
60192	養鳥	1	526317	99.236413
60193	養尊處優	1	526318	99.236602
60194	養植區	1	526319	99.236791
60195	養殖場	1	526320	99.236980
60196	養廉	1	526321	99.237169
60197	養樂多	1	526322	99.237358
60198	養鴨人家	1	526323	99.237547
60199	養雞	1	526324	99.237736
60200	餓虎撲羊	1	526325	99.237925
60201	餓鬼道	1	526326	99.238114
60202	餓絕	1	526327	99.238303
60203	餘生錄	1	526328	99.238492
60204	餘光	1	526329	99.238681
60205	餘年	1	526330	99.238870
60206	餘威	1	526331	99.239059
60207	餘留	1	526332	99.239248
60208	餘暉	1	526333	99.239437
60209	餘暇	1	526334	99.239626
60210	餘裕	1	526335	99.239815
60211	餘熱	1	526336	99.240004
60212	餘蔭	1	526337	99.240193
60213	駝峰	1	526338	99.240382
60214	駐屯	1	526339	99.240571
60215	駐外特派員	1	526340	99.240760
60216	駐地	1	526341	99.240949
60217	駐法	1	526342	99.241138
60218	駐俄	1	526343	99.241327
60219	駐留	1	526344	99.241516
60220	駐華代表	1	526345	99.241705
60221	駐診	1	526346	99.241894
60222	駐臺辦事處	1	526347	99.242083
60223	駐澳特別委員會	1	526348	99.242272
60224	駐韓	1	526349	99.242461
60225	駛向	1	526350	99.242650
60226	駛進	1	526351	99.242839
60227	駕御	1	526352	99.243028
60228	駕機	1	526353	99.243217
60229	髮式	1	526354	99.243406
60230	髮夾	1	526355	99.243595
60231	髮夾彎	1	526356	99.243784
60232	髮束	1	526357	99.243973
60233	髮妻	1	526358	99.244162
60234	髮指	1	526359	99.244351
60235	髮根	1	526360	99.244540
60236	髮梳	1	526361	99.244729
60237	髮絲	1	526362	99.244918
60238	髮飾	1	526363	99.245107
60239	髮蒼蒼	1	526364	99.245296
60240	髮雕	1	526365	99.245485
60241	髮辮	1	526366	99.245674
60242	鬧中取靜	1	526367	99.245863
60243	鬧出	1	526368	99.246052
60244	鬧災荒	1	526369	99.246241
60245	鬧笑話	1	526370	99.246430
60246	鬧酒	1	526371	99.246619
60247	鬧熱	1	526372	99.246808
60248	鬧趣	1	526373	99.246997
60249	鬧翻	1	526374	99.247186
60250	鬧翻天	1	526375	99.247375
60251	魅人	1	526376	99.247564
60252	魷魚	1	526377	99.247753
60253	魷魚乾	1	526378	99.247942
60254	魯本斯	1	526379	99.248131
60255	魯伊斯‧阿爾瓦列茲	1	526380	99.248320
60256	魯迪‧盧意茲	1	526381	99.248509
60257	魯茨柯伊	1	526382	99.248698
60258	魯茨科伊	1	526383	99.248887
60259	魯凱	1	526384	99.249076
60260	魯凱族	1	526385	99.249265
60261	魯達	1	526386	99.249454
60262	魯爾鎮	1	526387	99.249643
60263	魯賓遜	1	526388	99.249832
60264	魯藝木刻工作團	1	526389	99.250021
60265	鴉雀無聲	1	526390	99.250210
60266	黎民偉	1	526391	99.250399
60267	黎仲實	1	526392	99.250588
60268	黎海寧	1	526393	99.250777
60269	黎莉莉	1	526394	99.250966
60270	墨玉河	1	526395	99.251155
60271	墨色	1	526396	99.251344
60272	墨刻作	1	526397	99.251533
60273	墨客	1	526398	99.251722
60274	墨國	1	526399	99.251911
60275	墨莊漫錄	1	526400	99.252100
60276	墨筆畫	1	526401	99.252289
60277	墨跡	1	526402	99.252478
60278	墨線	1	526403	99.252667
60279	齒狀	1	526404	99.252856
60280	齒狀電車	1	526405	99.253045
60281	齒骨	1	526406	99.253234
60282	齒棒	1	526407	99.253423
60283	齒棒小齒輪	1	526408	99.253612
60284	齒輪式摩擦	1	526409	99.253801
60285	齒頰留香	1	526410	99.253990
60286	齒鯨亞目	1	526411	99.254179
60287	儒生	1	526412	99.254368
60288	儒艮	1	526413	99.254557
60289	儒家思想	1	526414	99.254746
60290	儒將	1	526415	99.254935
60291	儒教	1	526416	99.255124
60292	儒學	1	526417	99.255313
60293	冀望	1	526418	99.255502
60294	冀圖	1	526419	99.255691
60295	凝血	1	526420	99.255880
60296	凝血因子	1	526421	99.256069
60297	凝乳塊	1	526422	99.256258
60298	凝思	1	526423	99.256447
60299	凝脂	1	526424	99.256636
60300	噙淚	1	526425	99.256825
60301	噤聲	1	526426	99.257014
60302	噪音主動消除系統	1	526427	99.257203
60303	噪音係數	1	526428	99.257392
60304	器宇軒昂	1	526429	99.257581
60305	器官捐獻卡	1	526430	99.257770
60306	器官捐獻法	1	526431	99.257959
60307	器型	1	526432	99.258148
60308	器械	1	526433	99.258337
60309	器樂	1	526434	99.258526
60310	噬咬	1	526435	99.258715
60311	噶丹頗章	1	526436	99.258904
60312	噶瑪蘭	1	526437	99.259093
60313	噶瑪蘭族	1	526438	99.259282
60314	壁上觀	1	526439	99.259471
60315	壁身	1	526440	99.259660
60316	壁虎車	1	526441	99.259849
60317	壁架	1	526442	99.260038
60318	壁緣	1	526443	99.260227
60319	墾丁國家公園	1	526444	99.260416
60320	墾丁凱撒	1	526445	99.260605
60321	墾荒	1	526446	99.260794
60322	墾殖區	1	526447	99.260983
60323	壇基	1	526448	99.261172
60324	奮力一搏	1	526449	99.261361
60325	奮身	1	526450	99.261550
60326	奮起湖	1	526451	99.261739
60327	奮鬥史	1	526452	99.261928
60328	奮然	1	526453	99.262117
60329	奮勵	1	526454	99.262306
60330	嬴家	1	526455	99.262495
60331	學力	1	526456	99.262684
60332	學力鑑定	1	526457	99.262873
60333	學工	1	526458	99.263062
60334	學生行為手冊	1	526459	99.263251
60335	學生活動中心	1	526460	99.263440
60336	學生校外會	1	526461	99.263629
60337	學生票	1	526462	99.263818
60338	學生棒球聯盟	1	526463	99.264007
60339	學生聯合會	1	526464	99.264196
60340	學好	1	526465	99.264385
60341	學成	1	526466	99.264574
60342	學弟	1	526467	99.264763
60343	學弟妹	1	526468	99.264952
60344	學步車	1	526469	99.265141
60345	學車	1	526470	99.265330
60346	學乖	1	526471	99.265519
60347	學妹	1	526472	99.265708
60348	學姐	1	526473	99.265897
60349	學前	1	526474	99.266086
60350	學度	1	526475	99.266275
60351	學院制	1	526476	99.266464
60352	學產基金	1	526477	99.266653
60353	學習區	1	526478	99.266842
60354	學習機	1	526479	99.267031
60355	學術自由	1	526480	99.267220
60356	學術性	1	526481	99.267409
60357	學術思想史	1	526482	99.267598
60358	學術討論會	1	526483	99.267787
60359	學術圈	1	526484	99.267976
60360	學術團體	1	526485	99.268165
60361	學規	1	526486	99.268354
60362	學陶	1	526487	99.268543
60363	學報	1	526488	99.268732
60364	學琴	1	526489	99.268921
60365	學樣	1	526490	99.269110
60366	學醫	1	526491	99.269299
60367	學齡	1	526492	99.269488
60368	學齡前兒童	1	526493	99.269677
60369	導入口	1	526494	99.269866
60370	導生服務隊	1	526495	99.270055
60371	導尿	1	526496	99.270244
60372	導盲	1	526497	99.270433
60373	導流板	1	526498	99.270622
60374	導航系統	1	526499	99.270811
60375	導航者	1	526500	99.271000
60376	導航基金會	1	526501	99.271189
60377	導論	1	526502	99.271378
60378	導體	1	526503	99.271567
60379	憲政史	1	526504	99.271756
60380	憲草	1	526505	99.271945
60381	憲報	1	526506	99.272134
60382	憑空	1	526507	99.272323
60383	憑恃	1	526508	99.272512
60384	憑窗	1	526509	99.272701
60385	憩睡	1	526510	99.272890
60386	憶念	1	526511	99.273079
60387	憶述	1	526512	99.273268
60388	憾事	1	526513	99.273457
60389	憾恨	1	526514	99.273646
60390	戰友	1	526515	99.273835
60391	戰史	1	526516	99.274024
60392	戰甲	1	526517	99.274213
60393	戰利品	1	526518	99.274402
60394	戰斧	1	526519	99.274591
60395	戰爭與和平	1	526520	99.274780
60396	戰俘營	1	526521	99.274969
60397	戰鬥村	1	526522	99.275158
60398	戰鬥性	1	526523	99.275347
60399	戰敗	1	526524	99.275536
60400	戰略家	1	526525	99.275725
60401	戰略點	1	526526	99.275914
60402	戰袍	1	526527	99.276103
60403	戰雲密佈	1	526528	99.276292
60404	戰勢	1	526529	99.276481
60405	戰慄之戀	1	526530	99.276670
60406	戰慄遊戲	1	526531	99.276859
60407	戰禍	1	526532	99.277048
60408	戰線	1	526533	99.277237
60409	戰衛砲操	1	526534	99.277426
60410	戰壕	1	526535	99.277615
60411	擅用	1	526536	99.277804
60412	擅有	1	526537	99.277993
60413	擅場	1	526538	99.278182
60414	擅變	1	526539	99.278371
60415	擁有者	1	526540	99.278560
60416	擁有率	1	526541	99.278749
60417	擁吻	1	526542	99.278938
60418	擋土牆	1	526543	99.279127
60419	擋泥板	1	526544	99.279316
60420	擋雨	1	526545	99.279505
60421	擋路	1	526546	99.279694
60422	擋箭牌	1	526547	99.279883
60423	撻伐	1	526548	99.280072
60424	據地	1	526549	99.280261
60425	據言	1	526550	99.280450
60426	據理力爭	1	526551	99.280639
60427	據報	1	526552	99.280828
60428	據實	1	526553	99.281017
60429	據實以答	1	526554	99.281206
60430	據稱	1	526555	99.281395
60431	據臺	1	526556	99.281584
60432	擄獲	1	526557	99.281773
60433	擇日	1	526558	99.281962
60434	擇地	1	526559	99.282151
60435	擇定	1	526560	99.282340
60436	擂臺賽	1	526561	99.282529
60437	操之在我	1	526562	99.282718
60438	操行	1	526563	99.282907
60439	操作者	1	526564	99.283096
60440	操股	1	526565	99.283285
60441	操控感	1	526566	99.283474
60442	操勞	1	526567	99.283663
60443	操演	1	526568	99.283852
60444	操練	1	526569	99.284041
60445	操縱者	1	526570	99.284230
60446	操縱桿	1	526571	99.284419
60447	撿垃圾運動	1	526572	99.284608
60448	撿便宜	1	526573	99.284797
60449	撿現成	1	526574	99.284986
60450	擔保物	1	526575	99.285175
60451	擔保權人	1	526576	99.285364
60452	擔架	1	526577	99.285553
60453	擔起	1	526578	99.285742
60454	擔驚受怕	1	526579	99.285931
60455	整人	1	526580	99.286120
60456	整合行銷	1	526581	99.286309
60457	整形	1	526582	99.286498
60458	整批	1	526583	99.286687
60459	整車	1	526584	99.286876
60460	整版	1	526585	99.287065
60461	整軍經武	1	526586	99.287254
60462	整套	1	526587	99.287443
60463	整副	1	526588	99.287632
60464	整瓶	1	526589	99.287821
60465	整備	1	526590	99.288010
60466	整場	1	526591	99.288199
60467	整幅	1	526592	99.288388
60468	整鈔	1	526593	99.288577
60469	整間	1	526594	99.288766
60470	整裝待發	1	526595	99.288955
60471	整幢	1	526596	99.289144
60472	整廠	1	526597	99.289333
60473	整編	1	526598	99.289522
60474	整整潔潔	1	526599	99.289711
60475	曆家	1	526600	99.289900
60476	曆書	1	526601	99.290089
60477	暹羅	1	526602	99.290278
60478	樸素無華	1	526603	99.290467
60479	樸樸	1	526604	99.290656
60480	樺山資紀	1	526605	99.290845
60481	樺木	1	526606	99.291034
60482	樺斑蝶	1	526607	99.291223
60483	橙色	1	526608	99.291412
60484	橙紅	1	526609	99.291601
60485	橙紅色	1	526610	99.291790
60486	橙黃	1	526611	99.291979
60487	橫山國小	1	526612	99.292168
60488	橫山梨	1	526613	99.292357
60489	橫切	1	526614	99.292546
60490	橫加	1	526615	99.292735
60491	橫式	1	526616	99.292924
60492	橫披	1	526617	99.293113
60493	橫波	1	526618	99.293302
60494	橫長型	1	526619	99.293491
60495	橫阻	1	526620	99.293680
60496	橫穿	1	526621	99.293869
60497	橫倚	1	526622	99.294058
60498	橫剖面	1	526623	99.294247
60499	橫帶脣魚	1	526624	99.294436
60500	橫帶鸚鯛	1	526625	99.294625
60501	橫梁	1	526626	99.294814
60502	橫桿	1	526627	99.295003
60503	橫梗	1	526628	99.295192
60504	橫貫公路	1	526629	99.295381
60505	橫貫鐵路	1	526630	99.295570
60506	橫軸	1	526631	99.295759
60507	橫須賀市	1	526632	99.295948
60508	橫槓	1	526633	99.296137
60509	橫標	1	526634	99.296326
60510	橫衝直撞	1	526635	99.296515
60511	橫豎	1	526636	99.296704
60512	橫躺	1	526637	99.296893
60513	橫遭	1	526638	99.297082
60514	橫斷	1	526639	99.297271
60515	橫斷面	1	526640	99.297460
60516	橘子水	1	526641	99.297649
60517	橘子紅	1	526642	99.297838
60518	橘子樹	1	526643	99.298027
60519	橘皮	1	526644	99.298216
60520	橘芭蕾舞學校	1	526645	99.298405
60521	橘花	1	526646	99.298594
60522	橘紅色	1	526647	99.298783
60523	樹仁基金會	1	526648	99.298972
60524	樹形	1	526649	99.299161
60525	樹果	1	526650	99.299350
60526	樹林分局	1	526651	99.299539
60527	樹海	1	526652	99.299728
60528	樹脂泡膠	1	526653	99.299917
60529	樹莓	1	526654	99.300106
60530	樹牌	1	526655	99.300295
60531	樹影	1	526656	99.300484
60532	樹叢	1	526657	99.300673
60533	樹懶	1	526658	99.300862
60534	樹藤	1	526659	99.301051
60535	橄欖球	1	526660	99.301240
60536	橄欖球場	1	526661	99.301429
60537	橄欖球隊	1	526662	99.301618
60538	橡木	1	526663	99.301807
60539	橡園市	1	526664	99.301996
60540	橡樹	1	526665	99.302185
60541	橋本新一郎	1	526666	99.302374
60542	橋板	1	526667	99.302563
60543	橋段	1	526668	99.302752
60544	橋面	1	526669	99.302941
60545	橋牌式改革	1	526670	99.303130
60546	樵夫	1	526671	99.303319
60547	機闗	1	526672	99.303508
60548	機心	1	526673	99.303697
60549	機布	1	526674	99.303886
60550	機甲警察	1	526675	99.304075
60551	機匠	1	526676	99.304264
60552	機位	1	526677	99.304453
60553	機身	1	526678	99.304642
60554	機車廠	1	526679	99.304831
60555	機油冷卻器	1	526680	99.305020
60556	機飛總動員續集	1	526681	99.305209
60557	機能性	1	526682	99.305398
60558	機能性健康飲料	1	526683	99.305587
60559	機密性	1	526684	99.305776
60560	機械工程	1	526685	99.305965
60561	機械式	1	526686	99.306154
60562	機械事業部	1	526687	99.306343
60563	機械性	1	526688	99.306532
60564	機械能	1	526689	99.306721
60565	機會主義者	1	526690	99.306910
60566	機會點	1	526691	99.307099
60567	機道	1	526692	99.307288
60568	機電工程署	1	526693	99.307477
60569	機鋒	1	526694	99.307666
60570	機關報	1	526695	99.307855
60571	機關槍	1	526696	99.308044
60572	機警	1	526697	99.308233
60573	機鏽品	1	526698	99.308422
60574	機體免疫能力	1	526699	99.308611
60575	橈骨	1	526700	99.308800
60576	歷代災異表	1	526701	99.308989
60577	歷史性	1	526702	99.309178
60578	歷史家	1	526703	99.309367
60579	歷歷	1	526704	99.309556
60580	澡堂	1	526705	99.309745
60581	濃茶	1	526706	99.309934
60582	濃湯	1	526707	99.310123
60583	濃煙	1	526708	99.310312
60584	濃聚層	1	526709	99.310501
60585	濃濃	1	526710	99.310690
60586	濃縮版	1	526711	99.310879
60587	濃霧	1	526712	99.311068
60588	濃豔	1	526713	99.311257
60589	濃鬱	1	526714	99.311446
60590	澤曼尼亞河	1	526715	99.311635
60591	濁世	1	526716	99.311824
60592	濁流	1	526717	99.312013
60593	濁重	1	526718	99.312202
60594	澧泉	1	526719	99.312391
60595	澳大	1	526720	99.312580
60596	澳州	1	526721	99.312769
60597	澳洲人	1	526722	99.312958
60598	澳洲鵜鶘	1	526723	99.313147
60599	激將法	1	526724	99.313336
60600	激情海岸	1	526725	99.313525
60601	激情模特兒	1	526726	99.313714
60602	激進分子	1	526727	99.313903
60603	激進派	1	526728	99.314092
60604	激惹	1	526729	99.314281
60605	激敬	1	526730	99.314470
60606	激劇	1	526731	99.314659
60607	激蕩	1	526732	99.314848
60608	激辯	1	526733	99.315037
60609	激變	1	526734	99.315226
60610	澹淡	1	526735	99.315415
60611	熾手可熱	1	526736	99.315604
60612	熾然	1	526737	99.315793
60613	熾愛	1	526738	99.315982
60614	燒光	1	526739	99.316171
60615	燒光光	1	526740	99.316360
60616	燒成	1	526741	99.316549
60617	燒完	1	526742	99.316738
60618	燒灶	1	526743	99.316927
60619	燒灼	1	526744	99.317116
60620	燒灼感	1	526745	99.317305
60621	燒乳豬	1	526746	99.317494
60622	燒炭	1	526747	99.317683
60623	燒草	1	526748	99.317872
60624	燒掉	1	526749	99.318061
60625	燒殺	1	526750	99.318250
60626	燒煮	1	526751	99.318439
60627	燒菜	1	526752	99.318628
60628	燒開	1	526753	99.318817
60629	燒開水	1	526754	99.319006
60630	燒傷	1	526755	99.319195
60631	燒煤	1	526756	99.319384
60632	燒解	1	526757	99.319573
60633	燒遍	1	526758	99.319762
60634	燒燙	1	526759	99.319951
60635	燒燬	1	526760	99.320140
60636	燈火資	1	526761	99.320329
60637	燈光師	1	526762	99.320518
60638	燈光業	1	526763	99.320707
60639	燈泡筆	1	526764	99.320896
60640	燈花	1	526765	99.321085
60641	燈芯	1	526766	99.321274
60642	燈竿	1	526767	99.321463
60643	燈草大師	1	526768	99.321652
60644	燈組	1	526769	99.321841
60645	燈節	1	526770	99.322030
60646	燈蛾	1	526771	99.322219
60647	燈戲	1	526772	99.322408
60648	燈燭	1	526773	99.322597
60649	燈謎	1	526774	99.322786
60650	燕赤霞	1	526775	99.322975
60651	燕京	1	526776	99.323164
60652	燕京歲時記	1	526777	99.323353
60653	燕居	1	526778	99.323542
60654	燕巢	1	526779	99.323731
60655	燕窩	1	526780	99.323920
60656	燎延	1	526781	99.324109
60657	燙焦	1	526782	99.324298
60658	燙傷中心	1	526783	99.324487
60659	燜燒鍋	1	526784	99.324676
60660	燃油噴射系統	1	526785	99.324865
60661	燃油箱	1	526786	99.325054
60662	燃亮	1	526787	99.325243
60663	燃炮	1	526788	99.325432
60664	燃料供應系統	1	526789	99.325621
60665	燃料稅	1	526790	99.325810
60666	燃耗	1	526791	99.325999
60667	燃草式發電廠	1	526792	99.326188
60668	燃燒的天堂	1	526793	99.326377
60669	燃燒器	1	526794	99.326566
60670	獨大	1	526795	99.326755
60671	獨生女	1	526796	99.326944
60672	獨立多連桿	1	526797	99.327133
60673	獨立式	1	526798	99.327322
60674	獨立步	1	526799	99.327511
60675	獨立長短控制臂	1	526800	99.327700
60676	獨立國	1	526801	99.327889
60677	獨立麥弗遜支柱式懸掛系統	1	526802	99.328078
60678	獨立戰爭	1	526803	99.328267
60679	獨立懸掛系統	1	526804	99.328456
60680	獨行俠	1	526805	99.328645
60681	獨佔式	1	526806	99.328834
60682	獨佔禁止法	1	526807	99.329023
60683	獨吞	1	526808	99.329212
60684	獨坐	1	526809	99.329401
60685	獨步	1	526810	99.329590
60686	獨見	1	526811	99.329779
60687	獨具一格	1	526812	99.329968
60688	獨到之處	1	526813	99.330157
60689	獨孤求敗	1	526814	99.330346
60690	獨門主義	1	526815	99.330535
60691	獨門絕活	1	526816	99.330724
60692	獨門獨院	1	526817	99.330913
60693	獨挑	1	526818	99.331102
60694	獨活	1	526819	99.331291
60695	獨家代理權	1	526820	99.331480
60696	獨家祕方	1	526821	99.331669
60697	獨家報導	1	526822	99.331858
60698	獨特性	1	526823	99.332047
60699	獨特秘方	1	526824	99.332236
60700	獨唱	1	526825	99.332425
60701	獨眼	1	526826	99.332614
60702	獨眼巨人	1	526827	99.332803
60703	獨眼巨人族	1	526828	99.332992
60704	獨眼龍	1	526829	99.333181
60705	獨善其身	1	526830	99.333370
60706	獨裁分子	1	526831	99.333559
60707	獨臺會	1	526832	99.333748
60708	獨樂園	1	526833	99.333937
60709	獨霸一方	1	526834	99.334126
60710	璞玉專案	1	526835	99.334315
60711	瓢形	1	526836	99.334504
60712	瘴癘	1	526837	99.334693
60713	盧卡契	1	526838	99.334882
60714	盧卡斯	1	526839	99.335071
60715	盧卡諾	1	526840	99.335260
60716	盧安達	1	526841	99.335449
60717	盧米耶兄弟	1	526842	99.335638
60718	盧宗慶	1	526843	99.335827
60719	盧昂	1	526844	99.336016
60720	盧明德	1	526845	99.336205
60721	盧森堡	1	526846	99.336394
60722	盧毓鈞	1	526847	99.336583
60723	盧溝橋事件	1	526848	99.336772
60724	盧蜜‧卡瓦索斯	1	526849	99.336961
60725	盥洗	1	526850	99.337150
60726	磨牙	1	526851	99.337339
60727	磨平	1	526852	99.337528
60728	磨皮	1	526853	99.337717
60729	磨石子	1	526854	99.337906
60730	磨石地	1	526855	99.338095
60731	磨耗	1	526856	99.338284
60732	磨掉	1	526857	99.338473
60733	磨棒	1	526858	99.338662
60734	磨蝕	1	526859	99.338851
60735	磨盤	1	526860	99.339040
60736	磨輪	1	526861	99.339229
60737	磨銳	1	526862	99.339418
60738	磨磨蹭蹭	1	526863	99.339607
60739	磨鍊	1	526864	99.339796
60740	磚刻	1	526865	99.339985
60741	磚房	1	526866	99.340174
60742	磚造	1	526867	99.340363
60743	磚塊	1	526868	99.340552
60744	磚壁	1	526869	99.340741
60745	磚牆	1	526870	99.340930
60746	積汙	1	526871	99.341119
60747	積奇瑪莉	1	526872	99.341308
60748	積弱	1	526873	99.341497
60749	積疾難返	1	526874	99.341686
60750	積善之家有餘慶	1	526875	99.341875
60751	積極地	1	526876	99.342064
60752	積塵	1	526877	99.342253
60753	積漸	1	526878	99.342442
60754	積德	1	526879	99.342631
60755	積糧	1	526880	99.342820
60756	積攢	1	526881	99.343009
60757	穆天子傳	1	526882	99.343198
60758	穆罕默德	1	526883	99.343387
60759	穆斯克安	1	526884	99.343576
60760	穆爾惱	1	526885	99.343765
60761	窺出	1	526886	99.343954
60762	窺究	1	526887	99.344143
60763	窺知	1	526888	99.344332
60764	窺測	1	526889	99.344521
60765	築居	1	526890	99.344710
60766	築建	1	526891	99.344899
60767	築牆	1	526892	99.345088
60768	築壩	1	526893	99.345277
60769	篤行	1	526894	99.345466
60770	篤念	1	526895	99.345655
60771	篤厚	1	526896	99.345844
60772	篤斯越橘	1	526897	99.346033
60773	篤實	1	526898	99.346222
60774	篡國者	1	526899	99.346411
60775	篩食者	1	526900	99.346600
60776	篩檢率	1	526901	99.346789
60777	糕果	1	526902	99.346978
60778	糕餅店	1	526903	99.347167
60779	糖元量	1	526904	99.347356
60780	糖水	1	526905	99.347545
60781	糖瓜	1	526906	99.347734
60782	糖份	1	526907	99.347923
60783	糖尿	1	526908	99.348112
60784	糖果屋	1	526909	99.348301
60785	糖果糕餅業	1	526910	99.348490
60786	糖玻璃	1	526911	99.348679
60787	糖盒	1	526912	99.348868
60788	縛紮	1	526913	99.349057
60789	縛緊	1	526914	99.349246
60790	縣市中小企業服務中心	1	526915	99.349435
60791	縣市衛生局	1	526916	99.349624
60792	縣市議員	1	526917	99.349813
60793	縣份	1	526918	99.350002
60794	縣委書記	1	526919	99.350191
60795	縣產	1	526920	99.350380
60796	縣境	1	526921	99.350569
60797	縣轄市	1	526922	99.350758
60798	縉紳	1	526923	99.350947
60799	縉紳府	1	526924	99.351136
60800	縐絲絨	1	526925	99.351325
60801	縐綢	1	526926	99.351514
60802	罹禍	1	526927	99.351703
60803	罹難者	1	526928	99.351892
60804	羲和	1	526929	99.352081
60805	翱翔萬里	1	526930	99.352270
60806	膳房	1	526931	99.352459
60807	膨脹宇宙論	1	526932	99.352648
60808	膨鬆	1	526933	99.352837
60809	臻於	1	526934	99.353026
60810	臻善	1	526935	99.353215
60811	興工	1	526936	99.353404
60812	興中會	1	526937	99.353593
60813	興安國小	1	526938	99.353782
60814	興味盎然	1	526939	99.353971
60815	興風作浪	1	526940	99.354160
60816	興復	1	526941	99.354349
60817	興隆清村	1	526942	99.354538
60818	興隆路	1	526943	99.354727
60819	興嘆	1	526944	99.354916
60820	興榮	1	526945	99.355105
60821	興趣盎然	1	526946	99.355294
60822	興學	1	526947	99.355483
60823	蕈狀雲	1	526948	99.355672
60824	蕩然	1	526949	99.355861
60825	蕃仔形砌	1	526950	99.356050
60826	蕃仔路	1	526951	99.356239
60827	蕃石榴	1	526952	99.356428
60828	蕃茄醬	1	526953	99.356617
60829	蕃童教育所	1	526954	99.356806
60830	蕃薯文化工作室	1	526955	99.356995
60831	蕭天讚	1	526956	99.357184
60832	蕭寺	1	526957	99.357373
60833	蕭百琳	1	526958	99.357562
60834	蕭美雲	1	526959	99.357751
60835	蕭素貞	1	526960	99.357940
60836	蕭國昌	1	526961	99.358129
60837	蕭富元	1	526962	99.358318
60838	蕭進興	1	526963	99.358507
60839	蕭颯	1	526964	99.358696
60840	蕭蕭	1	526965	99.358885
60841	蕞爾小島	1	526966	99.359074
60842	螞蟻腳	1	526967	99.359263
60843	螢光	1	526968	99.359452
60844	螢光色	1	526969	99.359641
60845	螢光屏	1	526970	99.359830
60846	螢光燈	1	526971	99.360019
60847	融入式	1	526972	99.360208
60848	融冰	1	526973	99.360397
60849	融貫	1	526974	99.360586
60850	融會	1	526975	99.360775
60851	融資性	1	526976	99.360964
60852	融資額	1	526977	99.361153
60853	衡盱	1	526978	99.361342
60854	褪去	1	526979	99.361531
60855	褪變	1	526980	99.361720
60856	褲腳	1	526981	99.361909
60857	褥瘡	1	526982	99.362098
60858	褫奪公權	1	526983	99.362287
60859	親口	1	526984	99.362476
60860	親子活動	1	526985	99.362665
60861	親子師生美展	1	526986	99.362854
60862	親子情	1	526987	99.363043
60863	親子發展會	1	526988	99.363232
60864	親子園	1	526989	99.363421
60865	親子園遊會	1	526990	99.363610
60866	親子遊	1	526991	99.363799
60867	親子圖	1	526992	99.363988
60868	親兄弟	1	526993	99.364177
60869	親共	1	526994	99.364366
60870	親事	1	526995	99.364555
60871	親往	1	526996	99.364744
60872	親政	1	526997	99.364933
60873	親軍	1	526998	99.365122
60874	親娘	1	526999	99.365311
60875	親師	1	527000	99.365500
60876	親耕	1	527001	99.365689
60877	親疏	1	527002	99.365878
60878	親善小天使	1	527003	99.366067
60879	親詔	1	527004	99.366256
60880	親愛的，我把孩子放大了	1	527005	99.366445
60881	親愛精誠	1	527006	99.366634
60882	親豢	1	527007	99.366823
60883	親蜜的愛人	1	527008	99.367012
60884	親嘴	1	527009	99.367201
60885	親暱	1	527010	99.367390
60886	諫臣	1	527011	99.367579
60887	諫言	1	527012	99.367768
60888	諱莫如深	1	527013	99.367957
60889	謀而後動	1	527014	99.368146
60890	謀利	1	527015	99.368335
60891	謀面	1	527016	99.368524
60892	謀財害命	1	527017	99.368713
60893	謀殺案	1	527018	99.368902
60894	謀職	1	527019	99.369091
60895	諜網迷魂	1	527020	99.369280
60896	諧趣	1	527021	99.369469
60897	諮商員	1	527022	99.369658
60898	諮詢中心	1	527023	99.369847
60899	諮詢委員會	1	527024	99.370036
60900	諾貝爾大獎	1	527025	99.370225
60901	諾貝爾世界和平獎	1	527026	99.370414
60902	諾貝爾和平獎	1	527027	99.370603
60903	諾貝爾物理獎	1	527028	99.370792
60904	諾亞	1	527029	99.370981
60905	諾若得	1	527030	99.371170
60906	諾曼第	1	527031	99.371359
60907	諾斯替教	1	527032	99.371548
60908	諾魯	1	527033	99.371737
60909	謁墓	1	527034	99.371926
60910	諷寓	1	527035	99.372115
60911	諭令	1	527036	99.372304
60912	豫劇	1	527037	99.372493
60913	豫變記略	1	527038	99.372682
60914	貓公越嶺道	1	527039	99.372871
60915	貓爪	1	527040	99.373060
60916	貓捉老鼠	1	527041	99.373249
60917	貓牌	1	527042	99.373438
60918	貓頭	1	527043	99.373627
60919	貓寶寶	1	527044	99.373816
60920	賴世和	1	527045	99.374005
60921	賴以為生	1	527046	99.374194
60922	賴此	1	527047	99.374383
60923	賴床	1	527048	99.374572
60924	賴亞文	1	527049	99.374761
60925	賴東明	1	527050	99.374950
60926	賴掉	1	527051	99.375139
60927	賴德公司	1	527052	99.375328
60928	踱步	1	527053	99.375517
60929	踵骨結	1	527054	99.375706
60930	輻射光	1	527055	99.375895
60931	輻射性	1	527056	99.376084
60932	輻射性岩石	1	527057	99.376273
60933	輻射能	1	527058	99.376462
60934	輻射塵	1	527059	99.376651
60935	輻射鋼筋	1	527060	99.376840
60936	輻射牆	1	527061	99.377029
60937	輸入法	1	527062	99.377218
60938	輸不起	1	527063	99.377407
60939	輸出入銀行	1	527064	99.377596
60940	輸出扭力	1	527065	99.377785
60941	輸出值	1	527066	99.377974
60942	輸出量	1	527067	99.378163
60943	輸出額	1	527068	99.378352
60944	輸卵管炎	1	527069	99.378541
60945	輸球	1	527070	99.378730
60946	輸誠	1	527071	99.378919
60947	輸熱網	1	527072	99.379108
60948	辨偽	1	527073	99.379297
60949	辨務署長	1	527074	99.379486
60950	辨疑	1	527075	99.379675
60951	辦公大樓症候群	1	527076	99.379864
60952	辦公室自動化	1	527077	99.380053
60953	辦公處	1	527078	99.380242
60954	辦公椅	1	527079	99.380431
60955	辦公樓	1	527080	99.380620
60956	辦手續	1	527081	99.380809
60957	辦妥	1	527082	99.380998
60958	辦案	1	527083	99.381187
60959	遵從	1	527084	99.381376
60960	選手村	1	527085	99.381565
60961	選片	1	527086	99.381754
60962	選本	1	527087	99.381943
60963	選用件	1	527088	99.382132
60964	選任	1	527089	99.382321
60965	選局	1	527090	99.382510
60966	選角	1	527091	99.382699
60967	選美賽	1	527092	99.382888
60968	選校	1	527093	99.383077
60969	選期	1	527094	99.383266
60970	選萃	1	527095	99.383455
60971	選填	1	527096	99.383644
60972	選擇權	1	527097	99.383833
60973	選舉人	1	527098	99.384022
60974	選舉消渴症	1	527099	99.384211
60975	選舉期	1	527100	99.384400
60976	選舉團	1	527101	99.384589
60977	遲延	1	527102	99.384778
60978	遲浩田	1	527103	99.384967
60979	遲眠	1	527104	99.385156
60980	遲婚	1	527105	99.385345
60981	遲遲疑疑	1	527106	99.385534
60982	遼東	1	527107	99.385723
60983	遼河	1	527108	99.385912
60984	遼寧省	1	527109	99.386101
60985	遼遠	1	527110	99.386290
60986	遼瀋戰役	1	527111	99.386479
60987	遺世獨立	1	527112	99.386668
60988	遺民	1	527113	99.386857
60989	遺老	1	527114	99.387046
60990	遺志	1	527115	99.387235
60991	遺言	1	527116	99.387424
60992	遺恨	1	527117	99.387613
60993	遺缺	1	527118	99.387802
60994	遺臭萬年	1	527119	99.387991
60995	遺骨	1	527120	99.388180
60996	遺詔	1	527121	99.388369
60997	遺傳工程學家	1	527122	99.388558
60998	遺傳因子	1	527123	99.388747
60999	遺傳性	1	527124	99.388936
61000	遺傳病	1	527125	99.389125
61001	遺傳學研究所	1	527126	99.389314
61002	遺落	1	527127	99.389503
61003	遺聞軼事	1	527128	99.389692
61004	遺誤	1	527129	99.389881
61005	遺憾終生	1	527130	99.390070
61006	遺贈稅法	1	527131	99.390259
61007	錶鐲	1	527132	99.390448
61008	鋸子	1	527133	99.390637
61009	鋸角	1	527134	99.390826
61010	鋸琴	1	527135	99.391015
61011	鋸緣青蟹	1	527136	99.391204
61012	鋸齒形	1	527137	99.391393
61013	鋸齒狀	1	527138	99.391582
61014	錯用	1	527139	99.391771
61015	錯位牙	1	527140	99.391960
61016	錯位齒	1	527141	99.392149
61017	錯的	1	527142	99.392338
61018	錯配	1	527143	99.392527
61019	錯開	1	527144	99.392716
61020	錯落有致	1	527145	99.392905
61021	錯漏	1	527146	99.393094
61022	錯認	1	527147	99.393283
61023	錯誤的第一步	1	527148	99.393472
61024	錯錯落落	1	527149	99.393661
61025	錯體俏佳人	1	527150	99.393850
61026	錢大群	1	527151	99.394039
61027	錢世英	1	527152	99.394228
61028	錢玉蓮	1	527153	99.394417
61029	錢坑	1	527154	99.394606
61030	錢局	1	527155	99.394795
61031	錢脈	1	527156	99.394984
61032	錢莊	1	527157	99.395173
61033	錢途	1	527158	99.395362
61034	錢塘江	1	527159	99.395551
61035	錢塘潮	1	527160	99.395740
61036	錢數	1	527161	99.395929
61037	錢鋼	1	527162	99.396118
61038	錢聲遠	1	527163	99.396307
61039	錢櫃床	1	527164	99.396496
61040	錢癬	1	527165	99.396685
61041	鋼架	1	527166	99.396874
61042	鋼容器	1	527167	99.397063
61043	鋼砲	1	527168	99.397252
61044	鋼釘	1	527169	99.397441
61045	鋼骨結構體	1	527170	99.397630
61046	鋼條	1	527171	99.397819
61047	鋼琴家	1	527172	99.398008
61048	鋼琴師	1	527173	99.398197
61049	鋼琴書	1	527174	99.398386
61050	鋼筆	1	527175	99.398575
61051	鋼筋屋	1	527176	99.398764
61052	鋼絲絨	1	527177	99.398953
61053	鋼模	1	527178	99.399142
61054	鋼鋁業	1	527179	99.399331
61055	鋼鐵股	1	527180	99.399520
61056	錫達斯	1	527181	99.399709
61057	錫蘭茶	1	527182	99.399898
61058	錄音界	1	527183	99.400087
61059	錄音器材	1	527184	99.400276
61060	錄影商	1	527185	99.400465
61061	錄影帶店	1	527186	99.400654
61062	錐心之痛	1	527187	99.400843
61063	錐形	1	527188	99.401032
61064	錐胸	1	527189	99.401221
61065	錦衣衛	1	527190	99.401410
61066	錦湖	1	527191	99.401599
61067	錦標	1	527192	99.401788
61068	錦繡河山	1	527193	99.401977
61069	錦鯉	1	527194	99.402166
61070	閻惜姣	1	527195	99.402355
61071	閻錫山	1	527196	99.402544
61072	閻羅	1	527197	99.402733
61073	閻羅王	1	527198	99.402922
61074	隨之	1	527199	99.403111
61075	隨手之勞	1	527200	99.403300
61076	隨州志	1	527201	99.403489
61077	隨身帶	1	527202	99.403678
61078	隨身袋	1	527203	99.403867
61079	隨身聽	1	527204	99.404056
61080	隨侍在側	1	527205	99.404245
61081	隨俗浮沉	1	527206	99.404434
61082	隨風	1	527207	99.404623
61083	隨員	1	527208	99.404812
61084	隨船	1	527209	99.405001
61085	隨處	1	527210	99.405190
61086	隨筆族	1	527211	99.405379
61087	隨園	1	527212	99.405568
61088	隨意肌	1	527213	99.405757
61089	隨感	1	527214	99.405946
61090	隨葬	1	527215	99.406135
61091	隨葬品	1	527216	99.406324
61092	隨駕	1	527217	99.406513
61093	隨縣	1	527218	99.406702
61094	隨興	1	527219	99.406891
61095	險坡	1	527220	99.407080
61096	險急	1	527221	99.407269
61097	險要	1	527222	99.407458
61098	險象橫生	1	527223	99.407647
61099	險路	1	527224	99.407836
61100	雕花	1	527225	99.408025
61101	雕割	1	527226	99.408214
61102	雕塑品	1	527227	99.408403
61103	雕塑家	1	527228	99.408592
61104	雕漆	1	527229	99.408781
61105	霎那	1	527230	99.408970
61106	霎時	1	527231	99.409159
61107	霖園飯店	1	527232	99.409348
61108	霍夫剛	1	527233	99.409537
61109	霍伯	1	527234	99.409726
61110	霍伯定律	1	527235	99.409915
61111	霍梅尼	1	527236	99.410104
61112	霍然	1	527237	99.410293
61113	霍赫特公司	1	527238	99.410482
61114	霍霍	1	527239	99.410671
61115	霓虹雀鯛	1	527240	99.410860
61116	靜和醫院	1	527241	99.411049
61117	靜定	1	527242	99.411238
61118	靜宜園	1	527243	99.411427
61119	靜居	1	527244	99.411616
61120	靜物素描	1	527245	99.411805
61121	靜候	1	527246	99.411994
61122	靜脈注射	1	527247	99.412183
61123	靜肅	1	527248	99.412372
61124	靜雅	1	527249	99.412561
61125	靜躺	1	527250	99.412750
61126	靜靜地	1	527251	99.412939
61127	靜觀	1	527252	99.413128
61128	靜觀其變	1	527253	99.413317
61129	頰部	1	527254	99.413506
61130	頰囊	1	527255	99.413695
61131	頸子	1	527256	99.413884
61132	頸圈	1	527257	99.414073
61133	頸部淋巴結	1	527258	99.414262
61134	頸間	1	527259	99.414451
61135	頸項	1	527260	99.414640
61136	頸腺	1	527261	99.414829
61137	頸環雙鋸齒蓋魚	1	527262	99.415018
61138	頻生	1	527263	99.415207
61139	頻道量	1	527264	99.415396
61140	頷首	1	527265	99.415585
61141	頭大	1	527266	99.415774
61142	頭寸	1	527267	99.415963
61143	頭皮洗劑	1	527268	99.416152
61144	頭皮針頭	1	527269	99.416341
61145	頭份國小	1	527270	99.416530
61146	頭形	1	527271	99.416719
61147	頭角	1	527272	99.416908
61148	頭兒	1	527273	99.417097
61149	頭枕	1	527274	99.417286
61150	頭肩圖	1	527275	99.417475
61151	頭重腳輕	1	527276	99.417664
61152	頭條	1	527277	99.417853
61153	頭盔	1	527278	99.418042
61154	頭圍	1	527279	99.418231
61155	頭殼	1	527280	99.418420
61156	頭痛病	1	527281	99.418609
61157	頭痛欲裂	1	527282	99.418798
61158	頭暈暈	1	527283	99.418987
61159	頭腦體操	1	527284	99.419176
61160	頭號公敵	1	527285	99.419365
61161	頭飾	1	527286	99.419554
61162	頭獎	1	527287	99.419743
61163	頭頸部惡性腫瘤	1	527288	99.419932
61164	頭題	1	527289	99.420121
61165	頭體	1	527290	99.420310
61166	頹倒	1	527291	99.420499
61167	頹唐	1	527292	99.420688
61168	頹然	1	527293	99.420877
61169	頹靡	1	527294	99.421066
61170	頹圮	1	527295	99.421255
61171	頤養	1	527296	99.421444
61172	頤養天年	1	527297	99.421633
61173	餐具袋	1	527298	99.421822
61174	餐風宿露	1	527299	99.422011
61175	餐宴	1	527300	99.422200
61176	餐飲店	1	527301	99.422389
61177	餐飲界	1	527302	99.422578
61178	餐廳秀	1	527303	99.422767
61179	餞行	1	527304	99.422956
61180	餛飩	1	527305	99.423145
61181	餛飩湯	1	527306	99.423334
61182	餡子	1	527307	99.423523
61183	駭人聽聞	1	527308	99.423712
61184	駭怪	1	527309	99.423901
61185	駭浪	1	527310	99.424090
61186	駭聞	1	527311	99.424279
61187	駱駝伕	1	527312	99.424468
61188	駱駝商隊	1	527313	99.424657
61189	駱錦明	1	527314	99.424846
61190	鬨堂大笑	1	527315	99.425035
61191	鮑大可	1	527316	99.425224
61192	鮑伯狄倫	1	527317	99.425413
61193	鮑爾	1	527318	99.425602
61194	鮑爾協會	1	527319	99.425791
61195	鴕鳥蛋	1	527320	99.425980
61196	鴨肉	1	527321	99.426169
61197	鴨票	1	527322	99.426358
61198	鴨掌	1	527323	99.426547
61199	鴨媽媽	1	527324	99.426736
61200	鴨嘴龍	1	527325	99.426925
61201	鴛侶	1	527326	99.427114
61202	默不作聲	1	527327	99.427303
61203	默罕謨德‧侯賽因‧納格迪	1	527328	99.427492
61204	默罕謨德‧莫哈迪辛	1	527329	99.427681
61205	默哀	1	527330	99.427870
61206	默許	1	527331	99.428059
61207	默想	1	527332	99.428248
61208	默默不語	1	527333	99.428437
61209	默默無聞	1	527334	99.428626
61210	默禱	1	527335	99.428815
61211	龍山水社區	1	527336	99.429004
61212	龍山國小	1	527337	99.429193
61213	龍井國小	1	527338	99.429382
61214	龍心大悅	1	527339	99.429571
61215	龍王潭	1	527340	99.429760
61216	龍兄虎弟	1	527341	99.429949
61217	龍生龍，鳳生鳳，老鼠生的會打洞	1	527342	99.430138
61218	龍穴	1	527343	99.430327
61219	龍安	1	527344	99.430516
61220	龍舌蘭	1	527345	99.430705
61221	龍舌蘭酒	1	527346	99.430894
61222	龍行天下	1	527347	99.431083
61223	龍衣	1	527348	99.431272
61224	龍君兒	1	527349	99.431461
61225	龍困淺灘	1	527350	99.431650
61226	龍尾	1	527351	99.431839
61227	龍形	1	527352	99.432028
61228	龍谷	1	527353	99.432217
61229	龍身	1	527354	99.432406
61230	龍邦	1	527355	99.432595
61231	龍邦建設	1	527356	99.432784
61232	龍虎會	1	527357	99.432973
61233	龍虎雙雄	1	527358	99.433162
61234	龍門客棧	1	527359	99.433351
61235	龍柏	1	527360	99.433540
61236	龍飛鳳舞	1	527361	99.433729
61237	龍宮	1	527362	99.433918
61238	龍珠灣	1	527363	99.434107
61239	龍神太子	1	527364	99.434296
61240	龍骨	1	527365	99.434485
61241	龍袍	1	527366	99.434674
61242	龍發堂	1	527367	99.434863
61243	龍隊	1	527368	99.435052
61244	龍德工業區	1	527369	99.435241
61245	龍壁	1	527370	99.435430
61246	龍騰虎躍	1	527371	99.435619
61247	龍鬚	1	527372	99.435808
61248	龍鑾潭	1	527373	99.435997
61249	龜卜	1	527374	99.436186
61250	龜山夜市	1	527375	99.436375
61251	龜山國小	1	527376	99.436564
61252	龜茲國	1	527377	99.436753
61253	龜裂	1	527378	99.436942
61254	優良兒童圖書	1	527379	99.437131
61255	優良店	1	527380	99.437320
61256	優待證	1	527381	99.437509
61257	優柔寡斷	1	527382	99.437698
61258	優異性	1	527383	99.437887
61259	優異獎	1	527384	99.438076
61260	優勝者	1	527385	99.438265
61261	優勝獎	1	527386	99.438454
61262	優惠利率	1	527387	99.438643
61263	優惠票	1	527388	99.438832
61264	優惠價	1	527389	99.439021
61265	優惠證	1	527390	99.439210
61266	優惠關稅	1	527391	99.439399
61267	優等獎	1	527392	99.439588
61268	優越性	1	527393	99.439777
61269	優裕	1	527394	99.439966
61270	優詩美地國家公園	1	527395	99.440155
61271	優詩美地湖	1	527396	99.440344
61272	優詩美地瀑布	1	527397	99.440533
61273	優遊	1	527398	99.440722
61274	優劇場	1	527399	99.440911
61275	優質	1	527400	99.441100
61276	償付	1	527401	99.441289
61277	償命	1	527402	99.441478
61278	償金	1	527403	99.441667
61279	儡傀	1	527404	99.441856
61280	儲戶	1	527405	99.442045
61281	儲水	1	527406	99.442234
61282	儲訓	1	527407	99.442423
61283	儲貨會	1	527408	99.442612
61284	儲貨業	1	527409	99.442801
61285	儲運	1	527410	99.442990
61286	儲滿	1	527411	99.443179
61287	儲蓄率	1	527412	99.443368
61288	儲藏室	1	527413	99.443557
61289	勵志	1	527414	99.443746
61290	勵志小品	1	527415	99.443935
61291	勵志詩	1	527416	99.444124
61292	勵志電影	1	527417	99.444313
61293	勵馨社會福利基金會	1	527418	99.444502
61294	嚎啕大哭	1	527419	99.444691
61295	嚐到	1	527420	99.444880
61296	嚐新	1	527421	99.445069
61297	嚐盡	1	527422	99.445258
61298	嚐嚐	1	527423	99.445447
61299	嚐鮮	1	527424	99.445636
61300	嚅嚅	1	527425	99.445825
61301	嚇利俄斯	1	527426	99.446014
61302	嚇退	1	527427	99.446203
61303	嚇嚇叫	1	527428	99.446392
61304	壓力計	1	527429	99.446581
61305	壓出	1	527430	99.446770
61306	壓光機	1	527431	99.446959
61307	壓死	1	527432	99.447148
61308	壓住	1	527433	99.447337
61309	壓抑感	1	527434	99.447526
61310	壓卷	1	527435	99.447715
61311	壓迫感	1	527436	99.447904
61312	壓軸好戲	1	527437	99.448093
61313	壓傷	1	527438	99.448282
61314	壓歲盤	1	527439	99.448471
61315	壓路機	1	527440	99.448660
61316	壓逼	1	527441	99.448849
61317	壓電感應板	1	527442	99.449038
61318	壓製	1	527443	99.449227
61319	壓箱底	1	527444	99.449416
61320	壓縮比	1	527445	99.449605
61321	壓縮保存袋	1	527446	99.449794
61322	壓鑄式車門	1	527447	99.449983
61323	壓鑄業	1	527448	99.450172
61324	嬰兒床	1	527449	99.450361
61325	嬰兒車	1	527450	99.450550
61326	嬰兒食品	1	527451	99.450739
61327	嬰兒膏	1	527452	99.450928
61328	嬰兒潮	1	527453	99.451117
61329	幫人	1	527454	99.451306
61330	幫凶	1	527455	99.451495
61331	幫個忙	1	527456	99.451684
61332	幫會	1	527457	99.451873
61333	彌月	1	527458	99.452062
61334	彌勒	1	527459	99.452251
61335	彌新	1	527460	99.452440
61336	彌補式控制方法	1	527461	99.452629
61337	彌撒	1	527462	99.452818
61338	徽幟	1	527463	99.453007
61339	徽幫	1	527464	99.453196
61340	應用文	1	527465	99.453385
61341	應收	1	527466	99.453574
61342	應考	1	527467	99.453763
61343	應昌期基金會	1	527468	99.453952
61344	應能	1	527469	99.454141
61345	應接	1	527470	99.454330
61346	應接不暇	1	527471	99.454519
61347	應援	1	527472	99.454708
61348	應答	1	527473	99.454897
61349	應答聲	1	527474	99.455086
61350	應運	1	527475	99.455275
61351	應選	1	527476	99.455464
61352	應聲	1	527477	99.455653
61353	應聲而倒	1	527478	99.455842
61354	應證	1	527479	99.456031
61355	應變記	1	527480	99.456220
61356	懇談會	1	527481	99.456409
61357	懇請	1	527482	99.456598
61358	懇親會	1	527483	99.456787
61359	戲文	1	527484	99.456976
61360	戲如人生	1	527485	99.457165
61361	戲事	1	527486	99.457354
61362	戲服	1	527487	99.457543
61363	戲耍	1	527488	99.457732
61364	戲院公會	1	527489	99.457921
61365	戲雪	1	527490	99.458110
61366	戲棚板	1	527491	99.458299
61367	戲筆	1	527492	99.458488
61368	戲路	1	527493	99.458677
61369	戲團	1	527494	99.458866
61370	戲臺	1	527495	99.459055
61371	戲劇界	1	527496	99.459244
61372	戲劇家	1	527497	99.459433
61373	戲劇張力	1	527498	99.459622
61374	戲劇節	1	527499	99.459811
61375	戲劇團	1	527500	99.460000
61376	戲劇營	1	527501	99.460189
61377	戲緣	1	527502	99.460378
61378	戲論	1	527503	99.460567
61379	戴克拉克	1	527504	99.460756
61380	戴孝	1	527505	99.460945
61381	戴秀娟	1	527506	99.461134
61382	戴花	1	527507	99.461323
61383	戴美玉	1	527508	99.461512
61384	戴高帽子	1	527509	99.461701
61385	戴望舒	1	527510	99.461890
61386	戴雪	1	527511	99.462079
61387	戴勝鳥	1	527512	99.462268
61388	戴帽子	1	527513	99.462457
61389	戴華光案	1	527514	99.462646
61390	戴黑紗	1	527515	99.462835
61391	戴奧辛	1	527516	99.463024
61392	戴瑞明	1	527517	99.463213
61393	戴雷昂	1	527518	99.463402
61394	戴毅	1	527519	99.463591
61395	戴憑傳	1	527520	99.463780
61396	擊出	1	527521	99.463969
61397	擊打	1	527522	99.464158
61398	擊垮	1	527523	99.464347
61399	擊破	1	527524	99.464536
61400	擊帶處	1	527525	99.464725
61401	擊傷	1	527526	99.464914
61402	擊鼓	1	527527	99.465103
61403	擊劍	1	527528	99.465292
61404	擊壤歌	1	527529	99.465481
61405	擠入	1	527530	99.465670
61406	擠公車	1	527531	99.465859
61407	擠奶	1	527532	99.466048
61408	擠身	1	527533	99.466237
61409	擠身國際	1	527534	99.466426
61410	擠迫	1	527535	99.466615
61411	擠破	1	527536	99.466804
61412	擠掉	1	527537	99.466993
61413	擠裂	1	527538	99.467182
61414	擠縮	1	527539	99.467371
61415	擦手	1	527540	99.467560
61416	擦地	1	527541	99.467749
61417	擦槍	1	527542	99.467938
61418	擦鞋童	1	527543	99.468127
61419	擬人化	1	527544	99.468316
61420	擬出	1	527545	99.468505
61421	擬旨	1	527546	99.468694
61422	擬真	1	527547	99.468883
61423	擬設	1	527548	99.469072
61424	擬造	1	527549	99.469261
61425	擬態	1	527550	99.469450
61426	擬態作用	1	527551	99.469639
61427	擬稿	1	527552	99.469828
61428	擬燈蛾	1	527553	99.470017
61429	擬議	1	527554	99.470206
61430	斂財	1	527555	99.470395
61431	斃命	1	527556	99.470584
61432	檀香山	1	527557	99.470773
61433	檔次	1	527558	99.470962
61434	檢制	1	527559	99.471151
61435	檢查委員會	1	527560	99.471340
61436	檢查門	1	527561	99.471529
61437	檢查線	1	527562	99.471718
61438	檢疫	1	527563	99.471907
61439	檢肅貪瀆	1	527564	99.472096
61440	檢察	1	527565	99.472285
61441	檢察總長	1	527566	99.472474
61442	檢驗單	1	527567	99.472663
61443	檢驗費	1	527568	99.472852
61444	檢驗器	1	527569	99.473041
61445	檐口	1	527570	99.473230
61446	氈殿	1	527571	99.473419
61447	濱刺麥	1	527572	99.473608
61448	濱海快速公路	1	527573	99.473797
61449	濱鷸	1	527574	99.473986
61450	濟世	1	527575	99.474175
61451	濟世救人	1	527576	99.474364
61452	濟南	1	527577	99.474553
61453	濟業電子	1	527578	99.474742
61454	濟濟多士	1	527579	99.474931
61455	濛濛亮	1	527580	99.475120
61456	濫名	1	527581	99.475309
61457	濫捕	1	527582	99.475498
61458	濫殺	1	527583	99.475687
61459	濫發	1	527584	99.475876
61460	濫觴	1	527585	99.476065
61461	澀谷	1	527586	99.476254
61462	澀感	1	527587	99.476443
61463	澀澀	1	527588	99.476632
61464	濕地	1	527589	99.476821
61465	濕式口罩	1	527590	99.477010
61466	濕意	1	527591	99.477199
61467	濕滑	1	527592	99.477388
61468	濕穀子	1	527593	99.477577
61469	濕濕	1	527594	99.477766
61470	濮議之爭	1	527595	99.477955
61471	濰坊	1	527596	99.478144
61472	燧石	1	527597	99.478333
61473	營友	1	527598	99.478522
61474	營火晚會	1	527599	99.478711
61475	營收額	1	527600	99.478900
61476	營利額	1	527601	99.479089
61477	營址	1	527602	99.479278
61478	營求	1	527603	99.479467
61479	營建股	1	527604	99.479656
61480	營帳	1	527605	99.479845
61481	營救	1	527606	99.480034
61482	營造公會	1	527607	99.480223
61483	營造廠	1	527608	99.480412
61484	營業用	1	527609	99.480601
61485	營業執照	1	527610	99.480790
61486	營業處	1	527611	99.480979
61487	營盤址	1	527612	99.481168
61488	營養口糧	1	527613	99.481357
61489	營謀	1	527614	99.481546
61490	燦坤	1	527615	99.481735
61491	燦坤企業	1	527616	99.481924
61492	燦亮	1	527617	99.482113
61493	燦然	1	527618	99.482302
61494	燦然大備	1	527619	99.482491
61495	燦燦	1	527620	99.482680
61496	燦耀	1	527621	99.482869
61497	燭心	1	527622	99.483058
61498	燭光晚餐	1	527623	99.483247
61499	燭龍	1	527624	99.483436
61500	燠躁	1	527625	99.483625
61501	爵士鼓	1	527626	99.483814
61502	牆身	1	527627	99.484003
61503	牆垣	1	527628	99.484192
61504	牆柱	1	527629	99.484381
61505	牆裙	1	527630	99.484570
61506	牆體	1	527631	99.484759
61507	獲利性	1	527632	99.484948
61508	獲救率	1	527633	99.485137
61509	獲準	1	527634	99.485326
61510	獲聘	1	527635	99.485515
61511	獲邀	1	527636	99.485704
61512	獲贈	1	527637	99.485893
61513	環山	1	527638	99.486082
61514	環工	1	527639	99.486271
61515	環扣	1	527640	99.486460
61516	環局	1	527641	99.486649
61517	環亞飯店	1	527642	99.486838
61518	環保小天使	1	527643	99.487027
61519	環保小局長	1	527644	99.487216
61520	環保心	1	527645	99.487405
61521	環保年	1	527646	99.487594
61522	環保行動計劃	1	527647	99.487783
61523	環保局長	1	527648	99.487972
61524	環保車	1	527649	99.488161
61525	環保署長	1	527650	99.488350
61526	環保購物袋	1	527651	99.488539
61527	環海	1	527652	99.488728
61528	環航	1	527653	99.488917
61529	環球公司	1	527654	99.489106
61530	環球影城	1	527655	99.489295
61531	環湖公路	1	527656	99.489484
61532	環飾	1	527657	99.489673
61533	環境工程	1	527658	99.489862
61534	環境汙染	1	527659	99.490051
61535	環境污染防治	1	527660	99.490240
61536	環境保護署	1	527661	99.490429
61537	環頸雉	1	527662	99.490618
61538	療方	1	527663	99.490807
61539	療育	1	527664	99.490996
61540	療病	1	527665	99.491185
61541	癌灶	1	527666	99.491374
61542	癌病史	1	527667	99.491563
61543	癌病變	1	527668	99.491752
61544	盪秋千	1	527669	99.491941
61545	瞬息	1	527670	99.492130
61546	瞬息多變	1	527671	99.492319
61547	瞧出	1	527672	99.492508
61548	瞭若指掌	1	527673	99.492697
61549	矯正器	1	527674	99.492886
61550	矯形	1	527675	99.493075
61551	矯治	1	527676	99.493264
61552	矯偽	1	527677	99.493453
61553	矯情	1	527678	99.493642
61554	矯捷	1	527679	99.493831
61555	磷光	1	527680	99.494020
61556	磷粉	1	527681	99.494209
61557	磷脂	1	527682	99.494398
61558	磷酸三鈉	1	527683	99.494587
61559	磺甲硝咪唑	1	527684	99.494776
61560	磺氨藥	1	527685	99.494965
61561	磯釣	1	527686	99.495154
61562	禪功	1	527687	99.495343
61563	禪位	1	527688	99.495532
61564	禪佛教	1	527689	99.495721
61565	禪法	1	527690	99.495910
61566	禪修	1	527691	99.496099
61567	禪堂	1	527692	99.496288
61568	禪詩	1	527693	99.496477
61569	禪語	1	527694	99.496666
61570	禪說	1	527695	99.496855
61571	禪學	1	527696	99.497044
61572	禪機	1	527697	99.497233
61573	禪燈	1	527698	99.497422
61574	禪讓	1	527699	99.497611
61575	簇新	1	527700	99.497800
61576	糠疹	1	527701	99.497989
61577	糞坑	1	527702	99.498178
61578	糞食	1	527703	99.498367
61579	糞穢	1	527704	99.498556
61580	糟油	1	527705	99.498745
61581	糟粕	1	527706	99.498934
61582	糟透了	1	527707	99.499123
61583	糟醃	1	527708	99.499312
61584	糝入	1	527709	99.499501
61585	縮詞	1	527710	99.499690
61586	績效不彰	1	527711	99.499879
61587	績效獎金	1	527712	99.500068
61588	繆思	1	527713	99.500257
61589	縷縷	1	527714	99.500446
61590	縫紉	1	527715	99.500635
61591	縫間	1	527716	99.500824
61592	縫線	1	527717	99.501013
61593	總工程師	1	527718	99.501202
61594	總分數	1	527719	99.501391
61595	總平均	1	527720	99.501580
61596	總目標	1	527721	99.501769
61597	總名	1	527722	99.501958
61598	總收入	1	527723	99.502147
61599	總住院醫師	1	527724	99.502336
61600	總兵	1	527725	99.502525
61601	總局	1	527726	99.502714
61602	總見	1	527727	99.502903
61603	總協	1	527728	99.503092
61604	總協定	1	527729	99.503281
61605	總金額	1	527730	99.503470
61606	總保額	1	527731	99.503659
61607	總指導	1	527732	99.503848
61608	總政治作戰部	1	527733	99.504037
61609	總員額	1	527734	99.504226
61610	總參謀長	1	527735	99.504415
61611	總教練	1	527736	99.504604
61612	總理人	1	527737	99.504793
61613	總產能	1	527738	99.504982
61614	總票數	1	527739	99.505171
61615	總統制	1	527740	99.505360
61616	總統府第一局副局長	1	527741	99.505549
61617	總統府總理紀念周	1	527742	99.505738
61618	總統牌	1	527743	99.505927
61619	總都府	1	527744	99.506116
61620	總隊	1	527745	99.506305
61621	總彙	1	527746	99.506494
61622	總會長	1	527747	99.506683
61623	總經	1	527748	99.506872
61624	總經銷商	1	527749	99.507061
61625	總管理部	1	527750	99.507250
61626	總價額	1	527751	99.507439
61627	總數量	1	527752	99.507628
61628	總熱量	1	527753	99.507817
61629	總編	1	527754	99.508006
61630	總論	1	527755	99.508195
61631	總壇	1	527756	99.508384
61632	總錦標	1	527757	99.508573
61633	總館	1	527758	99.508762
61634	總檢討	1	527759	99.508951
61635	總檢察官	1	527760	99.509140
61636	總檢察長	1	527761	99.509329
61637	總覺得	1	527762	99.509518
61638	總覽	1	527763	99.509707
61639	總覽表	1	527764	99.509896
61640	總體經濟學	1	527765	99.510085
61641	總體檢	1	527766	99.510274
61642	縱切面	1	527767	99.510463
61643	縱令	1	527768	99.510652
61644	縱行	1	527769	99.510841
61645	縱身	1	527770	99.511030
61646	縱放	1	527771	99.511219
61647	縱紋	1	527772	99.511408
61648	縱軸	1	527773	99.511597
61649	縱橫天下	1	527774	99.511786
61650	縱橫四海	1	527775	99.511975
61651	縱橫沙場	1	527776	99.512164
61652	縱騎	1	527777	99.512353
61653	縱觀古今	1	527778	99.512542
61654	繁花錦簇	1	527779	99.512731
61655	繁星	1	527780	99.512920
61656	繁苛	1	527781	99.513109
61657	繁捐	1	527782	99.513298
61658	繁殖季	1	527783	99.513487
61659	繁殖場	1	527784	99.513676
61660	繁殖期	1	527785	99.513865
61661	繁華似錦	1	527786	99.514054
61662	繁蔭	1	527787	99.514243
61663	繁蕪	1	527788	99.514432
61664	繁擾	1	527789	99.514621
61665	繁麗	1	527790	99.514810
61666	繁體字	1	527791	99.514999
61667	罄竹難書	1	527792	99.515188
61668	翳暑	1	527793	99.515377
61669	翼子板	1	527794	99.515566
61670	翼龍類	1	527795	99.515755
61671	聲名遠播	1	527796	99.515944
61672	聲色徵逐場所	1	527797	99.516133
61673	聲明書	1	527798	99.516322
61674	聲東擊西	1	527799	99.516511
61675	聲波	1	527800	99.516700
61676	聲威	1	527801	99.516889
61677	聲息	1	527802	99.517078
61678	聲暉協會	1	527803	99.517267
61679	聲嘶	1	527804	99.517456
61680	聲韻	1	527805	99.517645
61681	聰明相	1	527806	99.517834
61682	聰敏	1	527807	99.518023
61683	聰慧	1	527808	99.518212
61684	聰黠	1	527809	99.518401
61685	聯孔處	1	527810	99.518590
61686	聯孔郵票	1	527811	99.518779
61687	聯句	1	527812	99.518968
61688	聯外交通	1	527813	99.519157
61689	聯外道路	1	527814	99.519346
61690	聯合國人口基金會	1	527815	99.519535
61691	聯合國國際兒童急難基金	1	527816	99.519724
61692	聯合國經濟合作與發展組織	1	527817	99.519913
61693	聯合實驗管弦樂團	1	527818	99.520102
61694	聯合衛理公會	1	527819	99.520291
61695	聯合調查隊	1	527820	99.520480
61696	聯考生	1	527821	99.520669
61697	聯邦建設	1	527822	99.520858
61698	聯邦起訴書	1	527823	99.521047
61699	聯邦側向撞擊安全標準	1	527824	99.521236
61700	聯邦參議員	1	527825	99.521425
61701	聯邦移民局	1	527826	99.521614
61702	聯邦準備委員會	1	527827	99.521803
61703	聯邦銀行	1	527828	99.521992
61704	聯青社	1	527829	99.522181
61705	聯席會議	1	527830	99.522370
61706	聯航	1	527831	99.522559
61707	聯副	1	527832	99.522748
61708	聯國勞工組織	1	527833	99.522937
61709	聯接	1	527834	99.523126
61710	聯結車	1	527835	99.523315
61711	聯結性	1	527836	99.523504
61712	聯絡網	1	527837	99.523693
61713	聯華	1	527838	99.523882
61714	聯隊	1	527839	99.524071
61715	聯語	1	527840	99.524260
61716	聯彈	1	527841	99.524449
61717	聯播	1	527842	99.524638
61718	聯線	1	527843	99.524827
61719	聯營公車	1	527844	99.525016
61720	聯鎖店	1	527845	99.525205
61721	聳然	1	527846	99.525394
61722	聳聳肩	1	527847	99.525583
61723	膺任	1	527848	99.525772
61724	臂肘	1	527849	99.525961
61725	臂桿	1	527850	99.526150
61726	臂部	1	527851	99.526339
61727	臂腰	1	527852	99.526528
61728	臂彎	1	527853	99.526717
61729	臀大肌	1	527854	99.526906
61730	臀肌	1	527855	99.527095
61731	膿包	1	527856	99.527284
61732	膿狀	1	527857	99.527473
61733	膿痂疹	1	527858	99.527662
61734	膿液	1	527859	99.527851
61735	膽大妄為	1	527860	99.528040
61736	膽小如鼠	1	527861	99.528229
61737	膽敢	1	527862	99.528418
61738	膽道結石	1	527863	99.528607
61739	膽管炎	1	527864	99.528796
61740	膽酸	1	527865	99.528985
61741	膽識	1	527866	99.529174
61742	膽囊病	1	527867	99.529363
61743	膽囊結石	1	527868	99.529552
61744	膽顫心驚	1	527869	99.529741
61745	臉上貼金	1	527870	99.529930
61746	臉盆	1	527871	99.530119
61747	臉紅耳赤	1	527872	99.530308
61748	臉紅脖子粗	1	527873	99.530497
61749	臉面	1	527874	99.530686
61750	臉蛋兒	1	527875	99.530875
61751	臨去秋波	1	527876	99.531064
61752	臨危受命	1	527877	99.531253
61753	臨江	1	527878	99.531442
61754	臨老	1	527879	99.531631
61755	臨行	1	527880	99.531820
61756	臨別依依	1	527881	99.532009
61757	臨床心理學家	1	527882	99.532198
61758	臨床實驗	1	527883	99.532387
61759	臨床精神科	1	527884	99.532576
61760	臨走	1	527885	99.532765
61761	臨帖	1	527886	99.532954
61762	臨空	1	527887	99.533143
61763	臨門	1	527888	99.533332
61764	臨門一腳	1	527889	99.533521
61765	臨泉縣	1	527890	99.533710
61766	臨界島	1	527891	99.533899
61767	臨界線	1	527892	99.534088
61768	臨時大總統	1	527893	99.534277
61769	臨時工	1	527894	99.534466
61770	臨時性	1	527895	99.534655
61771	臨時條款	1	527896	99.534844
61772	臨時演員	1	527897	99.535033
61773	臨淵履薄	1	527898	99.535222
61774	臨會	1	527899	99.535411
61775	臨睡	1	527900	99.535600
61776	臨機應變	1	527901	99.535789
61777	臨頭	1	527902	99.535978
61778	臨檢	1	527903	99.536167
61779	舉手投足	1	527904	99.536356
61780	舉世皆知	1	527905	99.536545
61781	舉世無匹	1	527906	99.536734
61782	舉目可見	1	527907	99.536923
61783	舉目四望	1	527908	99.537112
61784	舉步	1	527909	99.537301
61785	舉荐	1	527910	99.537490
61786	舉高	1	527911	99.537679
61787	舉烽	1	527912	99.537868
61788	舉報	1	527913	99.538057
61789	舉發	1	527914	99.538246
61790	舉槍自盡	1	527915	99.538435
61791	薪水族	1	527916	99.538624
61792	薪水階級	1	527917	99.538813
61793	薪火	1	527918	99.539002
61794	薪炭	1	527919	99.539191
61795	薪俸	1	527920	99.539380
61796	薪餉局	1	527921	99.539569
61797	薄一波	1	527922	99.539758
61798	薄冰	1	527923	99.539947
61799	薄利	1	527924	99.540136
61800	薄利多銷	1	527925	99.540325
61801	薄倖	1	527926	99.540514
61802	薄紗布	1	527927	99.540703
61803	薄情郎	1	527928	99.540892
61804	薄棉布	1	527929	99.541081
61805	薄嫩	1	527930	99.541270
61806	薄膜電晶體液晶顯示器	1	527931	99.541459
61807	蕾貝嘉狄摩妮	1	527932	99.541648
61808	蕾絲帶	1	527933	99.541837
61809	薑汁	1	527934	99.542026
61810	薑是老的辣	1	527935	99.542215
61811	薔薇	1	527936	99.542404
61812	薯片	1	527937	99.542593
61813	薛光揚	1	527938	99.542782
61814	薛特納	1	527939	99.542971
61815	薛福成	1	527940	99.543160
61816	薛頤	1	527941	99.543349
61817	薇娜瑞葛林諾	1	527942	99.543538
61818	虧心事	1	527943	99.543727
61819	虧欠	1	527944	99.543916
61820	虧盈	1	527945	99.544105
61821	螳臂	1	527946	99.544294
61822	螳臂蟹	1	527947	99.544483
61823	螻蟻	1	527948	99.544672
61824	螺肉	1	527949	99.544861
61825	螺貝	1	527950	99.545050
61826	螺旋	1	527951	99.545239
61827	螺旋狀	1	527952	99.545428
61828	螺絲	1	527953	99.545617
61829	螺絲帽	1	527954	99.545806
61830	螺溪石硯	1	527955	99.545995
61831	褻衣	1	527956	99.546184
61832	襄王	1	527957	99.546373
61833	謎團	1	527958	99.546562
61834	謙詞	1	527959	99.546751
61835	謙順	1	527960	99.546940
61836	講出	1	527961	99.547129
61837	講古	1	527962	99.547318
61838	講到	1	527963	99.547507
61839	講經	1	527964	99.547696
61840	謊報	1	527965	99.547885
61841	謊話	1	527966	99.548074
61842	謝天	1	527967	99.548263
61843	謝固	1	527968	99.548452
61844	謝明順	1	527969	99.548641
61845	謝明錦	1	527970	99.548830
61846	謝東閔	1	527971	99.549019
61847	謝阿水	1	527972	99.549208
61848	謝客禮	1	527973	99.549397
61849	謝苗	1	527974	99.549586
61850	謝師宴	1	527975	99.549775
61851	謝恩	1	527976	99.549964
61852	謝神	1	527977	99.550153
61853	謝啟大	1	527978	99.550342
61854	謝票	1	527979	99.550531
61855	謝詞	1	527980	99.550720
61856	謝隆盛	1	527981	99.550909
61857	謝雅琳	1	527982	99.551098
61858	謝葵雄	1	527983	99.551287
61859	謝幕	1	527984	99.551476
61860	謝爾蓋‧特魯別茨科伊	1	527985	99.551665
61861	謝禎忠	1	527986	99.551854
61862	謝瑾瑜	1	527987	99.552043
61863	謝衛樓	1	527988	99.552232
61864	謝麗鵝	1	527989	99.552421
61865	謝燁	1	527990	99.552610
61866	謄本	1	527991	99.552799
61867	豁然	1	527992	99.552988
61868	豁然貫通	1	527993	99.553177
61869	賺大錢	1	527994	99.553366
61870	賺回來	1	527995	99.553555
61871	賺進	1	527996	99.553744
61872	賽先生	1	527997	99.553933
61873	賽佛特星系	1	527998	99.554122
61874	賽車迷	1	527999	99.554311
61875	賽車廠	1	528000	99.554500
61876	賽車鞋	1	528001	99.554689
61877	賽車壇	1	528002	99.554878
61878	賽車館	1	528003	99.555067
61879	賽帕鎮	1	528004	99.555256
61880	賽法特型變星	1	528005	99.555445
61881	賽況	1	528006	99.555634
61882	賽門與葛芬柯	1	528007	99.555823
61883	賽將軍	1	528008	99.556012
61884	賽場	1	528009	99.556201
61885	賽期	1	528010	99.556390
61886	賽道	1	528011	99.556579
61887	賽龍舟	1	528012	99.556768
61888	賽璐璐膠片	1	528013	99.556957
61889	購入	1	528014	99.557146
61890	購足	1	528015	99.557335
61891	購物狂	1	528016	99.557524
61892	購物車	1	528017	99.557713
61893	購物族	1	528018	99.557902
61894	購客	1	528019	99.558091
61895	購屋儲蓄貸款	1	528020	99.558280
61896	購書	1	528021	99.558469
61897	購票	1	528022	99.558658
61898	購買率	1	528023	99.558847
61899	購買慾	1	528024	99.559036
61900	購買權	1	528025	99.559225
61901	購進	1	528026	99.559414
61902	購藏	1	528027	99.559603
61903	趨之若驚	1	528028	99.559792
61904	趨使	1	528029	99.559981
61905	趨炎附勢	1	528030	99.560170
61906	趨動	1	528031	99.560359
61907	趨動程式	1	528032	99.560548
61908	趨貶	1	528033	99.560737
61909	蹊徑	1	528034	99.560926
61910	蹊蹺	1	528035	99.561115
61911	轄地	1	528036	99.561304
61912	轄區	1	528037	99.561493
61913	輾死	1	528038	99.561682
61914	輾轉難眠	1	528039	99.561871
61915	避人耳目	1	528040	99.562060
61916	避孕手錶	1	528041	99.562249
61917	避孕疫苗	1	528042	99.562438
61918	避孕錶	1	528043	99.562627
61919	避孕藥	1	528044	99.562816
61920	避暑勝地	1	528045	99.563005
61921	避稅	1	528046	99.563194
61922	避視	1	528047	99.563383
61923	避亂	1	528048	99.563572
61924	避過	1	528049	99.563761
61925	避靜	1	528050	99.563950
61926	避頭點	1	528051	99.564139
61927	避難所	1	528052	99.564328
61928	遽下斷語	1	528053	99.564517
61929	遽升	1	528054	99.564706
61930	遽降	1	528055	99.564895
61931	遽貶	1	528056	99.565084
61932	遽變	1	528057	99.565273
61933	還早	1	528058	99.565462
61934	還我河山	1	528059	99.565651
61935	還來	1	528060	99.565840
61936	還俗	1	528061	99.566029
61937	還政	1	528062	99.566218
61938	還原乳	1	528063	99.566407
61939	還巢	1	528064	99.566596
61940	還敢	1	528065	99.566785
61941	還債	1	528066	99.566974
61942	還想	1	528067	99.567163
61943	還說	1	528068	99.567352
61944	還魂記	1	528069	99.567541
61945	邁可爾‧萊定	1	528070	99.567730
61946	邁克‧喬斯特	1	528071	99.567919
61947	邁步	1	528072	99.568108
61948	邁阿密大學	1	528073	99.568297
61949	邁開	1	528074	99.568486
61950	邀宴	1	528075	99.568675
61951	邀訪	1	528076	99.568864
61952	邀發	1	528077	99.569053
61953	邀戰	1	528078	99.569242
61954	醜化	1	528079	99.569431
61955	醜巴怪	1	528080	99.569620
61956	醜男人	1	528081	99.569809
61957	醜惡的中國人	1	528082	99.569998
61958	醜態	1	528083	99.570187
61959	醜態百出	1	528084	99.570376
61960	鍍金端子	1	528085	99.570565
61961	鍍鉻金屬	1	528086	99.570754
61962	鍍鉻飾條	1	528087	99.570943
61963	鍍鋅	1	528088	99.571132
61964	鎂光	1	528089	99.571321
61965	鎂光燈	1	528090	99.571510
61966	鍵鈕	1	528091	99.571699
61967	鍵槽	1	528092	99.571888
61968	鍵盤合成樂	1	528093	99.572077
61969	鍊丹術	1	528094	99.572266
61970	鍊球菌	1	528095	99.572455
61971	鍥而不舍	1	528096	99.572644
61972	鍥金畫	1	528097	99.572833
61973	鍋底	1	528098	99.573022
61974	鍾山縣	1	528099	99.573211
61975	鍾弘治	1	528100	99.573400
61976	鍾自強	1	528101	99.573589
61977	鍾俊雄	1	528102	99.573778
61978	鍾春興	1	528103	99.573967
61979	鍾純三	1	528104	99.574156
61980	鍾愛一生	1	528105	99.574345
61981	鍬形蟲	1	528106	99.574534
61982	闊少	1	528107	99.574723
61983	闊別	1	528108	99.574912
61984	隱入	1	528109	99.575101
61985	隱士	1	528110	99.575290
61986	隱名	1	528111	99.575479
61987	隱形安全網	1	528112	99.575668
61988	隱形眼鏡公司	1	528113	99.575857
61989	隱私性	1	528114	99.576046
61990	隱身術	1	528115	99.576235
61991	隱性	1	528116	99.576424
61992	隱性冠心病	1	528117	99.576613
61993	隱者	1	528118	99.576802
61994	隱疾	1	528119	99.576991
61995	隱現	1	528120	99.577180
61996	隱惡揚善	1	528121	99.577369
61997	隱睪	1	528122	99.577558
61998	隱蔽	1	528123	99.577747
61999	隱隱若現	1	528124	99.577936
62000	隱藏性失業	1	528125	99.578125
62001	雖大	1	528126	99.578314
62002	雖少	1	528127	99.578503
62003	雖多	1	528128	99.578692
62004	雖好	1	528129	99.578881
62005	霜淇淋	1	528130	99.579070
62006	霞紅	1	528131	99.579259
62007	韓人	1	528132	99.579448
62008	韓忠謨	1	528133	99.579637
62009	韓非	1	528134	99.579826
62010	韓非子	1	528135	99.580015
62011	韓信	1	528136	99.580204
62012	韓湘子	1	528137	99.580393
62013	韓湘琴	1	528138	99.580582
62014	韓琪	1	528139	99.580771
62015	韓琦	1	528140	99.580960
62016	韓鳳英	1	528141	99.581149
62017	韓德森	1	528142	99.581338
62018	韓戰	1	528143	99.581527
62019	韓贊禮	1	528144	99.581716
62020	韓滉	1	528145	99.581905
62021	顆粒狀	1	528146	99.582094
62022	颶風	1	528147	99.582283
62023	餵乳	1	528148	99.582472
62024	鮮有	1	528149	99.582661
62025	鮮事	1	528150	99.582850
62026	鮮味	1	528151	99.583039
62027	鮮果	1	528152	99.583228
62028	鮮花插在牛糞上	1	528153	99.583417
62029	鮮品	1	528154	99.583606
62030	鮮柔	1	528155	99.583795
62031	鮮風	1	528156	99.583984
62032	鮮香	1	528157	99.584173
62033	鮮氧	1	528158	99.584362
62034	鮮嫩	1	528159	99.584551
62035	鮮潔	1	528160	99.584740
62036	鮮薑	1	528161	99.584929
62037	鮮鮮豔豔	1	528162	99.585118
62038	鮮藍色	1	528163	99.585307
62039	鮮蘆筍	1	528164	99.585496
62040	鮮豔度	1	528165	99.585685
62041	鴻門宴	1	528166	99.585874
62042	鴻溝	1	528167	99.586063
62043	鴻運	1	528168	99.586252
62044	鴻運當頭	1	528169	99.586441
62045	鴻圖大展	1	528170	99.586630
62046	鴻禧大溪山莊	1	528171	99.586819
62047	鴻禧大溪高爾夫球場	1	528172	99.587008
62048	鴻禧大溪球場	1	528173	99.587197
62049	鴻禧企業	1	528174	99.587386
62050	鴻禧美術館	1	528175	99.587575
62051	鴻禧美術館大溪分館	1	528176	99.587764
62052	鴻禧集團	1	528177	99.587953
62053	鴿群	1	528178	99.588142
62054	鴿樓	1	528179	99.588331
62055	鴿籠	1	528180	99.588520
62056	麋皮	1	528181	99.588709
62057	黏巴球	1	528182	99.588898
62058	黏手	1	528183	99.589087
62059	黏乎乎	1	528184	99.589276
62060	黏合	1	528185	99.589465
62061	黏合劑	1	528186	99.589654
62062	黏牢	1	528187	99.589843
62063	黏取	1	528188	99.590032
62064	黏性耦合式	1	528189	99.590221
62065	黏性耦合差速器	1	528190	99.590410
62066	黏性耦合驅動	1	528191	99.590599
62067	黏液層	1	528192	99.590788
62068	黏眼	1	528193	99.590977
62069	黏連	1	528194	99.591166
62070	黏滿	1	528195	99.591355
62071	黏糊狀	1	528196	99.591544
62072	黏膜斑	1	528197	99.591733
62073	黏質	1	528198	99.591922
62074	點召	1	528199	99.592111
62075	點召令	1	528200	99.592300
62076	點石齋書局	1	528201	99.592489
62077	點券	1	528202	99.592678
62078	點放	1	528203	99.592867
62079	點起	1	528204	99.593056
62080	點陣式	1	528205	99.593245
62081	點唱	1	528206	99.593434
62082	點將錄	1	528207	99.593623
62083	點畫	1	528208	99.593812
62084	點睛	1	528209	99.594001
62085	點歌	1	528210	99.594190
62086	點滴瓶	1	528211	99.594379
62087	點線	1	528212	99.594568
62088	點膠機	1	528213	99.594757
62089	點銲機	1	528214	99.594946
62090	點閱	1	528215	99.595135
62091	點點	1	528216	99.595324
62092	黜官罷爵	1	528217	99.595513
62093	黝暗	1	528218	99.595702
62094	黛安	1	528219	99.595891
62095	黛安娜王妃	1	528220	99.596080
62096	黛安基頓	1	528221	99.596269
62097	黛利拉	1	528222	99.596458
62098	黛芬賽麗格	1	528223	99.596647
62099	黛娜漢娜	1	528224	99.596836
62100	黛博拉溫姬	1	528225	99.597025
62101	叢辰家	1	528226	99.597214
62102	叢林熱	1	528227	99.597403
62103	叢叢	1	528228	99.597592
62104	嚕囌	1	528229	99.597781
62105	嬸婆	1	528230	99.597970
62106	嬸嬸	1	528231	99.598159
62107	戳破	1	528232	99.598348
62108	戳痛	1	528233	99.598537
62109	擴延	1	528234	99.598726
62110	擴建案	1	528235	99.598915
62111	擴音設備	1	528236	99.599104
62112	擴音機	1	528237	99.599293
62113	擴胸	1	528238	99.599482
62114	擴增建	1	528239	99.599671
62115	擴廠	1	528240	99.599860
62116	擲回	1	528241	99.600049
62117	擲遠	1	528242	99.600238
62118	擲筊	1	528243	99.600427
62119	擾流	1	528244	99.600616
62120	擾流板	1	528245	99.600805
62121	擾鄰	1	528246	99.600994
62122	擾攘不安	1	528247	99.601183
62123	擺手	1	528248	99.601372
62124	擺尾	1	528249	99.601561
62125	擺陣	1	528250	99.601750
62126	擺喜酒	1	528251	99.601939
62127	擺開	1	528252	99.602128
62128	擺置	1	528253	99.602317
62129	擺錘	1	528254	99.602506
62130	擺擺手	1	528255	99.602695
62131	擺攤	1	528256	99.602884
62132	擺攤子	1	528257	99.603073
62133	斷足	1	528258	99.603262
62134	斷乳	1	528259	99.603451
62135	斷念	1	528260	99.603640
62136	斷炊	1	528261	99.603829
62137	斷指	1	528262	99.604018
62138	斷氣	1	528263	99.604207
62139	斷掉	1	528264	99.604396
62140	斷袖	1	528265	99.604585
62141	斷章取義	1	528266	99.604774
62142	斷然	1	528267	99.604963
62143	斷開	1	528268	99.605152
62144	斷集	1	528269	99.605341
62145	斷腸	1	528270	99.605530
62146	斷電	1	528271	99.605719
62147	斷腿	1	528272	99.605908
62148	斷層崖	1	528273	99.606097
62149	斷層攝影掃描	1	528274	99.606286
62150	斷壁殘垣	1	528275	99.606475
62151	斷橋	1	528276	99.606664
62152	斷頭臺	1	528277	99.606853
62153	斷糧	1	528278	99.607042
62154	檳榔攤	1	528279	99.607231
62155	櫃檯	1	528280	99.607420
62156	櫃檯交易式	1	528281	99.607609
62157	檸檬茶	1	528282	99.607798
62158	檯子	1	528283	99.607987
62159	檯桌	1	528284	99.608176
62160	歸入權	1	528285	99.608365
62161	歸向	1	528286	99.608554
62162	歸到	1	528287	99.608743
62163	歸家	1	528288	99.608932
62164	歸根究柢	1	528289	99.609121
62165	歸根結柢	1	528290	99.609310
62166	歸納法	1	528291	99.609499
62167	歸宿地	1	528292	99.609688
62168	歸途	1	528293	99.609877
62169	歸陰	1	528294	99.610066
62170	歸期	1	528295	99.610255
62171	歸隊	1	528296	99.610444
62172	歸雁	1	528297	99.610633
62173	歸順	1	528298	99.610822
62174	歸經	1	528299	99.611011
62175	歸葬	1	528300	99.611200
62176	歸僑	1	528301	99.611389
62177	歸屬感	1	528302	99.611578
62178	歸屬權	1	528303	99.611767
62179	瀋陽市	1	528304	99.611956
62180	濾心	1	528305	99.612145
62181	濾食者	1	528306	99.612334
62182	濾殼	1	528307	99.612523
62183	濾網	1	528308	99.612712
62184	濾器	1	528309	99.612901
62185	濾鏡	1	528310	99.613090
62186	濺溼	1	528311	99.613279
62187	燻黑	1	528312	99.613468
62188	燻鮭魚	1	528313	99.613657
62189	獵戶	1	528314	99.613846
62190	獵奇	1	528315	99.614035
62191	獵捕	1	528316	99.614224
62192	獵殺黑名單	1	528317	99.614413
62193	獵鹿場	1	528318	99.614602
62194	獵場	1	528319	99.614791
62195	獵槍	1	528320	99.614980
62196	獵獲物	1	528321	99.615169
62197	獵獸	1	528322	99.615358
62198	璧人	1	528323	99.615547
62199	甕窗	1	528324	99.615736
62200	癖好	1	528325	99.615925
62201	癒合穿葉	1	528326	99.616114
62202	瞿曇悉達	1	528327	99.616303
62203	瞻雲驛	1	528328	99.616492
62204	瞻園	1	528329	99.616681
62205	礎石	1	528330	99.616870
62206	禮佛	1	528331	99.617059
62207	禮車	1	528332	99.617248
62208	禮物盒	1	528333	99.617437
62209	禮俗	1	528334	99.617626
62210	禮品業	1	528335	99.617815
62211	禮拜天	1	528336	99.618004
62212	禮拜堂	1	528337	99.618193
62213	禮砲	1	528338	99.618382
62214	禮教	1	528339	99.618571
62215	禮畢	1	528340	99.618760
62216	禮部尚書	1	528341	99.618949
62217	禮帽	1	528342	99.619138
62218	禮節	1	528343	99.619327
62219	禮賓院	1	528344	99.619516
62220	禮輕情意重	1	528345	99.619705
62221	禮數	1	528346	99.619894
62222	禮樂志	1	528347	99.620083
62223	禮樂煉銅廠	1	528348	99.620272
62224	禮器	1	528349	99.620461
62225	禮邀	1	528350	99.620650
62226	穢言	1	528351	99.620839
62227	穢氣	1	528352	99.621028
62228	穢語	1	528353	99.621217
62229	竄出	1	528354	99.621406
62230	竄進	1	528355	99.621595
62231	簧片	1	528356	99.621784
62232	簪花	1	528357	99.621973
62233	簞食瓢飲	1	528358	99.622162
62234	簡又新	1	528359	99.622351
62235	簡文	1	528360	99.622540
62236	簡狄	1	528361	99.622729
62237	簡卓爾	1	528362	99.622918
62238	簡坤義	1	528363	99.623107
62239	簡宛	1	528364	99.623296
62240	簡易式	1	528365	99.623485
62241	簡易法庭	1	528366	99.623674
62242	簡約	1	528367	99.623863
62243	簡要	1	528368	99.624052
62244	簡述	1	528369	99.624241
62245	簡單化	1	528370	99.624430
62246	簡報會	1	528371	99.624619
62247	簡換陽	1	528372	99.624808
62248	簡進光	1	528373	99.624997
62249	簡進添	1	528374	99.625186
62250	簡歷	1	528375	99.625375
62251	簡錫階	1	528376	99.625564
62252	簡靜惠	1	528377	99.625753
62253	簡韻沁	1	528378	99.625942
62254	簡媜	1	528379	99.626131
62255	糧食局	1	528380	99.626320
62256	糧倉	1	528381	99.626509
62257	織女	1	528382	99.626698
62258	織田信長	1	528383	99.626887
62259	織品	1	528384	99.627076
62260	織染	1	528385	99.627265
62261	繞回	1	528386	99.627454
62262	繞圈	1	528387	99.627643
62263	繞梁	1	528388	99.627832
62264	繞場	1	528389	99.628021
62265	繞轉	1	528390	99.628210
62266	繞襟深衣	1	528391	99.628399
62267	繡工	1	528392	99.628588
62268	繡作	1	528393	99.628777
62269	繡架	1	528394	99.628966
62270	繡球	1	528395	99.629155
62271	繡球花	1	528396	99.629344
62272	繡眼畫眉	1	528397	99.629533
62273	繡樓	1	528398	99.629722
62274	翹家	1	528399	99.629911
62275	翹楚	1	528400	99.630100
62276	翹課	1	528401	99.630289
62277	翻天覆地龍鳳配	1	528402	99.630478
62278	翻印	1	528403	99.630667
62279	翻弄	1	528404	99.630856
62280	翻來覆去	1	528405	99.631045
62281	翻到	1	528406	99.631234
62282	翻查	1	528407	99.631423
62283	翻洗	1	528408	99.631612
62284	翻飛	1	528409	99.631801
62285	翻倒	1	528410	99.631990
62286	翻書	1	528411	99.632179
62287	翻起	1	528412	99.632368
62288	翻造	1	528413	99.632557
62289	翻筋斗	1	528414	99.632746
62290	翻雲覆雨	1	528415	99.632935
62291	翻跟頭	1	528416	99.633124
62292	翻遍	1	528417	99.633313
62293	翻審	1	528418	99.633502
62294	翻撥	1	528419	99.633691
62295	翻箱倒櫃	1	528420	99.633880
62296	翻翻滾滾	1	528421	99.634069
62297	翻譯官	1	528422	99.634258
62298	翻騰	1	528423	99.634447
62299	翻爛	1	528424	99.634636
62300	翻攪	1	528425	99.634825
62301	職方外記	1	528426	99.635014
62302	職官	1	528427	99.635203
62303	職能訓練	1	528428	99.635392
62304	職能訓練師	1	528429	99.635581
62305	職訓	1	528430	99.635770
62306	職務代理人	1	528431	99.635959
62307	職掌	1	528432	99.636148
62308	職棒票	1	528433	99.636337
62309	職業好手	1	528434	99.636526
62310	職業足球隊	1	528435	99.636715
62311	職業性劇團	1	528436	99.636904
62312	職業教育	1	528437	99.637093
62313	職業駕照	1	528438	99.637282
62314	職稱	1	528439	99.637471
62315	聶小倩	1	528440	99.637660
62316	聶伯河	1	528441	99.637849
62317	臍橙	1	528442	99.638038
62318	舊世界	1	528443	99.638227
62319	舊生	1	528444	99.638416
62320	舊石器時代	1	528445	99.638605
62321	舊衣回收車	1	528446	99.638794
62322	舊作	1	528447	99.638983
62323	舊例	1	528448	99.639172
62324	舊物	1	528449	99.639361
62325	舊的	1	528450	99.639550
62326	舊知	1	528451	99.639739
62327	舊金山灣	1	528452	99.639928
62328	舊俗	1	528453	99.640117
62329	舊型車	1	528454	99.640306
62330	舊思想	1	528455	99.640495
62331	舊時代	1	528456	99.640684
62332	舊書	1	528457	99.640873
62333	舊案	1	528458	99.641062
62334	舊疾	1	528459	99.641251
62335	舊疾復發	1	528460	99.641440
62336	舊茶路	1	528461	99.641629
62337	舊基	1	528462	99.641818
62338	舊情	1	528463	99.642007
62339	舊情綿綿	1	528464	99.642196
62340	舊符	1	528465	99.642385
62341	舊船	1	528466	99.642574
62342	舊貨	1	528467	99.642763
62343	舊創	1	528468	99.642952
62344	舊帽	1	528469	99.643141
62345	舊鈔	1	528470	99.643330
62346	舊債	1	528471	99.643519
62347	舊業	1	528472	99.643708
62348	舊歲	1	528473	99.643897
62349	舊道	1	528474	99.644086
62350	舊夢	1	528475	99.644275
62351	舊廠	1	528476	99.644464
62352	舊曆	1	528477	99.644653
62353	舊戲	1	528478	99.644842
62354	舊藥	1	528479	99.645031
62355	舊識	1	528480	99.645220
62356	舊屬	1	528481	99.645409
62357	藏入	1	528482	99.645598
62358	藏汙納垢	1	528483	99.645787
62359	藏污納垢	1	528484	99.645976
62360	藏私	1	528485	99.646165
62361	藏身	1	528486	99.646354
62362	藏胞	1	528487	99.646543
62363	藏軍司令部	1	528488	99.646732
62364	藏書家	1	528489	99.646921
62365	藏留	1	528490	99.647110
62366	藏經	1	528491	99.647299
62367	藏經殿	1	528492	99.647488
62368	藏僧	1	528493	99.647677
62369	藏嬌	1	528494	99.647866
62370	藏鏡人	1	528495	99.648055
62371	藏寶	1	528496	99.648244
62372	薩丁尼亞島	1	528497	99.648433
62373	薩伊	1	528498	99.648622
62374	薩克斯風	1	528499	99.648811
62375	薩岡	1	528500	99.649000
62376	薩格勒布	1	528501	99.649189
62377	薩馬蘭奇	1	528502	99.649378
62378	薩菲爾	1	528503	99.649567
62379	薩爾瓦多	1	528504	99.649756
62380	薩爾維塔	1	528505	99.649945
62381	薩瑪蘭奇	1	528506	99.650134
62382	薩維爾‧羅佛	1	528507	99.650323
62383	薩羅尼加	1	528508	99.650512
62384	薩羅那	1	528509	99.650701
62385	藍山	1	528510	99.650890
62386	藍孔雀	1	528511	99.651079
62387	藍尼爾	1	528512	99.651268
62388	藍田璧	1	528513	99.651457
62389	藍白	1	528514	99.651646
62390	藍白色	1	528515	99.651835
62391	藍色系	1	528516	99.652024
62392	藍色電克	1	528517	99.652213
62393	藍伯頓	1	528518	99.652402
62394	藍采禾	1	528519	99.652591
62395	藍風箏	1	528520	99.652780
62396	藍書	1	528521	99.652969
62397	藍國揚	1	528522	99.653158
62398	藍帶馬爹利	1	528523	99.653347
62399	藍莓	1	528524	99.653536
62400	藍鳥隊	1	528525	99.653725
62401	藍博洲	1	528526	99.653914
62402	藍棉布	1	528527	99.654103
62403	藍腳鵜鶦	1	528528	99.654292
62404	藍裙	1	528529	99.654481
62405	藍領工人	1	528530	99.654670
62406	藍領階層	1	528531	99.654859
62407	藍德士	1	528532	99.655048
62408	藍緞羊皮裹皂靴	1	528533	99.655237
62409	藍螞蟻公社	1	528534	99.655426
62410	藍磯鶇	1	528535	99.655615
62411	藍薊	1	528536	99.655804
62412	藍豐源	1	528537	99.655993
62413	藍鵲	1	528538	99.656182
62414	藍寶石	1	528539	99.656371
62415	薰天	1	528540	99.656560
62416	薰沐	1	528541	99.656749
62417	薰洗	1	528542	99.656938
62418	薰香	1	528543	99.657127
62419	蟬吟	1	528544	99.657316
62420	蟲子	1	528545	99.657505
62421	蟲卵	1	528546	99.657694
62422	蟲蛀	1	528547	99.657883
62423	蟲鼠	1	528548	99.658072
62424	蟲鳴聲	1	528549	99.658261
62425	蟲類	1	528550	99.658450
62426	蟲魔	1	528551	99.658639
62427	覆毛	1	528552	99.658828
62428	覆水難收	1	528553	99.659017
62429	覆船	1	528554	99.659206
62430	覆頂	1	528555	99.659395
62431	覆滿	1	528556	99.659584
62432	覆蓋物	1	528557	99.659773
62433	覆議案	1	528558	99.659962
62434	謹言慎行	1	528559	99.660151
62435	謹防	1	528560	99.660340
62436	謬忌	1	528561	99.660529
62437	謫落	1	528562	99.660718
62438	豐子愷	1	528563	99.660907
62439	豐山	1	528564	99.661096
62440	豐田創意奧林匹克	1	528565	99.661285
62441	豐田轎車	1	528566	99.661474
62442	豐禾汽車	1	528567	99.661663
62443	豐年節	1	528568	99.661852
62444	豐年慶	1	528569	99.662041
62445	豐臣秀吉	1	528570	99.662230
62446	豐沃	1	528571	99.662419
62447	豐乳霜	1	528572	99.662608
62448	豐姿	1	528573	99.662797
62449	豐原市	1	528574	99.662986
62450	豐原國小	1	528575	99.663175
62451	豐胸	1	528576	99.663364
62452	豐登	1	528577	99.663553
62453	豐稔圖	1	528578	99.663742
62454	豐群集團	1	528579	99.663931
62455	豐飽	1	528580	99.664120
62456	豐實	1	528581	99.664309
62457	豐滿型	1	528582	99.664498
62458	豐樂亭	1	528583	99.664687
62459	豐興鋼鐵	1	528584	99.664876
62460	贅言	1	528585	99.665065
62461	軀殼	1	528586	99.665254
62462	轉介	1	528587	99.665443
62463	轉化率	1	528588	99.665632
62464	轉世投胎	1	528589	99.665821
62465	轉付	1	528590	99.666010
62466	轉交	1	528591	99.666199
62467	轉印	1	528592	99.666388
62468	轉回	1	528593	99.666577
62469	轉好	1	528594	99.666766
62470	轉存	1	528595	99.666955
62471	轉至	1	528596	99.667144
62472	轉攻	1	528597	99.667333
62473	轉角	1	528598	99.667522
62474	轉佳	1	528599	99.667711
62475	轉來	1	528600	99.667900
62476	轉念之間	1	528601	99.668089
62477	轉知	1	528602	99.668278
62478	轉型期	1	528603	99.668467
62479	轉音	1	528604	99.668656
62480	轉側	1	528605	99.668845
62481	轉圈圈	1	528606	99.669034
62482	轉強	1	528607	99.669223
62483	轉捩	1	528608	99.669412
62484	轉敗為勝	1	528609	99.669601
62485	轉移率	1	528610	99.669790
62486	轉速差	1	528611	99.669979
62487	轉換期	1	528612	99.670168
62488	轉換檔	1	528613	99.670357
62489	轉發	1	528614	99.670546
62490	轉給	1	528615	99.670735
62491	轉診	1	528616	99.670924
62492	轉買	1	528617	99.671113
62493	轉軸	1	528618	99.671302
62494	轉經筒	1	528619	99.671491
62495	轉跨	1	528620	99.671680
62496	轉載	1	528621	99.671869
62497	轉運	1	528622	99.672058
62498	轉運中心	1	528623	99.672247
62499	轉運處	1	528624	99.672436
62500	轉寫	1	528625	99.672625
62501	轉播站	1	528626	99.672814
62502	轉熱	1	528627	99.673003
62503	轉輪	1	528628	99.673192
62504	轉導金	1	528629	99.673381
62505	轉錄	1	528630	99.673570
62506	轉瞬間	1	528631	99.673759
62507	轉購	1	528632	99.673948
62508	轉檯	1	528633	99.674137
62509	轉繞	1	528634	99.674326
62510	轉職	1	528635	99.674515
62511	轉贈	1	528636	99.674704
62512	轉譯	1	528637	99.674893
62513	轉彎處	1	528638	99.675082
62514	醫方	1	528639	99.675271
62515	醫用	1	528640	99.675460
62516	醫石罔效	1	528641	99.675649
62517	醫名	1	528642	99.675838
62518	醫典	1	528643	99.676027
62519	醫政處	1	528644	99.676216
62520	醫師執照	1	528645	99.676405
62521	醫案	1	528646	99.676594
62522	醫海	1	528647	99.676783
62523	醫病	1	528648	99.676972
62524	醫專	1	528649	99.677161
62525	醫理	1	528650	99.677350
62526	醫聖	1	528651	99.677539
62527	醫學士	1	528652	99.677728
62528	醫學研究所	1	528653	99.677917
62529	醫學家	1	528654	99.678106
62530	醫學博士	1	528655	99.678295
62531	醫學發表會	1	528656	99.678484
62532	醫學會學報	1	528657	99.678673
62533	醫檢	1	528658	99.678862
62534	醫療保險	1	528659	99.679051
62535	醫療保險公司	1	528660	99.679240
62536	醫療院	1	528661	99.679429
62537	醫療隊	1	528662	99.679618
62538	醫療檢驗單位	1	528663	99.679807
62539	醫藥品	1	528664	99.679996
62540	醫藥家	1	528665	99.680185
62541	醫藥學	1	528666	99.680374
62542	醫藥學報	1	528667	99.680563
62543	醫囑	1	528668	99.680752
62544	醬油廠	1	528669	99.680941
62545	醬菜	1	528670	99.681130
62546	釐出	1	528671	99.681319
62547	釐訂	1	528672	99.681508
62548	鎖死	1	528673	99.681697
62549	鎖店	1	528674	99.681886
62550	鎖南嘉措	1	528675	99.682075
62551	鎖起來	1	528676	99.682264
62552	鎖骨上區	1	528677	99.682453
62553	鎖匙	1	528678	99.682642
62554	鎖匙店	1	528679	99.682831
62555	鎖頭	1	528680	99.683020
62556	鎖麟囊	1	528681	99.683209
62557	鎢鋼	1	528682	99.683398
62558	鎮心	1	528683	99.683587
62559	鎮北國小	1	528684	99.683776
62560	鎮民	1	528685	99.683965
62561	鎮江市	1	528686	99.684154
62562	鎮西	1	528687	99.684343
62563	鎮沖煞	1	528688	99.684532
62564	鎮定王	1	528689	99.684721
62565	鎮定劑	1	528690	99.684910
62566	鎮武觀	1	528691	99.685099
62567	鎮表	1	528692	99.685288
62568	鎮南關之役	1	528693	99.685477
62569	鎮海節度使	1	528694	99.685666
62570	鎮殿將軍	1	528695	99.685855
62571	鎮暴部隊	1	528696	99.686044
62572	鎮靜安眠劑	1	528697	99.686233
62573	鎮靜藥	1	528698	99.686422
62574	鎮瀾宮	1	528699	99.686611
62575	闔家歡	1	528700	99.686800
62576	闖空門	1	528701	99.686989
62577	闖禍	1	528702	99.687178
62578	闖蕩	1	528703	99.687367
62579	闖頭關	1	528704	99.687556
62580	闕名	1	528705	99.687745
62581	闕如	1	528706	99.687934
62582	離子	1	528707	99.688123
62583	離心離德	1	528708	99.688312
62584	離別	1	528709	99.688501
62585	離京	1	528710	99.688690
62586	離岸堤	1	528711	99.688879
62587	離校	1	528712	99.689068
62588	離海	1	528713	99.689257
62589	離婚書	1	528714	99.689446
62590	離情	1	528715	99.689635
62591	離棄	1	528716	99.689824
62592	離港	1	528717	99.690013
62593	離華	1	528718	99.690202
62594	離間	1	528719	99.690391
62595	離意	1	528720	99.690580
62596	離經叛道	1	528721	99.690769
62597	離群	1	528722	99.690958
62598	離群索居	1	528723	99.691147
62599	離農年金	1	528724	99.691336
62600	離農給付	1	528725	99.691525
62601	離題	1	528726	99.691714
62602	離騷	1	528727	99.691903
62603	雜七雜八	1	528728	99.692092
62604	雜占	1	528729	99.692281
62605	雜生	1	528730	99.692470
62606	雜技團	1	528731	99.692659
62607	雜念	1	528732	99.692848
62608	雜拌	1	528733	99.693037
62609	雜耍	1	528734	99.693226
62610	雜食性動物	1	528735	99.693415
62611	雜記	1	528736	99.693604
62612	雜貨	1	528737	99.693793
62613	雜斑狗母魚	1	528738	99.693982
62614	雜牌	1	528739	99.694171
62615	雜牌軍	1	528740	99.694360
62616	雜稅	1	528741	99.694549
62617	雜項	1	528742	99.694738
62618	雜話	1	528743	99.694927
62619	雜誌化	1	528744	99.695116
62620	雜誌史	1	528745	99.695305
62621	雜誌業	1	528746	99.695494
62622	雜誌類	1	528747	99.695683
62623	雜嘴	1	528748	99.695872
62624	雜錄	1	528749	99.696061
62625	雙人床	1	528750	99.696250
62626	雙人舞	1	528751	99.696439
62627	雙叉桿菌	1	528752	99.696628
62628	雙子宮	1	528753	99.696817
62629	雙孔噴油嘴裝置	1	528754	99.697006
62630	雙月刊	1	528755	99.697195
62631	雙生	1	528756	99.697384
62632	雙生子	1	528757	99.697573
62633	雙名法	1	528758	99.697762
62634	雙池鎮	1	528759	99.697951
62635	雙位數	1	528760	99.698140
62636	雙和區	1	528761	99.698329
62637	雙肩	1	528762	99.698518
62638	雙金	1	528763	99.698707
62639	雙門硬頂	1	528764	99.698896
62640	雙門跑車	1	528765	99.699085
62641	雙門轎車	1	528766	99.699274
62642	雙冠	1	528767	99.699463
62643	雙冠后	1	528768	99.699652
62644	雙星系	1	528769	99.699841
62645	雙星系軌道面	1	528770	99.700030
62646	雙星軌道面	1	528771	99.700219
62647	雙胞案	1	528772	99.700408
62648	雙重性格	1	528773	99.700597
62649	雙重點火裝置	1	528774	99.700786
62650	雙面	1	528775	99.700975
62651	雙面女郎	1	528776	99.701164
62652	雙面異繡	1	528777	99.701353
62653	雙面遊龍	1	528778	99.701542
62654	雙面維若妮卡	1	528779	99.701731
62655	雙座	1	528780	99.701920
62656	雙座車	1	528781	99.702109
62657	雙座敞篷車	1	528782	99.702298
62658	雙氧水	1	528783	99.702487
62659	雙翅	1	528784	99.702676
62660	雙側	1	528785	99.702865
62661	雙宿雙棲	1	528786	99.703054
62662	雙帶鋸齒蓋魚	1	528787	99.703243
62663	雙排氣金屬尾管	1	528788	99.703432
62664	雙條鼓	1	528789	99.703621
62665	雙渦輪	1	528790	99.703810
62666	雙渦輪增壓	1	528791	99.703999
62667	雙筒	1	528792	99.704188
62668	雙園國中	1	528793	99.704377
62669	雙極型星雲	1	528794	99.704566
62670	雙溪河	1	528795	99.704755
62671	雙語制	1	528796	99.704944
62672	雙鉸鏈	1	528797	99.705133
62673	雙層式	1	528798	99.705322
62674	雙模式自我診斷系統	1	528799	99.705511
62675	雙線	1	528800	99.705700
62676	雙齒相手蟹	1	528801	99.705889
62677	雙錐同步嚙合輪	1	528802	99.706078
62678	雙頭馬車	1	528803	99.706267
62679	雙龍抱	1	528804	99.706456
62680	雙翼	1	528805	99.706645
62681	雙薪	1	528806	99.706834
62682	雙轉子引擎	1	528807	99.707023
62683	雙響砲	1	528808	99.707212
62684	雛形	1	528809	99.707401
62685	雛雞	1	528810	99.707590
62686	雞公山	1	528811	99.707779
62687	雞心	1	528812	99.707968
62688	雞毛蒜皮	1	528813	99.708157
62689	雞爪子	1	528814	99.708346
62690	雞犬不寧	1	528815	99.708535
62691	雞母珠	1	528816	99.708724
62692	雞皮	1	528817	99.708913
62693	雞皮鶴髮	1	528818	99.709102
62694	雞同鴨講	1	528819	99.709291
62695	雞肉	1	528820	99.709480
62696	雞肉脯子	1	528821	99.709669
62697	雞油	1	528822	99.709858
62698	雞狗拐	1	528823	99.710047
62699	雞屎藤	1	528824	99.710236
62700	雞飛犬吠	1	528825	99.710425
62701	雞翅	1	528826	99.710614
62702	雞蛋三明治	1	528827	99.710803
62703	雞蛋薄餅	1	528828	99.710992
62704	雞棚	1	528829	99.711181
62705	雞湯	1	528830	99.711370
62706	雞塒	1	528831	99.711559
62707	雞媽媽	1	528832	99.711748
62708	雞種	1	528833	99.711937
62709	雞鳴寺	1	528834	99.712126
62710	雞欄	1	528835	99.712315
62711	雞鷹	1	528836	99.712504
62712	鞭炮聲	1	528837	99.712693
62713	鞭撻	1	528838	99.712882
62714	鞭蟲	1	528839	99.713071
62715	額手稱慶	1	528840	99.713260
62716	額角	1	528841	99.713449
62717	額定	1	528842	99.713638
62718	額枋	1	528843	99.713827
62719	額勒和布	1	528844	99.714016
62720	顏回	1	528845	99.714205
62721	顏作燾	1	528846	99.714394
62722	顏伯勤	1	528847	99.714583
62723	顏明聖	1	528848	99.714772
62724	顏海秋	1	528849	99.714961
62725	顏彩	1	528850	99.715150
62726	題旨	1	528851	99.715339
62727	題型	1	528852	99.715528
62728	題奏	1	528853	99.715717
62729	題庫編輯系統	1	528854	99.715906
62730	題書	1	528855	99.716095
62731	題詠	1	528856	99.716284
62732	題詞	1	528857	99.716473
62733	題寫	1	528858	99.716662
62734	題識	1	528859	99.716851
62735	顎骨	1	528860	99.717040
62736	顓臾	1	528861	99.717229
62737	餽贈	1	528862	99.717418
62738	騎射	1	528863	99.717607
62739	騎術	1	528864	99.717796
62740	騎越	1	528865	99.717985
62741	騎騾	1	528866	99.718174
62742	鬆口	1	528867	99.718363
62743	鬆口氣	1	528868	99.718552
62744	鬆手	1	528869	99.718741
62745	鬆石地	1	528870	99.718930
62746	鬆脫	1	528871	99.719119
62747	鬆處	1	528872	99.719308
62748	鬆鬆緊緊	1	528873	99.719497
62749	鬆瓤鵝油卷	1	528874	99.719686
62750	魏木村	1	528875	99.719875
62751	魏火曜	1	528876	99.720064
62752	魏平澳	1	528877	99.720253
62753	魏伯英	1	528878	99.720442
62754	魏京生	1	528879	99.720631
62755	魏花	1	528880	99.720820
62756	魏紀中	1	528881	99.721009
62757	魏英珠	1	528882	99.721198
62758	魏國	1	528883	99.721387
62759	魏善家	1	528884	99.721576
62760	鯉魚山	1	528885	99.721765
62761	鯉魚潭	1	528886	99.721954
62762	鯉躍龍門	1	528887	99.722143
62763	鯽魚	1	528888	99.722332
62764	鯀伯	1	528889	99.722521
62765	鵝口瘡	1	528890	99.722710
62766	鵝肝醬	1	528891	99.722899
62767	鵝絨	1	528892	99.723088
62768	鵝黃	1	528893	99.723277
62769	鵝鑾鼻	1	528894	99.723466
62770	鼬獾	1	528895	99.723655
62771	壞朋友	1	528896	99.723844
62772	壞消息	1	528897	99.724033
62773	壞運氣	1	528898	99.724222
62774	壞學生	1	528899	99.724411
62775	寵物店	1	528900	99.724600
62776	寵物經	1	528901	99.724789
62777	寵信	1	528902	99.724978
62778	寵溺	1	528903	99.725167
62779	龐帝克	1	528904	99.725356
62780	龐碩	1	528905	99.725545
62781	龐憲	1	528906	99.725734
62782	廬山真面目	1	528907	99.725923
62783	廬山溫泉	1	528908	99.726112
62784	懲示	1	528909	99.726301
62785	懲治	1	528910	99.726490
62786	懲處陰謀法規	1	528911	99.726679
62787	懲惡獎善	1	528912	99.726868
62788	懷孕期	1	528913	99.727057
62789	懷生	1	528914	99.727246
62790	懷亞特厄普	1	528915	99.727435
62791	懷邵‧法努司	1	528916	99.727624
62792	懷俄明州	1	528917	99.727813
62793	懷恨在心	1	528918	99.728002
62794	懷柔	1	528919	99.728191
62795	懷想	1	528920	99.728380
62796	懷遠驛	1	528921	99.728569
62797	懷憂	1	528922	99.728758
62798	懷霜負雪	1	528923	99.728947
62799	懷璧其罪	1	528924	99.729136
62800	懶人	1	528925	99.729325
62801	懶洋洋	1	528926	99.729514
62802	懶惰蟲	1	528927	99.729703
62803	懶散	1	528928	99.729892
62804	懶腰	1	528929	99.730081
62805	懵懂	1	528930	99.730270
62806	懵懵懂懂	1	528931	99.730459
62807	攀山	1	528932	99.730648
62808	攀取	1	528933	99.730837
62809	攀昇	1	528934	99.731026
62810	攀附	1	528935	99.731215
62811	攀附關係	1	528936	99.731404
62812	攏免驚	1	528937	99.731593
62813	曝晒場	1	528938	99.731782
62814	櫥架	1	528939	99.731971
62815	瀛臺	1	528940	99.732160
62816	瀟湘	1	528941	99.732349
62817	瀟灑自如	1	528942	99.732538
62818	瀨戶內海	1	528943	99.732727
62819	瀝粉	1	528944	99.732916
62820	瀕海	1	528945	99.733105
62821	爆出	1	528946	99.733294
62822	爆竹紅	1	528947	99.733483
62823	爆米香	1	528948	99.733672
62824	爆炸力	1	528949	99.733861
62825	爆炸性	1	528950	99.734050
62826	爆烈	1	528951	99.734239
62827	爆起	1	528952	99.734428
62828	爆裂聲	1	528953	99.734617
62829	獸首	1	528954	99.734806
62830	獸牌	1	528955	99.734995
62831	獸醫師	1	528956	99.735184
62832	獸醫院	1	528957	99.735373
62833	瓊妮米契爾	1	528958	99.735562
62834	瓊拜雅	1	528959	99.735751
62835	瓊恩海唊	1	528960	99.735940
62836	瓊麻	1	528961	99.736129
62837	瓊斯	1	528962	99.736318
62838	瓊斯杯男籃賽	1	528963	99.736507
62839	瓊瑤迷	1	528964	99.736696
62840	疆土	1	528965	99.736885
62841	矇蔽	1	528966	99.737074
62842	矇朧	1	528967	99.737263
62843	礙子	1	528968	99.737452
62844	禱文	1	528969	99.737641
62845	禱語	1	528970	99.737830
62846	穩居	1	528971	99.738019
62847	穩若泰山	1	528972	99.738208
62848	穩健型	1	528973	99.738397
62849	穩潔	1	528974	99.738586
62850	穩壓	1	528975	99.738775
62851	穩賺不賠	1	528976	99.738964
62852	穩穩	1	528977	99.739153
62853	簾狀	1	528978	99.739342
62854	簾幕	1	528979	99.739531
62855	簽名球	1	528980	99.739720
62856	簽狀	1	528981	99.739909
62857	簽核	1	528982	99.740098
62858	簽討	1	528983	99.740287
62859	簽章	1	528984	99.740476
62860	簽報	1	528985	99.740665
62861	簽發	1	528986	99.740854
62862	簽賭	1	528987	99.741043
62863	簽證人	1	528988	99.741232
62864	籀文	1	528989	99.741421
62865	繫身	1	528990	99.741610
62866	繫獄	1	528991	99.741799
62867	繭中	1	528992	99.741988
62868	繩紋	1	528993	99.742177
62869	繩梯	1	528994	99.742366
62870	繩結	1	528995	99.742555
62871	繩橋	1	528996	99.742744
62872	繪架座	1	528997	99.742933
62873	繪畫攝影展	1	528998	99.743122
62874	繪像	1	528999	99.743311
62875	繪圖板	1	529000	99.743500
62876	繪聲繪影	1	529001	99.743689
62877	羅丹對話錄	1	529002	99.743878
62878	羅布林卡新宮	1	529003	99.744067
62879	羅瓦尼埃米	1	529004	99.744256
62880	羅生門	1	529005	99.744445
62881	羅光瑞	1	529006	99.744634
62882	羅吉‧林	1	529007	99.744823
62883	羅伯‧阿特曼	1	529008	99.745012
62884	羅伯特‧施爾曼	1	529009	99.745201
62885	羅伯特‧科爾德拜	1	529010	99.745390
62886	羅伯茲	1	529011	99.745579
62887	羅宋湯	1	529012	99.745768
62888	羅技電子	1	529013	99.745957
62889	羅依斯達	1	529014	99.746146
62890	羅依德	1	529015	99.746335
62891	羅卓興	1	529016	99.746524
62892	羅底	1	529017	99.746713
62893	羅東國小	1	529018	99.746902
62894	羅勃瑞克	1	529019	99.747091
62895	羅美雪妮黛	1	529020	99.747280
62896	羅致	1	529021	99.747469
62897	羅扇	1	529022	99.747658
62898	羅浮博物館	1	529023	99.747847
62899	羅馬文化	1	529024	99.748036
62900	羅馬皇城	1	529025	99.748225
62901	羅馬皇帝	1	529026	99.748414
62902	羅曼丹	1	529027	99.748603
62903	羅曼羅蘭	1	529028	99.748792
62904	羅密歐	1	529029	99.748981
62905	羅得島	1	529030	99.749170
62906	羅敏卿	1	529031	99.749359
62907	羅貫中	1	529032	99.749548
62908	羅傑瓦特斯	1	529033	99.749737
62909	羅傑瓦斯	1	529034	99.749926
62910	羅斯‧裴洛	1	529035	99.750115
62911	羅斯福情史	1	529036	99.750304
62912	羅斯福總統	1	529037	99.750493
62913	羅斯裴洛	1	529038	99.750682
62914	羅森堡	1	529039	99.750871
62915	羅塞里尼	1	529040	99.751060
62916	羅塔爾‧毛赫	1	529041	99.751249
62917	羅賓威廉斯	1	529042	99.751438
62918	羅賓森	1	529043	99.751627
62919	羅賓漢也瘋狂	1	529044	99.751816
62920	羅德特斯	1	529045	99.752005
62921	羅慕斯	1	529046	99.752194
62922	羅學濂	1	529047	99.752383
62923	羅龍	1	529048	99.752572
62924	羅織	1	529049	99.752761
62925	羅蘭	1	529050	99.752950
62926	羅蘭阿畢葛納克	1	529051	99.753139
62927	羅綩玲	1	529052	99.753328
62928	繳稅額	1	529053	99.753517
62929	羸弱	1	529054	99.753706
62930	臘八	1	529055	99.753895
62931	臘日	1	529056	99.754084
62932	臘肉	1	529057	99.754273
62933	臘腸	1	529058	99.754462
62934	臘腸狗	1	529059	99.754651
62935	臘腸樹	1	529060	99.754840
62936	藩主	1	529061	99.755029
62937	藩邸	1	529062	99.755218
62938	藩縣	1	529063	99.755407
62939	藩鎮割據	1	529064	99.755596
62940	藩屬	1	529065	99.755785
62941	藩籬	1	529066	99.755974
62942	藝文志諸子略	1	529067	99.756163
62943	藝文圈	1	529068	99.756352
62944	藝石	1	529069	99.756541
62945	藝技	1	529070	99.756730
62946	藝事	1	529071	99.756919
62947	藝冠同儕	1	529072	99.757108
62948	藝術手工業	1	529073	99.757297
62949	藝術片	1	529074	99.757486
62950	藝術車	1	529075	99.757675
62951	藝術家合唱團	1	529076	99.757864
62952	藝術展	1	529077	99.758053
62953	藝術設計家	1	529078	99.758242
62954	藝術電影院	1	529079	99.758431
62955	藝術廳	1	529080	99.758620
62956	藝評人	1	529081	99.758809
62957	藝境	1	529082	99.758998
62958	藝競賽	1	529083	99.759187
62959	藪鳥	1	529084	99.759376
62960	藕粉桂花糖糕	1	529085	99.759565
62961	藤枝	1	529086	99.759754
62962	藤球	1	529087	99.759943
62963	藤壺	1	529088	99.760132
62964	藤蔓	1	529089	99.760321
62965	藤類	1	529090	99.760510
62966	藥片	1	529091	99.760699
62967	藥包	1	529092	99.760888
62968	藥布	1	529093	99.761077
62969	藥用植物學	1	529094	99.761266
62970	藥到病除	1	529095	99.761455
62971	藥店	1	529096	99.761644
62972	藥性論	1	529097	99.761833
62973	藥物中毒	1	529098	99.762022
62974	藥物管理局	1	529099	99.762211
62975	藥物學	1	529100	99.762400
62976	藥界	1	529101	99.762589
62977	藥圃	1	529102	99.762778
62978	藥師公會	1	529103	99.762967
62979	藥商	1	529104	99.763156
62980	藥瓶	1	529105	99.763345
62981	藥產	1	529106	99.763534
62982	藥棉	1	529107	99.763723
62983	藥渣	1	529108	99.763912
62984	藥湯	1	529109	99.764101
62985	藥量	1	529110	99.764290
62986	藥源	1	529111	99.764479
62987	藥管	1	529112	99.764668
62988	藥價	1	529113	99.764857
62989	藥劑師	1	529114	99.765046
62990	藥學系	1	529115	99.765235
62991	藥膳	1	529116	99.765424
62992	藥癮	1	529117	99.765613
62993	蠅紙	1	529118	99.765802
62994	蟹狀	1	529119	99.765991
62995	蟹狀星雲	1	529120	99.766180
62996	蟹節	1	529121	99.766369
62997	蟾蜍山	1	529122	99.766558
62998	襖裙	1	529123	99.766747
62999	譁然	1	529124	99.766936
63000	譜出	1	529125	99.767125
63001	譜奏	1	529126	99.767314
63002	譜線	1	529127	99.767503
63003	識別法	1	529128	99.767692
63004	識別點	1	529129	99.767881
63005	識別證	1	529130	99.768070
63006	識相	1	529131	99.768259
63007	識貨	1	529132	99.768448
63008	識途	1	529133	99.768637
63009	證交法	1	529134	99.768826
63010	證交稅率	1	529135	99.769015
63011	證言	1	529136	99.769204
63012	證券公司	1	529137	99.769393
63013	證券交易所	1	529138	99.769582
63014	證券交易所得稅	1	529139	99.769771
63015	證券交易稅率	1	529140	99.769960
63016	證明題	1	529141	99.770149
63017	證婚	1	529142	99.770338
63018	證詞	1	529143	99.770527
63019	證照考	1	529144	99.770716
63020	證照制度	1	529145	99.770905
63021	證管	1	529146	99.771094
63022	證類本草	1	529147	99.771283
63023	證嚴	1	529148	99.771472
63024	證嚴師父	1	529149	99.771661
63025	譚延闓	1	529150	99.771850
63026	譚詠麟	1	529151	99.772039
63027	譚道良	1	529152	99.772228
63028	譏誚	1	529153	99.772417
63029	譏嘲	1	529154	99.772606
63030	贈予	1	529155	99.772795
63031	贈書	1	529156	99.772984
63032	贈款	1	529157	99.773173
63033	贊叩	1	529158	99.773362
63034	贊美	1	529159	99.773551
63035	贊祝	1	529160	99.773740
63036	贊普‧達賴喇嘛	1	529161	99.773929
63037	贊普松贊干布	1	529162	99.774118
63038	贊跪	1	529163	99.774307
63039	贊嘆	1	529164	99.774496
63040	贊歎	1	529165	99.774685
63041	贊禮	1	529166	99.774874
63042	蹲式馬桶	1	529167	99.775063
63043	蹲俯	1	529168	99.775252
63044	蹲馬步	1	529169	99.775441
63045	蹺家	1	529170	99.775630
63046	蹺班	1	529171	99.775819
63047	蹺蹺板	1	529172	99.776008
63048	轎子	1	529173	99.776197
63049	辭行	1	529174	99.776386
63050	辭官	1	529175	99.776575
63051	辭書	1	529176	99.776764
63052	辭海	1	529177	99.776953
63053	辭彙	1	529178	99.777142
63054	辭話	1	529179	99.777331
63055	辭舊迎新	1	529180	99.777520
63056	邊走邊唱	1	529181	99.777709
63057	邊防軍	1	529182	99.777898
63058	邊城	1	529183	99.778087
63059	邊城浪子	1	529184	99.778276
63060	邊框	1	529185	99.778465
63061	邊陲地帶	1	529186	99.778654
63062	邊遠	1	529187	99.778843
63063	邊際	1	529188	99.779032
63064	邊線	1	529189	99.779221
63065	邊關	1	529190	99.779410
63066	邋裡邋遢	1	529191	99.779599
63067	醱酵乳	1	529192	99.779788
63068	鏡中	1	529193	99.779977
63069	鏡湖	1	529194	99.780166
63070	鏟除	1	529195	99.780355
63071	鏈子	1	529196	99.780544
63072	鏈條	1	529197	99.780733
63073	鏈球菌	1	529198	99.780922
63074	鏢客龍虎鬥	1	529199	99.781111
63075	鏢魚	1	529200	99.781300
63076	鏤刻	1	529201	99.781489
63077	鏗鏘	1	529202	99.781678
63078	鏗鏘有力	1	529203	99.781867
63079	鏗鏘有致	1	529204	99.782056
63080	關刀	1	529205	99.782245
63081	關口俊	1	529206	99.782434
63082	關公	1	529207	99.782623
63083	關羽	1	529208	99.782812
63084	關住	1	529209	99.783001
63085	關係處	1	529210	99.783190
63086	關係費	1	529211	99.783379
63087	關務	1	529212	99.783568
63088	關連性	1	529213	99.783757
63089	關廂	1	529214	99.783946
63090	關渡大橋	1	529215	99.784135
63091	關稅暨貿易總協定	1	529216	99.784324
63092	關稅壁壘	1	529217	99.784513
63093	關窗	1	529218	99.784702
63094	關貿	1	529219	99.784891
63095	關貿協定	1	529220	99.785080
63096	關漢卿	1	529221	99.785269
63097	關說案	1	529222	99.785458
63098	關廟鄉	1	529223	99.785647
63099	關機	1	529224	99.785836
63100	關聯式	1	529225	99.786025
63101	關聯性	1	529226	99.786214
63102	關鍵戰	1	529227	99.786403
63103	隴西行	1	529228	99.786592
63104	隴岡阡表	1	529229	99.786781
63105	難不成	1	529230	99.786970
63106	難分高下	1	529231	99.787159
63107	難分難捨	1	529232	99.787348
63108	難分難解	1	529233	99.787537
63109	難友	1	529234	99.787726
63110	難兄難弟	1	529235	99.787915
63111	難住	1	529236	99.788104
63112	難伸	1	529237	99.788293
63113	難言	1	529238	99.788482
63114	難走	1	529239	99.788671
63115	難易	1	529240	99.788860
63116	難陀尊者	1	529241	99.789049
63117	難保	1	529242	99.789238
63118	難耐	1	529243	99.789427
63119	難胞	1	529244	99.789616
63120	難消	1	529245	99.789805
63121	難記	1	529246	99.789994
63122	難產	1	529247	99.790183
63123	難脫	1	529248	99.790372
63124	難竟全功	1	529249	99.790561
63125	難尋	1	529250	99.790750
63126	難管	1	529251	99.790939
63127	難聞	1	529252	99.791128
63128	難說	1	529253	99.791317
63129	難敵	1	529254	99.791506
63130	難熬	1	529255	99.791695
63131	難懂	1	529256	99.791884
63132	霧化玻璃	1	529257	99.792073
63133	霧水	1	529258	99.792262
63134	霧沉沉	1	529259	99.792451
63135	霧角聲	1	529260	99.792640
63136	霧刷	1	529261	99.792829
63137	霧夜	1	529262	99.793018
63138	霧社水庫	1	529263	99.793207
63139	霧氣	1	529264	99.793396
63140	韻文	1	529265	99.793585
63141	韻母	1	529266	99.793774
63142	韻事	1	529267	99.793963
63143	韻律舞	1	529268	99.794152
63144	類比信號	1	529269	99.794341
63145	類同	1	529270	99.794530
63146	類風溼性關節炎	1	529271	99.794719
63147	類風濕性關節炎	1	529272	99.794908
63148	類風濕關節炎	1	529273	99.795097
63149	類書	1	529274	99.795286
63150	類緣關係	1	529275	99.795475
63151	類澱粉症	1	529276	99.795664
63152	顛倒乾坤	1	529277	99.795853
63153	顛撲不破	1	529278	99.796042
63154	顛顛簸簸	1	529279	99.796231
63155	饅頭蟹科	1	529280	99.796420
63156	騙子	1	529281	99.796609
63157	騙吃騙喝	1	529282	99.796798
63158	騙囝仔	1	529283	99.796987
63159	騙走	1	529284	99.797176
63160	騙財騙色	1	529285	99.797365
63161	騙婚記	1	529286	99.797554
63162	騙稅	1	529287	99.797743
63163	鯨目	1	529288	99.797932
63164	鯨吞	1	529289	99.798121
63165	鵲起	1	529290	99.798310
63166	鵲橋仙	1	529291	99.798499
63167	麗正電子	1	529292	99.798688
63168	麗沙	1	529293	99.798877
63169	麗泰海華絲	1	529294	99.799066
63170	麗晶街	1	529295	99.799255
63171	麗絲	1	529296	99.799444
63172	麗翔公司	1	529297	99.799633
63173	麗陽	1	529298	99.799822
63174	麗園國小	1	529299	99.800011
63175	勸世行善	1	529300	99.800200
63176	勸告	1	529301	99.800389
63177	勸退	1	529302	99.800578
63178	勸募	1	529303	99.800767
63179	勸農	1	529304	99.800956
63180	勸誡	1	529305	99.801145
63181	勸銀	1	529306	99.801334
63182	勸慰	1	529307	99.801523
63183	勸諫	1	529308	99.801712
63184	嚷叫	1	529309	99.801901
63185	嚴父	1	529310	99.802090
63186	嚴世蕃	1	529311	99.802279
63187	嚴冬	1	529312	99.802468
63188	嚴刑重典	1	529313	99.802657
63189	嚴守	1	529314	99.802846
63190	嚴孝章	1	529315	99.803035
63191	嚴法	1	529316	99.803224
63192	嚴俊	1	529317	99.803413
63193	嚴查	1	529318	99.803602
63194	嚴處	1	529319	99.803791
63195	嚴善思	1	529320	99.803980
63196	嚴慈	1	529321	99.804169
63197	嚴整	1	529322	99.804358
63198	嚴辦	1	529323	99.804547
63199	嚴嚴	1	529324	99.804736
63200	嚼食	1	529325	99.804925
63201	嚼碎	1	529326	99.805114
63202	嚼檳榔	1	529327	99.805303
63203	孀居	1	529328	99.805492
63204	寶刀未老	1	529329	99.805681
63205	寶山	1	529330	99.805870
63206	寶玉	1	529331	99.806059
63207	寶玉石學院	1	529332	99.806248
63208	寶成建設	1	529333	99.806437
63209	寶血	1	529334	99.806626
63210	寶相花	1	529335	99.806815
63211	寶相莊嚴	1	529336	99.807004
63212	寶島號	1	529337	99.807193
63213	寶特塑膠瓶	1	529338	99.807382
63214	寶珠	1	529339	99.807571
63215	寶馬	1	529340	99.807760
63216	寶盒	1	529341	99.807949
63217	寶祥	1	529342	99.808138
63218	寶祥公司	1	529343	99.808327
63219	寶訣	1	529344	99.808516
63220	寶華殿	1	529345	99.808705
63221	寶華閣	1	529346	99.808894
63222	寶路	1	529347	99.809083
63223	寶僑盃	1	529348	99.809272
63224	寶僑家品	1	529349	99.809461
63225	寶幡	1	529350	99.809650
63226	寶輪	1	529351	99.809839
63227	寶藏地	1	529352	99.810028
63228	寶鏡	1	529353	99.810217
63229	寶礦	1	529354	99.810406
63230	巉巖明星	1	529355	99.810595
63231	懸心	1	529356	99.810784
63232	懸岩峭壁	1	529357	99.810973
63233	懸念	1	529358	99.811162
63234	懸崖勒馬	1	529359	99.811351
63235	懸梁	1	529360	99.811540
63236	懸梁刺股	1	529361	99.811729
63237	懸液	1	529362	99.811918
63238	懸壺濟世	1	529363	99.812107
63239	懸絲偶	1	529364	99.812296
63240	懸壅垂	1	529365	99.812485
63241	懸宕	1	529366	99.812674
63242	攔車	1	529367	99.812863
63243	攙扶	1	529368	99.813052
63244	攙雜	1	529369	99.813241
63245	曦士管理顧問公司	1	529370	99.813430
63246	曦微	1	529371	99.813619
63247	瀾漫	1	529372	99.813808
63248	瀰生	1	529373	99.813997
63249	爐子	1	529374	99.814186
63250	爐心	1	529375	99.814375
63251	爐灶	1	529376	99.814564
63252	爐門	1	529377	99.814753
63253	爐臺	1	529378	99.814942
63254	爐邊燒	1	529379	99.815131
63255	獻出	1	529380	99.815320
63256	獻技	1	529381	99.815509
63257	獻身	1	529382	99.815698
63258	獻金	1	529383	99.815887
63259	獻計	1	529384	99.816076
63260	獻殷勤	1	529385	99.816265
63261	獻唱	1	529386	99.816454
63262	獻祭	1	529387	99.816643
63263	獻寶	1	529388	99.816832
63264	礦工燈	1	529389	99.817021
63265	礦石	1	529390	99.817210
63266	礦角	1	529391	99.817399
63267	礦區	1	529392	99.817588
63268	礦產	1	529393	99.817777
63269	礦業	1	529394	99.817966
63270	礦體	1	529395	99.818155
63271	競走	1	529396	99.818344
63272	競車	1	529397	99.818533
63273	競速	1	529398	99.818722
63274	競速道	1	529399	99.818911
63275	競渡	1	529400	99.819100
63276	競試	1	529401	99.819289
63277	競逼	1	529402	99.819478
63278	競舞	1	529403	99.819667
63279	競選總部	1	529404	99.819856
63280	籌委會	1	529405	99.820045
63281	籌錢	1	529406	99.820234
63282	籃天	1	529407	99.820423
63283	籃球明星	1	529408	99.820612
63284	籃球架	1	529409	99.820801
63285	籃網	1	529410	99.820990
63286	籃壇	1	529411	99.821179
63287	籍籍無名	1	529412	99.821368
63288	繽紛落英	1	529413	99.821557
63289	繼任者	1	529414	99.821746
63290	繼位	1	529415	99.821935
63291	繼承者	1	529416	99.822124
63292	繼承權	1	529417	99.822313
63293	繼室	1	529418	99.822502
63294	繼起	1	529419	99.822691
63295	繼發性癲癇	1	529420	99.822880
63296	繼電器	1	529421	99.823069
63297	罌粟	1	529422	99.823258
63298	臚列	1	529423	99.823447
63299	藻海	1	529424	99.823636
63300	蘆笙	1	529425	99.823825
63301	蘆笙調	1	529426	99.824014
63302	蘆莖	1	529427	99.824203
63303	蘆筍汁	1	529428	99.824392
63304	蘋果二號電腦	1	529429	99.824581
63305	蘋果茶	1	529430	99.824770
63306	蘋果電腦公司	1	529431	99.824959
63307	蘋果樹	1	529432	99.825148
63308	蘇崐生	1	529433	99.825337
63309	蘇三郎	1	529434	99.825526
63310	蘇介武	1	529435	99.825715
63311	蘇公塔	1	529436	99.825904
63312	蘇公路	1	529437	99.826093
63313	蘇水法	1	529438	99.826282
63314	蘇必略湖	1	529439	99.826471
63315	蘇正國	1	529440	99.826660
63316	蘇明明	1	529441	99.826849
63317	蘇花公路	1	529442	99.827038
63318	蘇門答臘	1	529443	99.827227
63319	蘇青	1	529444	99.827416
63320	蘇哈托	1	529445	99.827605
63321	蘇哈諾	1	529446	99.827794
63322	蘇活區	1	529447	99.827983
63323	蘇珊‧柏姬	1	529448	99.828172
63324	蘇美	1	529449	99.828361
63325	蘇美人	1	529450	99.828550
63326	蘇美王名表	1	529451	99.828739
63327	蘇容嬋	1	529452	99.828928
63328	蘇振平	1	529453	99.829117
63329	蘇振明	1	529454	99.829306
63330	蘇格拉底	1	529455	99.829495
63331	蘇曼殊全集	1	529456	99.829684
63332	蘇清喜	1	529457	99.829873
63333	蘇荷	1	529458	99.830062
63334	蘇富比董事	1	529459	99.830251
63335	蘇菲亞公主	1	529460	99.830440
63336	蘇菲亞羅蘭	1	529461	99.830629
63337	蘇菲瑪索	1	529462	99.830818
63338	蘇新	1	529463	99.831007
63339	蘇幕遮	1	529464	99.831196
63340	蘇維文	1	529465	99.831385
63341	蘇維埃帝國	1	529466	99.831574
63342	蘇慶榮	1	529467	99.831763
63343	蘇慶黎	1	529468	99.831952
63344	蘇穗英	1	529469	99.832141
63345	蘇聯國協	1	529470	99.832330
63346	蘇顯達	1	529471	99.832519
63347	蘇霈	1	529472	99.832708
63348	蘊函	1	529473	99.832897
63349	蘊釀	1	529474	99.833086
63350	蠔油	1	529475	99.833275
63351	觸目	1	529476	99.833464
63352	觸目所及	1	529477	99.833653
63353	觸到	1	529478	99.833842
63354	觸底	1	529479	99.834031
63355	觸媒	1	529480	99.834220
63356	觸媒劑	1	529481	99.834409
63357	觸媒轉化器	1	529482	99.834598
63358	觸痛	1	529483	99.834787
63359	觸發	1	529484	99.834976
63360	觸撫	1	529485	99.835165
63361	觸礁	1	529486	99.835354
63362	觸忤	1	529487	99.835543
63363	議事槌	1	529488	99.835732
63364	議和	1	529489	99.835921
63365	議政	1	529490	99.836110
63366	議席	1	529491	99.836299
63367	議費	1	529492	99.836488
63368	議價承攬制度	1	529493	99.836677
63369	警力	1	529494	99.836866
63370	警句	1	529495	99.837055
63371	警示燈	1	529496	99.837244
63372	警示聲	1	529497	99.837433
63373	警光營	1	529498	99.837622
63374	警官駐在所	1	529499	99.837811
63375	警官學校	1	529500	99.838000
63376	警思	1	529501	99.838189
63377	警政	1	529502	99.838378
63378	警政單位	1	529503	99.838567
63379	警政署長	1	529504	99.838756
63380	警界	1	529505	99.838945
63381	警匪	1	529506	99.839134
63382	警備隊	1	529507	99.839323
63383	警備學校	1	529508	99.839512
63384	警備總司令部	1	529509	99.839701
63385	警報系統	1	529510	99.839890
63386	警報器	1	529511	99.840079
63387	警報機	1	529512	99.840268
63388	警盜	1	529513	99.840457
63389	警察故事	1	529514	99.840646
63390	警網雙雄	1	529515	99.840835
63391	警衛室	1	529516	99.841024
63392	警衛圈	1	529517	99.841213
63393	警豬	1	529518	99.841402
63394	警蹕	1	529519	99.841591
63395	警覺性	1	529520	99.841780
63396	譯文	1	529521	99.841969
63397	譯著	1	529522	99.842158
63398	譯經	1	529523	99.842347
63399	贏球	1	529524	99.842536
63400	贏點	1	529525	99.842725
63401	躁急	1	529526	99.842914
63402	躁鬱	1	529527	99.843103
63403	釋示	1	529528	99.843292
63404	釋回	1	529529	99.843481
63405	釋金	1	529530	99.843670
63406	釋述	1	529531	99.843859
63407	釋迦	1	529532	99.844048
63408	釋迦牟尼	1	529533	99.844237
63409	釋迦法王	1	529534	99.844426
63410	釋然	1	529535	99.844615
63411	釋證嚴法師	1	529536	99.844804
63412	鐘形	1	529537	99.844993
63413	鐘表	1	529538	99.845182
63414	鐘面	1	529539	99.845371
63415	鐘晨僑	1	529540	99.845560
63416	鐘愛	1	529541	99.845749
63417	鐘鼓	1	529542	99.845938
63418	鐘樂聲	1	529543	99.846127
63419	鐘錶行	1	529544	99.846316
63420	鐘錶店	1	529545	99.846505
63421	鐘聲新劇團	1	529546	99.846694
63422	鐘擺	1	529547	99.846883
63423	鏽化	1	529548	99.847072
63424	鏽蝕	1	529549	99.847261
63425	鏽壞	1	529550	99.847450
63426	闡福寺	1	529551	99.847639
63427	霰彈槍	1	529552	99.847828
63428	飄泊	1	529553	99.848017
63429	飄洋	1	529554	99.848206
63430	飄浮蝶魚	1	529555	99.848395
63431	飄動	1	529556	99.848584
63432	飄雪	1	529557	99.848773
63433	飄然	1	529558	99.848962
63434	飄逸	1	529559	99.849151
63435	飄搖	1	529560	99.849340
63436	飄遊	1	529561	99.849529
63437	饑病	1	529562	99.849718
63438	饑渴	1	529563	99.849907
63439	饑餓感	1	529564	99.850096
63440	饑饉	1	529565	99.850285
63441	馨香兒	1	529566	99.850474
63442	騰那	1	529567	99.850663
63443	騰飛	1	529568	99.850852
63444	騰達	1	529569	99.851041
63445	騰舞	1	529570	99.851230
63446	騰躍	1	529571	99.851419
63447	騷人墨客	1	529572	99.851608
63448	騷亂	1	529573	99.851797
63449	鰓室	1	529574	99.851986
63450	鹹水海	1	529575	99.852175
63451	鹹性	1	529576	99.852364
63452	鹹蛋	1	529577	99.852553
63453	鹹魚	1	529578	99.852742
63454	鹹菜	1	529579	99.852931
63455	鹹酥雞	1	529580	99.853120
63456	鹹溼	1	529581	99.853309
63457	鹹鹹	1	529582	99.853498
63458	麵包花	1	529583	99.853687
63459	麵包鞋	1	529584	99.853876
63460	麵包樹	1	529585	99.854065
63461	麵店	1	529586	99.854254
63462	麵茶	1	529587	99.854443
63463	麵條店	1	529588	99.854632
63464	黨人	1	529589	99.854821
63465	黨同伐異	1	529590	99.855010
63466	黨政軍	1	529591	99.855199
63467	黨紀	1	529592	99.855388
63468	黨庫	1	529593	99.855577
63469	黨書記	1	529594	99.855766
63470	黨國	1	529595	99.855955
63471	黨國元老	1	529596	99.856144
63472	黨報	1	529597	99.856333
63473	黨綱	1	529598	99.856522
63474	黨徽	1	529599	99.856711
63475	黨職	1	529600	99.856900
63476	鼯鼠	1	529601	99.857089
63477	屬地	1	529602	99.857278
63478	屬國	1	529603	99.857467
63479	屬意	1	529604	99.857656
63480	屬實	1	529605	99.857845
63481	巍立	1	529606	99.858034
63482	巍顫顫	1	529607	99.858223
63483	懾服	1	529608	99.858412
63484	攝人	1	529609	99.858601
63485	攝入量	1	529610	99.858790
63486	攝食量	1	529611	99.858979
63487	攝氧量	1	529612	99.859168
63488	攝溫儀	1	529613	99.859357
63489	攝影工作室	1	529614	99.859546
63490	攝影者	1	529615	99.859735
63491	攝影界	1	529616	99.859924
63492	攝影記者	1	529617	99.860113
63493	攝影罩	1	529618	99.860302
63494	攝養	1	529619	99.860491
63495	攝錄機	1	529620	99.860680
63496	攜出	1	529621	99.860869
63497	攜有	1	529622	99.861058
63498	攜家帶眷	1	529623	99.861247
63499	櫻花企業	1	529624	99.861436
63500	櫻花軟片	1	529625	99.861625
63501	櫻花節	1	529626	99.861814
63502	櫻桃小口	1	529627	99.862003
63503	櫻桃樹	1	529628	99.862192
63504	欄目	1	529629	99.862381
63505	欄河壩	1	529630	99.862570
63506	灌木林	1	529631	99.862759
63507	灌木叢	1	529632	99.862948
63508	灌林	1	529633	99.863137
63509	灌毒	1	529634	99.863326
63510	灌洗	1	529635	99.863515
63511	灌頂經	1	529636	99.863704
63512	灌叢	1	529637	99.863893
63513	爛片	1	529638	99.864082
63514	爛帳	1	529639	99.864271
63515	爛鼻子	1	529640	99.864460
63516	爛醉如泥	1	529641	99.864649
63517	爛攤子	1	529642	99.864838
63518	癩蝦蟆	1	529643	99.865027
63519	籐片	1	529644	99.865216
63520	籐條	1	529645	99.865405
63521	籐傢俱	1	529646	99.865594
63522	纏綿悱惻	1	529647	99.865783
63523	纏裹	1	529648	99.865972
63524	續弦	1	529649	99.866161
63525	續建	1	529650	99.866350
63526	續訂	1	529651	99.866539
63527	續效	1	529652	99.866728
63528	續航力	1	529653	99.866917
63529	續航距離	1	529654	99.867106
63530	續落	1	529655	99.867295
63531	續篇	1	529656	99.867484
63532	續戰篇	1	529657	99.867673
63533	續辦	1	529658	99.867862
63534	羼水	1	529659	99.868051
63535	蘭卡威	1	529660	99.868240
63536	蘭花草	1	529661	99.868429
63537	蘭查體	1	529662	99.868618
63538	蘭恩文化	1	529663	99.868807
63539	蘭恩文教基金會	1	529664	99.868996
63540	蘭茲	1	529665	99.869185
63541	蘭登	1	529666	99.869374
63542	蘭陽合唱團	1	529667	99.869563
63543	蘭陽溪谷	1	529668	99.869752
63544	蘭陽舞團	1	529669	99.869941
63545	蘭陽戲劇團	1	529670	99.870130
63546	蘭雅國小	1	529671	99.870319
63547	蘭園	1	529672	99.870508
63548	蘭塞	1	529673	99.870697
63549	蘭溪	1	529674	99.870886
63550	蘭嶼島	1	529675	99.871075
63551	蠣房	1	529676	99.871264
63552	蠢動	1	529677	99.871453
63553	蠢蛋	1	529678	99.871642
63554	蠟盤	1	529679	99.871831
63555	護士長	1	529680	99.872020
63556	護士荒	1	529681	99.872209
63557	護片	1	529682	99.872398
63558	護幼	1	529683	99.872587
63559	護幼專案	1	529684	99.872776
63560	護目網	1	529685	99.872965
63561	護坡牆	1	529686	99.873154
63562	護岸	1	529687	99.873343
63563	護林	1	529688	99.873532
63564	護祐	1	529689	99.873721
63565	護航	1	529690	99.873910
63566	護國	1	529691	99.874099
63567	護理師	1	529692	99.874288
63568	護符	1	529693	99.874477
63569	護堤	1	529694	99.874666
63570	護短	1	529695	99.874855
63571	護領	1	529696	99.875044
63572	護膝	1	529697	99.875233
63573	護牆	1	529698	99.875422
63574	贓物	1	529699	99.875611
63575	躊躇	1	529700	99.875800
63576	躍入	1	529701	99.875989
63577	躍動	1	529702	99.876178
63578	躍然	1	529703	99.876367
63579	轟天神鷹	1	529704	99.876556
63580	轟車	1	529705	99.876745
63581	轟炸機	1	529706	99.876934
63582	轟烈	1	529707	99.877123
63583	轟隆作響	1	529708	99.877312
63584	轟鳴	1	529709	99.877501
63585	轟擊	1	529710	99.877690
63586	轟轟作響	1	529711	99.877879
63587	辯才	1	529712	99.878068
63588	辯方	1	529713	99.878257
63589	辯詰	1	529714	99.878446
63590	辯稱	1	529715	99.878635
63591	辯駁	1	529716	99.878824
63592	辯論家	1	529717	99.879013
63593	辯論會	1	529718	99.879202
63594	醺意	1	529719	99.879391
63595	鐳嶺	1	529720	99.879580
63596	鐵力士	1	529721	99.879769
63597	鐵分	1	529722	99.879958
63598	鐵汁	1	529723	99.880147
63599	鐵皮棚	1	529724	99.880336
63600	鐵合歡	1	529725	99.880525
63601	鐵血宰相	1	529726	99.880714
63602	鐵利‧卡隆甘	1	529727	99.880903
63603	鐵板燒	1	529728	99.881092
63604	鐵架	1	529729	99.881281
63605	鐵衫	1	529730	99.881470
63606	鐵面	1	529731	99.881659
63607	鐵扇公主	1	529732	99.881848
63608	鐵案如山	1	529733	99.882037
63609	鐵迷宮	1	529734	99.882226
63610	鐵勒人	1	529735	99.882415
63611	鐵桶	1	529736	99.882604
63612	鐵蛋	1	529737	99.882793
63613	鐵蛋白	1	529738	99.882982
63614	鐵殼船	1	529739	99.883171
63615	鐵絲	1	529740	99.883360
63616	鐵路地下化	1	529741	99.883549
63617	鐵路局長	1	529742	99.883738
63618	鐵路網	1	529743	99.883927
63619	鐵達尼號	1	529744	99.884116
63620	鐵槌	1	529745	99.884305
63621	鐵漢	1	529746	99.884494
63622	鐵餅	1	529747	99.884683
63623	鐵嘴	1	529748	99.884872
63624	鐵線	1	529749	99.885061
63625	鐵鋁罐	1	529750	99.885250
63626	鐵頭功	1	529751	99.885439
63627	鐵環	1	529752	99.885628
63628	鐵鎚	1	529753	99.885817
63629	鐵雞鬥蜈蚣	1	529754	99.886006
63630	鐵騎	1	529755	99.886195
63631	鐵礦	1	529756	99.886384
63632	鐵籠子	1	529757	99.886573
63633	鐸聲獎	1	529758	99.886762
63634	闢土	1	529759	99.886951
63635	闢設	1	529760	99.887140
63636	霸王別姬	1	529761	99.887329
63637	霸王妖姬	1	529762	99.887518
63638	霸王花	1	529763	99.887707
63639	霸王花重出江湖	1	529764	99.887896
63640	霸氣	1	529765	99.888085
63641	霹靂五號	1	529766	99.888274
63642	霹靂先鋒	1	529767	99.888463
63643	霹靂虎	1	529768	99.888652
63644	霹靂指	1	529769	99.888841
63645	霹靂啪啦	1	529770	99.889030
63646	露兩手	1	529771	99.889219
63647	露易絲茜	1	529772	99.889408
63648	露脊鯨	1	529773	99.889597
63649	露骨	1	529774	99.889786
63650	露絲普洛兒賈瓦拉	1	529775	99.889975
63651	露華殿	1	529776	99.890164
63652	露營區	1	529777	99.890353
63653	露薏莎	1	529778	99.890542
63654	響往	1	529779	99.890731
63655	響炮	1	529780	99.890920
63656	響海雷	1	529781	99.891109
63657	響徹	1	529782	99.891298
63658	響聲	1	529783	99.891487
63659	顧見龍	1	529784	99.891676
63660	顧炎武	1	529785	99.891865
63661	顧恤	1	529786	99.892054
63662	顧盼	1	529787	99.892243
63663	顧問團	1	529788	99.892432
63664	顧崇廉	1	529789	99.892621
63665	顧寶明	1	529790	99.892810
63666	驅役	1	529791	99.892999
63667	驅車隊	1	529792	99.893188
63668	驅邪	1	529793	99.893377
63669	驅疫辟邪	1	529794	99.893566
63670	驅迫	1	529795	99.893755
63671	驅風禦寒	1	529796	99.893944
63672	驅蚊	1	529797	99.894133
63673	驅蚊藥	1	529798	99.894322
63674	驅鬼逐疫	1	529799	99.894511
63675	驅散	1	529800	99.894700
63676	驅蟲劑	1	529801	99.894889
63677	驅魔	1	529802	99.895078
63678	驅魔道長	1	529803	99.895267
63679	驀志	1	529804	99.895456
63680	騾子	1	529805	99.895645
63681	魔幻劇場	1	529806	99.895834
63682	魔手	1	529807	99.896023
63683	魔王	1	529808	99.896212
63684	魔戒	1	529809	99.896401
63685	魔豆	1	529810	99.896590
63686	魔兔	1	529811	99.896779
63687	魔咒	1	529812	99.896968
63688	魔奇	1	529813	99.897157
63689	魔法師	1	529814	99.897346
63690	魔法師的寶典	1	529815	99.897535
63691	魔星傳奇	1	529816	99.897724
63692	魔界	1	529817	99.897913
63693	魔音琴	1	529818	99.898102
63694	魔宮傳奇	1	529819	99.898291
63695	魔鬼身材	1	529820	99.898480
63696	魔鬼命令	1	529821	99.898669
63697	魔鬼突擊隊	1	529822	99.898858
63698	魔鬼訓練營	1	529823	99.899047
63699	魔鬼終結者續集	1	529824	99.899236
63700	魔鬼黑獄	1	529825	99.899425
63701	魔鬼詩篇	1	529826	99.899614
63702	魔鬼戰警	1	529827	99.899803
63703	魔術隊	1	529828	99.899992
63704	魔棒	1	529829	99.900181
63705	魔圖	1	529830	99.900370
63706	魔蠍尖兵	1	529831	99.900559
63707	魔鏡	1	529832	99.900748
63708	鰭狀	1	529833	99.900937
63709	鰥寡	1	529834	99.901126
63710	鶯歌	1	529835	99.901315
63711	鶯歌燕語	1	529836	99.901504
63712	鶯聲燕語	1	529837	99.901693
63713	鶴立雞群	1	529838	99.901882
63714	麝蘭之香	1	529839	99.902071
63715	黯然失色	1	529840	99.902260
63716	黯然神傷	1	529841	99.902449
63717	齦頰溝	1	529842	99.902638
63718	囊狀	1	529843	99.902827
63719	囊空如洗	1	529844	99.903016
63720	囊垣縣	1	529845	99.903205
63721	囊袋	1	529846	99.903394
63722	囊壁	1	529847	99.903583
63723	囉嗦	1	529848	99.903772
63724	巔簸	1	529849	99.903961
63725	彎刀	1	529850	99.904150
63726	彎月形	1	529851	99.904339
63727	彎曲桿菌狀	1	529852	99.904528
63728	彎角	1	529853	99.904717
63729	彎度	1	529854	99.904906
63730	彎路	1	529855	99.905095
63731	攤平	1	529856	99.905284
63732	攤車	1	529857	99.905473
63733	攤派	1	529858	99.905662
63734	攤還	1	529859	99.905851
63735	權力慾	1	529860	99.906040
63736	權臣	1	529861	99.906229
63737	權利金	1	529862	99.906418
63738	權宜之計	1	529863	99.906607
63739	權門	1	529864	99.906796
63740	權威式	1	529865	99.906985
63741	權威性	1	529866	99.907174
63742	權相	1	529867	99.907363
63743	權值	1	529868	99.907552
63744	權益保證書	1	529869	99.907741
63745	權業	1	529870	99.907930
63746	權謀	1	529871	99.908119
63747	權璫	1	529872	99.908308
63748	歡天喜地	1	529873	99.908497
63749	歡心	1	529874	99.908686
63750	歡宴	1	529875	99.908875
63751	歡悅	1	529876	99.909064
63752	歡唱派	1	529877	99.909253
63753	歡敘	1	529878	99.909442
63754	歡喜樓	1	529879	99.909631
63755	歡渡	1	529880	99.909820
63756	歡聚	1	529881	99.910009
63757	歡樂感	1	529882	99.910198
63758	歡鑼喜鼓	1	529883	99.910387
63759	灑狗血式	1	529884	99.910576
63760	灑掃	1	529885	99.910765
63761	灑淚	1	529886	99.910954
63762	灘地	1	529887	99.911143
63763	灘頭堡	1	529888	99.911332
63764	疊詞	1	529889	99.911521
63765	疊暈	1	529890	99.911710
63766	疊影	1	529891	99.911899
63767	疊壓	1	529892	99.912088
63768	疊羅漢	1	529893	99.912277
63769	癮性	1	529894	99.912466
63770	籠絡	1	529895	99.912655
63771	聾人	1	529896	99.912844
63772	聾胞	1	529897	99.913033
63773	聽成	1	529898	99.913222
63774	聽其自然	1	529899	99.913411
63775	聽命行事	1	529900	99.913600
63776	聽信	1	529901	99.913789
63777	聽診	1	529902	99.913978
63778	聽診器	1	529903	99.914167
63779	聽經聞法	1	529904	99.914356
63780	聽電話	1	529905	99.914545
63781	聽證	1	529906	99.914734
63782	聽勸	1	529907	99.914923
63783	聽覺中樞	1	529908	99.915112
63784	聽覺神經	1	529909	99.915301
63785	聽聽	1	529910	99.915490
63786	聽聽看	1	529911	99.915679
63787	臟腑	1	529912	99.915868
63788	襲人	1	529913	99.916057
63789	襲來	1	529914	99.916246
63790	讀史	1	529915	99.916435
63791	讀本	1	529916	99.916624
63792	讀死書	1	529917	99.916813
63793	讀完	1	529918	99.917002
63794	讀法	1	529919	99.917191
63795	讀報	1	529920	99.917380
63796	贖回	1	529921	99.917569
63797	鑄錢局	1	529922	99.917758
63798	鑑定師	1	529923	99.917947
63799	鑑價	1	529924	99.918136
63800	鑑賞性	1	529925	99.918325
63801	鑒別	1	529926	99.918514
63802	鑒定申請書	1	529927	99.918703
63803	鑒定結論書	1	529928	99.918892
63804	鑒賞	1	529929	99.919081
63805	韃虜	1	529930	99.919270
63806	韃靼	1	529931	99.919459
63807	顫巍巍	1	529932	99.919648
63808	饕餮客	1	529933	99.919837
63809	驕客	1	529934	99.920026
63810	驕奢	1	529935	99.920215
63811	驕跑車	1	529936	99.920404
63812	驕橫跋扈	1	529937	99.920593
63813	驕驕兒	1	529938	99.920782
63814	驍勇	1	529939	99.920971
63815	髒兮兮	1	529940	99.921160
63816	髒汙	1	529941	99.921349
63817	髒空氣	1	529942	99.921538
63818	鬚眉	1	529943	99.921727
63819	鬚鯨	1	529944	99.921916
63820	鬚鯨亞目	1	529945	99.922105
63821	鬚鯨類	1	529946	99.922294
63822	鬚鬚	1	529947	99.922483
63823	鼴鼠	1	529948	99.922672
63824	龔明偉	1	529949	99.922861
63825	龔美	1	529950	99.923050
63826	龔振麟	1	529951	99.923239
63827	龔德柏	1	529952	99.923428
63828	龔稼農	1	529953	99.923617
63829	龔憶明	1	529954	99.923806
63830	龔選舞	1	529955	99.923995
63831	戀土情結	1	529956	99.924184
63832	戀棧	1	529957	99.924373
63833	戀愛史	1	529958	99.924562
63834	戀慕	1	529959	99.924751
63835	戀舊	1	529960	99.924940
63836	戀戀風塵	1	529961	99.925129
63837	攣生	1	529962	99.925318
63838	攫住	1	529963	99.925507
63839	攫食	1	529964	99.925696
63840	攪拌機	1	529965	99.925885
63841	竊佔罪	1	529966	99.926074
63842	竊取	1	529967	99.926263
63843	竊喜	1	529968	99.926452
63844	竊據	1	529969	99.926641
63845	竊騎	1	529970	99.926830
63846	竊竊私語	1	529971	99.927019
63847	纓子	1	529972	99.927208
63848	纖小	1	529973	99.927397
63849	纖手	1	529974	99.927586
63850	纖毛	1	529975	99.927775
63851	纖維支氣管鏡	1	529976	99.927964
63852	纖維性顫動	1	529977	99.928153
63853	纖維亮光紗	1	529978	99.928342
63854	纖維質	1	529979	99.928531
63855	纖維藝術	1	529980	99.928720
63856	纖瘦	1	529981	99.928909
63857	纖纖玉指	1	529982	99.929098
63858	纖纖弱弱	1	529983	99.929287
63859	纖體	1	529984	99.929476
63860	蘿蔔腿	1	529985	99.929665
63861	蘿蔔糕	1	529986	99.929854
63862	蠱惑	1	529987	99.930043
63863	變化自如	1	529988	99.930232
63864	變化莫測	1	529989	99.930421
63865	變化無常	1	529990	99.930610
63866	變心	1	529991	99.930799
63867	變生肘腋	1	529992	99.930988
63868	變灰	1	529993	99.931177
63869	變色糠疹	1	529994	99.931366
63870	變形人	1	529995	99.931555
63871	變形畫	1	529996	99.931744
63872	變男變女變變變	1	529997	99.931933
63873	變良	1	529998	99.932122
63874	變味	1	529999	99.932311
63875	變花樣	1	530000	99.932500
63876	變奏	1	530001	99.932689
63877	變奏曲	1	530002	99.932878
63878	變音	1	530003	99.933067
63879	變深	1	530004	99.933256
63880	變速系統	1	530005	99.933445
63881	變速桿	1	530006	99.933634
63882	變溫	1	530007	99.933823
63883	變葉木	1	530008	99.934012
63884	變電所	1	530009	99.934201
63885	變稱	1	530010	99.934390
63886	變頻器	1	530011	99.934579
63887	變壓	1	530012	99.934768
63888	變壓器	1	530013	99.934957
63889	變舊	1	530014	99.935146
63890	變魔術	1	530015	99.935335
63891	變體	1	530016	99.935524
63892	邏各	1	530017	99.935713
63893	邏各治療	1	530018	99.935902
63894	邏輯性	1	530019	99.936091
63895	邏輯概論	1	530020	99.936280
63896	顯示型	1	530021	99.936469
63897	顯而易見	1	530022	99.936658
63898	顯色	1	530023	99.936847
63899	顯威風	1	530024	99.937036
63900	顯映	1	530025	99.937225
63901	顯神通	1	530026	99.937414
63902	顯密教理	1	530027	99.937603
63903	顯微監視器	1	530028	99.937792
63904	顯聖	1	530029	99.937981
63905	顯像式	1	530030	99.938170
63906	顯彰	1	530031	99.938359
63907	顯影	1	530032	99.938548
63908	顯學	1	530033	99.938737
63909	顯親	1	530034	99.938926
63910	顯靈	1	530035	99.939115
63911	驚人之舉	1	530036	99.939304
63912	驚心	1	530037	99.939493
63913	驚世駭俗	1	530038	99.939682
63914	驚呆	1	530039	99.939871
63915	驚怵感	1	530040	99.940060
63916	驚為天人	1	530041	99.940249
63917	驚悚片	1	530042	99.940438
63918	驚悸	1	530043	99.940627
63919	驚訝狀	1	530044	99.940816
63920	驚喜萬分	1	530045	99.941005
63921	驚惶	1	530046	99.941194
63922	驚惶失措	1	530047	99.941383
63923	驚慌失措	1	530048	99.941572
63924	驚慄	1	530049	99.941761
63925	驚慄片	1	530050	99.941950
63926	驚慄劇	1	530051	99.942139
63927	驚落	1	530052	99.942328
63928	驚嘆號	1	530053	99.942517
63929	驚聞	1	530054	99.942706
63930	驚歎	1	530055	99.942895
63931	驚險萬分	1	530056	99.943084
63932	驚駭	1	530057	99.943273
63933	驚濤	1	530058	99.943462
63934	驚鴻一眼	1	530059	99.943651
63935	驚爆	1	530060	99.943840
63936	驚蟄	1	530061	99.944029
63937	驛送	1	530062	99.944218
63938	驛馬	1	530063	99.944407
63939	驗方	1	530064	99.944596
63940	驗血	1	530065	99.944785
63941	驗尿	1	530066	99.944974
63942	驗屍	1	530067	99.945163
63943	驗貨	1	530068	99.945352
63944	驗視	1	530069	99.945541
63945	體己	1	530070	99.945730
63946	體內循環	1	530071	99.945919
63947	體毛	1	530072	99.946108
63948	體育季	1	530073	99.946297
63949	體育界	1	530074	99.946486
63950	體育新聞報導	1	530075	99.946675
63951	體育節	1	530076	99.946864
63952	體育賽	1	530077	99.947053
63953	體委會	1	530078	99.947242
63954	體表	1	530079	99.947431
63955	體院	1	530080	99.947620
63956	體部	1	530081	99.947809
63957	體虛自汗	1	530082	99.947998
63958	體薄	1	530083	99.948187
63959	鱗狀細胞癌	1	530084	99.948376
63960	鱗紋	1	530085	99.948565
63961	黴足粉	1	530086	99.948754
63962	壩村	1	530087	99.948943
63963	攬住	1	530088	99.949132
63964	攬客	1	530089	99.949321
63965	攬鏡	1	530090	99.949510
63966	攬鏡自照	1	530091	99.949699
63967	攬權	1	530092	99.949888
63968	癱倒	1	530093	99.950077
63969	癱軟	1	530094	99.950266
63970	羈留	1	530095	99.950455
63971	蠶豆症	1	530096	99.950644
63972	蠶兒	1	530097	99.950833
63973	蠶花	1	530098	99.951022
63974	蠶絲	1	530099	99.951211
63975	蠶絲被	1	530100	99.951400
63976	蠶絲暨昆蟲農業技術研究所	1	530101	99.951589
63977	蠶蜂	1	530102	99.951778
63978	讓座	1	530103	99.951967
63979	讓給	1	530104	99.952156
63980	讓愛神變魔鬼	1	530105	99.952345
63981	讓與	1	530106	99.952534
63982	讒言	1	530107	99.952723
63983	釀酒廠	1	530108	99.952912
63984	靈光	1	530109	99.953101
63985	靈光乍現	1	530110	99.953290
63986	靈床下鞋	1	530111	99.953479
63987	靈芝	1	530112	99.953668
63988	靈長目	1	530113	99.953857
63989	靈長類	1	530114	99.954046
63990	靈柩	1	530115	99.954235
63991	靈骨	1	530116	99.954424
63992	靈動	1	530117	99.954613
63993	靈異	1	530118	99.954802
63994	靈異片	1	530119	99.954991
63995	靈異鬼王	1	530120	99.955180
63996	靈通	1	530121	99.955369
63997	靈媒	1	530122	99.955558
63998	靈犀相通	1	530123	99.955747
63999	靈視	1	530124	99.955936
64000	靈塔	1	530125	99.956125
64001	靈魂之窗	1	530126	99.956314
64002	靈魂觀	1	530127	99.956503
64003	靈機一動	1	530128	99.956692
64004	靈藥	1	530129	99.956881
64005	靈體	1	530130	99.957070
64006	驟來	1	530131	99.957259
64007	驟雨	1	530132	99.957448
64008	驟減	1	530133	99.957637
64009	驟跌	1	530134	99.957826
64010	驟漲	1	530135	99.958015
64011	驟增	1	530136	99.958204
64012	驟變	1	530137	99.958393
64013	鬢毛	1	530138	99.958582
64014	鬢腳	1	530139	99.958771
64015	鬢髮	1	530140	99.958960
64016	鷹山	1	530141	99.959149
64017	鷹狀	1	530142	99.959338
64018	鷹隼	1	530143	99.959527
64019	鷹鶻	1	530144	99.959716
64020	鹼水	1	530145	99.959905
64021	鹽井	1	530146	99.960094
64022	鹽分子	1	530147	99.960283
64023	鹽晶	1	530148	99.960472
64024	鹽塭村	1	530149	99.960661
64025	鹽腥味	1	530150	99.960850
64026	鹽漬	1	530151	99.961039
64027	齲齒率	1	530152	99.961228
64028	廳房	1	530153	99.961417
64029	欖仁樹	1	530154	99.961606
64030	欖李	1	530155	99.961795
64031	灣仔區	1	530156	99.961984
64032	灣堤	1	530157	99.962173
64033	灣澳	1	530158	99.962362
64034	籬牆	1	530159	99.962551
64035	蠻夷鴃舌	1	530160	99.962740
64036	蠻荒	1	530161	99.962929
64037	蠻橫	1	530162	99.963118
64038	蠻傜	1	530163	99.963307
64039	觀文殿	1	530164	99.963496
64040	觀月亞里沙	1	530165	99.963685
64041	觀世音菩薩	1	530166	99.963874
64042	觀光地	1	530167	99.964063
64043	觀光年	1	530168	99.964252
64044	觀光旅遊地	1	530169	99.964441
64045	觀光區	1	530170	99.964630
64046	觀光理髮廳	1	530171	99.964819
64047	觀光勝地	1	530172	99.965008
64048	觀光團	1	530173	99.965197
64049	觀自在	1	530174	99.965386
64050	觀自在菩薩	1	530175	99.965575
64051	觀念化	1	530176	99.965764
64052	觀迎	1	530177	99.965953
64053	觀星員	1	530178	99.966142
64054	觀音寺	1	530179	99.966331
64055	觀音鄉	1	530180	99.966520
64056	觀音殿	1	530181	99.966709
64057	觀風	1	530182	99.966898
64058	觀鳥	1	530183	99.967087
64059	觀景座	1	530184	99.967276
64060	觀湖亭	1	530185	99.967465
64061	觀測員	1	530186	99.967654
64062	觀想	1	530187	99.967843
64063	觀察入微	1	530188	99.968032
64064	觀摩教學	1	530189	99.968221
64065	觀摹	1	530190	99.968410
64066	觀賞鳳梨	1	530191	99.968599
64067	觀瞻	1	530192	99.968788
64068	觀禮	1	530193	99.968977
64069	觀瀾閣	1	530194	99.969166
64070	觀護	1	530195	99.969355
64071	躡手躡腳	1	530196	99.969544
64072	躡足	1	530197	99.969733
64073	鑲牙	1	530198	99.969922
64074	鑲板	1	530199	99.970111
64075	鑲砌	1	530200	99.970300
64076	顱底	1	530201	99.970489
64077	顱骨	1	530202	99.970678
64078	顱腦	1	530203	99.970867
64079	髖關節	1	530204	99.971056
64080	黌宮	1	530205	99.971245
64081	灤河	1	530206	99.971434
64082	讚不絕口	1	530207	99.971623
64083	讚詠	1	530208	99.971812
64084	讚歌	1	530209	99.972001
64085	驢皮	1	530210	99.972190
64086	驢頭公主	1	530211	99.972379
64087	纜繩	1	530212	99.972568
64088	鑽子	1	530213	99.972757
64089	鑽孔	1	530214	99.972946
64090	鑽孔機	1	530215	99.973135
64091	鑽心	1	530216	99.973324
64092	鑽牛角尖	1	530217	99.973513
64093	鑽石女	1	530218	99.973702
64094	鑽地道	1	530219	99.973891
64095	鑽床	1	530220	99.974080
64096	鑽戒	1	530221	99.974269
64097	鑽油井	1	530222	99.974458
64098	鑽洞	1	530223	99.974647
64099	鑽洞機	1	530224	99.974836
64100	鑽飾	1	530225	99.975025
64101	鑽漏洞	1	530226	99.975214
64102	鑽磨	1	530227	99.975403
64103	鱷魚鐘	1	530228	99.975592
64104	豔史	1	530229	99.975781
64105	豔色系	1	530230	99.975970
64106	豔星	1	530231	99.976159
64107	豔紅	1	530232	99.976348
64108	豔紫荊	1	530233	99.976537
64109	豔陽高照	1	530234	99.976726
64110	豔福	1	530235	99.976915
64111	鑿井	1	530236	99.977104
64112	鑿空	1	530237	99.977293
64113	鑿穿	1	530238	99.977482
64114	鸚鵡螺	1	530239	99.977671
64115	鸚鸝	1	530240	99.977860
64116	鬱悶	1	530241	99.978049
64117	鬱鬱蒼蒼	1	530242	99.978238
64118	仝賀	1	530243	99.978427
64119	夯土	1	530244	99.978616
64120	夯土牆	1	530245	99.978805
64121	夯築	1	530246	99.978994
64122	伎藝	1	530247	99.979183
64123	囡仔	1	530248	99.979372
64124	扞格	1	530249	99.979561
64125	佉盧文	1	530250	99.979750
64126	佟婉玲	1	530251	99.979939
64127	尪仔標	1	530252	99.980128
64128	忤逆	1	530253	99.980317
64129	汩汩	1	530254	99.980506
64130	邠州	1	530255	99.980695
64131	呯然	1	530256	99.980884
64132	坯土	1	530257	99.981073
64133	坯體	1	530258	99.981262
64134	坫冪	1	530259	99.981451
64135	戔戔之數	1	530260	99.981640
64136	戽斗	1	530261	99.981829
64137	泫然欲泣	1	530262	99.982018
64138	甾醇	1	530263	99.982207
64139	芮妮‧渥黎	1	530264	99.982396
64140	邯鄲記	1	530265	99.982585
64141	茍安	1	530266	99.982774
64142	茍延殘喘	1	530267	99.982963
64143	哆嗦	1	530268	99.983152
64144	峇里	1	530269	99.983341
64145	峇里海	1	530270	99.983530
64146	峇里博物館	1	530271	99.983719
64147	峇里話	1	530272	99.983908
64148	峇迪衣	1	530273	99.984097
64149	峇淡島	1	530274	99.984286
64150	恓恓惶惶	1	530275	99.984475
64151	拏問	1	530276	99.984664
64152	昴宿星團	1	530277	99.984853
64153	洄遊生物	1	530278	99.985042
64154	洄瀾文教基金會	1	530279	99.985231
64155	洄瀾基金會	1	530280	99.985420
64156	珈瑪射線	1	530281	99.985609
64157	瓮城	1	530282	99.985798
64158	砒霜	1	530283	99.985987
64159	挹助	1	530284	99.986176
64160	挼平	1	530285	99.986365
64161	旄丘	1	530286	99.986554
64162	桎棝	1	530287	99.986743
64163	浣紗	1	530288	99.986932
64164	浣熊	1	530289	99.987121
64165	涂爾幹	1	530290	99.987310
64166	涂鴻欽	1	530291	99.987499
64167	祛風除熱	1	530292	99.987688
64168	祛病	1	530293	99.987877
64169	祛痰潤肺	1	530294	99.988066
64170	荖濃	1	530295	99.988255
64171	茜紅	1	530296	99.988444
64172	蚍蜉撼樹	1	530297	99.988633
64173	偲菘	1	530298	99.988822
64174	偈語	1	530299	99.989011
64175	庹宗康	1	530300	99.989200
64176	悾傯	1	530301	99.989389
64177	悱惻	1	530302	99.989578
64178	挲摩	1	530303	99.989767
64179	掐指一算	1	530304	99.989956
64180	掐絲琺瑯	1	530305	99.990145
64181	掐準	1	530306	99.990334
64182	梫木	1	530307	99.990523
64183	粘度	1	530308	99.990712
64184	粘蛋白	1	530309	99.990901
64185	罣礙	1	530310	99.991090
64186	脛肌	1	530311	99.991279
64187	脛骨	1	530312	99.991468
64188	脛骨肌	1	530313	99.991657
64189	舳艫	1	530314	99.991846
64190	荳田戰役	1	530315	99.992035
64191	荳類	1	530316	99.992224
64192	莪嘜河	1	530317	99.992413
64193	蚴蟲	1	530318	99.992602
64194	袓父	1	530319	99.992791
64195	袓訓	1	530320	99.992980
64196	酚妥拉明	1	530321	99.993169
64197	喑啞	1	530322	99.993358
64198	愔記	1	530323	99.993547
64199	惲南田	1	530324	99.993736
64200	揶揄	1	530325	99.993925
64201	椪柑	1	530326	99.994114
64202	棱形	1	530327	99.994303
64203	氰化物	1	530328	99.994492
64204	氰胺公司	1	530329	99.994681
64205	焢番薯	1	530330	99.994870
64206	筊杯	1	530331	99.995059
64207	袷袢	1	530332	99.995248
64208	鄆州	1	530333	99.995437
64209	酢漿草	1	530334	99.995626
64210	飫甘饜肥	1	530335	99.995815
64211	嗔怪	1	530336	99.996004
64212	嗖嗖	1	530337	99.996193
64213	嵨田久作	1	530338	99.996382
64214	搥打	1	530339	99.996571
64215	楢山節考	1	530340	99.996760
64216	椽木	1	530341	99.996949
64217	椴木	1	530342	99.997138
64218	溽暑	1	530343	99.997327
64219	滁縣	1	530344	99.997516
64220	犍陀羅	1	530345	99.997705
64221	畹町	1	530346	99.997894
64222	萩原流行	1	530347	99.998083
64223	誆騙	1	530348	99.998272
64224	銃眼	1	530349	99.998461
64225	銃櫃	1	530350	99.998650
64226	嶂峽	1	530351	99.998839
64227	撂倒	1	530352	99.999028
64228	殞石	1	530353	99.999217
64229	漚汪調	1	530354	99.999406
64230	熏羊腿	1	530355	99.999595
64231	獃滯	1	530356	99.999784
64232	皸裂	1	530357	99.999973
64233	箜篌	1	530358	100.000162
64234	箜篌引	1	530359	100.000351
64235	蒟蒻	1	530360	100.000540
64236	蒔花	1	530361	100.000729
64237	蜚聲中外	1	530362	100.000918
64238	蜚聲海外	1	530363	100.001107
64239	裱綾	1	530364	100.001296
64240	酺樂	1	530365	100.001485
64241	嶙峋	1	530366	100.001674
64242	憋尿	1	530367	100.001863
64243	撣灰	1	530368	100.002052
64244	潁州西湖故跡	1	530369	100.002241
64245	熠熠	1	530370	100.002430
64246	熠熠生光	1	530371	100.002619
64247	瘞鶴山	1	530372	100.002808
64248	瘞鶴岩	1	530373	100.002997
64249	糅雜	1	530374	100.003186
64250	膕動脈	1	530375	100.003375
64251	鋐錡證券投顧	1	530376	100.003564
64252	鋃鐺入獄	1	530377	100.003753
64253	鋌而走險	1	530378	100.003942
64254	閰羅	1	530379	100.004131
64255	閰羅王	1	530380	100.004320
64256	髫齡	1	530381	100.004509
64257	鴇妓	1	530382	100.004698
64258	憨小子	1	530383	100.004887
64259	憨真	1	530384	100.005076
64260	憨溪	1	530385	100.005265
64261	殫精竭慮	1	530386	100.005454
64262	燁隆	1	530387	100.005643
64263	燔祭	1	530388	100.005832
64264	篝火	1	530389	100.006021
64265	謔稱	1	530390	100.006210
64266	踽踽獨行	1	530391	100.006399
64267	踰越	1	530392	100.006588
64268	醍醐灌頂	1	530393	100.006777
64269	鴟尾	1	530394	100.006966
64270	擯棄	1	530395	100.007155
64271	檥栖樹	1	530396	100.007344
64272	橿鳥	1	530397	100.007533
64273	殭屍片	1	530398	100.007722
64274	篳路藍縷	1	530399	100.007911
64275	薏苡	1	530400	100.008100
64276	蕗蕎	1	530401	100.008289
64277	蕹菜	1	530402	100.008478
64278	蟄伏	1	530403	100.008667
64279	蟄居	1	530404	100.008856
64280	螽蟲	1	530405	100.009045
64281	襁褓	1	530406	100.009234
64282	蹓狗	1	530407	100.009423
64283	蹓躂	1	530408	100.009612
64284	鎯鐺入獄	1	530409	100.009801
64285	鍘美案	1	530410	100.009990
64286	瀦水	1	530411	100.010179
64287	癤子	1	530412	100.010368
64288	謳歌	1	530413	100.010557
64289	謾罵	1	530414	100.010746
64290	蹩腳	1	530415	100.010935
64291	轇轕	1	530416	100.011124
64292	鎌倉	1	530417	100.011313
64293	鎌倉美術館	1	530418	100.011502
64294	鎧甲	1	530419	100.011691
64295	髀體	1	530420	100.011880
64296	鯁住	1	530421	100.012069
64297	鼩鼱	1	530422	100.012258
64298	覈查	1	530423	100.012447
64299	黼黻	1	530424	100.012636
64300	繾綣	1	530425	100.012825
64301	蘄州鎮	1	530426	100.013014
64302	鐐銬	1	530427	100.013203
64303	饌品	1	530428	100.013392
64304	饋贈	1	530429	100.013581
64305	鰒炙	1	530430	100.013770
64306	儺俗	1	530431	100.013959
64307	灃縣	1	530432	100.014148
64308	酆都	1	530433	100.014337
64309	飆鱒	1	530434	100.014526
64310	鶼鰈情深	1	530435	100.014715
64311	鶻里	1	530436	100.014904
64312	鶹鷅	1	530437	100.015093
64313	攢錢	1	530438	100.015282
64314	灕江	1	530439	100.015471
64315	鱈魚	1	530440	100.015660
64316	鰹魚	1	530441	100.015849
64317	鰲首	1	530442	100.016038
64318	鰲頭	1	530443	100.016227
64319	欒樹	1	530444	100.016416
64320	讌宴	1	530445	100.016605
64321	囍上加喜	1	530446	100.016794
64322	囍餅	1	530447	100.016983
64323	臠割	1	530448	100.017172
64324	靉靉	1	530449	100.017361
64325	蠼螋	1	530450	100.017550
64327	顳葉	1	530451	100.017739
64326	碁佳公司	1	530452	100.017928
